-999	"MyLake init"
Z (m)	Az (m2)	Tz (deg C)	Cz	Sz (kg/m3)	TPz (mg/m3)	DOPz (mg/m3)	Chlaz (mg/m3)	DOCz (mg/m3)	TPz_sed (mg/m3)	Chlaz_sed (mg/m3)	"Fvol_IM (m3/m3	 dry w.)"	Hice (m)	Hsnow (m)
0.00	1449806	4	0	0	0	0	0	0	0	0	0	0	0
0.10	1447941	4	0	0	0	0	0	0	0	0	0
0.20	1446060	4	0	0	0	0	0	0	0	0	0
0.30	1444162	4	0	0	0	0	0	0	0	0	0
0.40	1442248	4	0	0	0	0	0	0	0	0	0
0.50	1440317	4	0	0	0	0	0	0	0	0	0
0.60	1438369	4	0	0	0	0	0	0	0	0	0
0.70	1436403	4	0	0	0	0	0	0	0	0	0
0.80	1434420	4	0	0	0	0	0	0	0	0	0
0.90	1432418	4	0	0	0	0	0	0	0	0	0
1.00	1430398	4	0	0	0	0	0	0	0	0	0
1.10	1428358	4	0	0	0	0	0	0	0	0	0
1.20	1426300	4	0	0	0	0	0	0	0	0	0
1.30	1424221	4	0	0	0	0	0	0	0	0	0
1.40	1422123	4	0	0	0	0	0	0	0	0	0
1.50	1420004	4	0	0	0	0	0	0	0	0	0
1.60	1417864	4	0	0	0	0	0	0	0	0	0
1.70	1415702	4	0	0	0	0	0	0	0	0	0
1.80	1413519	4	0	0	0	0	0	0	0	0	0
1.90	1411313	4	0	0	0	0	0	0	0	0	0
2.00	1409084	4	0	0	0	0	0	0	0	0	0
2.10	1406831	4	0	0	0	0	0	0	0	0	0
2.20	1404555	4	0	0	0	0	0	0	0	0	0
2.30	1402254	4	0	0	0	0	0	0	0	0	0
2.40	1399928	4	0	0	0	0	0	0	0	0	0
2.50	1397577	4	0	0	0	0	0	0	0	0	0
2.60	1395198	4	0	0	0	0	0	0	0	0	0
2.70	1392793	4	0	0	0	0	0	0	0	0	0
2.80	1390361	4	0	0	0	0	0	0	0	0	0
2.90	1387900	4	0	0	0	0	0	0	0	0	0
3.00	1385410	4	0	0	0	0	0	0	0	0	0
3.10	1382890	4	0	0	0	0	0	0	0	0	0
3.20	1380340	4	0	0	0	0	0	0	0	0	0
3.30	1377758	4	0	0	0	0	0	0	0	0	0
3.40	1375144	4	0	0	0	0	0	0	0	0	0
3.50	1372497	4	0	0	0	0	0	0	0	0	0
3.60	1369815	4	0	0	0	0	0	0	0	0	0
3.70	1367099	4	0	0	0	0	0	0	0	0	0
3.80	1364347	4	0	0	0	0	0	0	0	0	0
3.90	1361558	4	0	0	0	0	0	0	0	0	0
4.00	1358731	4	0	0	0	0	0	0	0	0	0
4.10	1355864	4	0	0	0	0	0	0	0	0	0
4.20	1352957	4	0	0	0	0	0	0	0	0	0
4.30	1350008	4	0	0	0	0	0	0	0	0	0
4.40	1347017	4	0	0	0	0	0	0	0	0	0
4.50	1343981	4	0	0	0	0	0	0	0	0	0
4.60	1340899	4	0	0	0	0	0	0	0	0	0
4.70	1337769	4	0	0	0	0	0	0	0	0	0
4.80	1334591	4	0	0	0	0	0	0	0	0	0
4.90	1331362	4	0	0	0	0	0	0	0	0	0
5.00	1328081	4	0	0	0	0	0	0	0	0	0
5.10	1324746	4	0	0	0	0	0	0	0	0	0
5.20	1321354	4	0	0	0	0	0	0	0	0	0
5.30	1317905	4	0	0	0	0	0	0	0	0	0
5.40	1314394	4	0	0	0	0	0	0	0	0	0
5.50	1310821	4	0	0	0	0	0	0	0	0	0
5.60	1307183	4	0	0	0	0	0	0	0	0	0
5.70	1303477	4	0	0	0	0	0	0	0	0	0
5.80	1299700	4	0	0	0	0	0	0	0	0	0
5.90	1295849	4	0	0	0	0	0	0	0	0	0
6.00	1291922	4	0	0	0	0	0	0	0	0	0
6.10	1287914	4	0	0	0	0	0	0	0	0	0
6.20	1283823	4	0	0	0	0	0	0	0	0	0
6.30	1279644	4	0	0	0	0	0	0	0	0	0
6.40	1275373	4	0	0	0	0	0	0	0	0	0
6.50	1271006	4	0	0	0	0	0	0	0	0	0
6.60	1266538	4	0	0	0	0	0	0	0	0	0
6.70	1261964	4	0	0	0	0	0	0	0	0	0
6.80	1257278	4	0	0	0	0	0	0	0	0	0
6.90	1252474	4	0	0	0	0	0	0	0	0	0
7.00	1247546	4	0	0	0	0	0	0	0	0	0
7.10	1242486	4	0	0	0	0	0	0	0	0	0
7.20	1237287	4	0	0	0	0	0	0	0	0	0
7.30	1231940	4	0	0	0	0	0	0	0	0	0
7.40	1226436	4	0	0	0	0	0	0	0	0	0
7.50	1220764	4	0	0	0	0	0	0	0	0	0
7.60	1214914	4	0	0	0	0	0	0	0	0	0
7.70	1208872	4	0	0	0	0	0	0	0	0	0
7.80	1202624	4	0	0	0	0	0	0	0	0	0
7.90	1196155	4	0	0	0	0	0	0	0	0	0
8.00	1189447	4	0	0	0	0	0	0	0	0	0
8.10	1182481	4	0	0	0	0	0	0	0	0	0
8.20	1175234	4	0	0	0	0	0	0	0	0	0
8.30	1167680	4	0	0	0	0	0	0	0	0	0
8.40	1159790	4	0	0	0	0	0	0	0	0	0
8.50	1151531	4	0	0	0	0	0	0	0	0	0
8.60	1142862	4	0	0	0	0	0	0	0	0	0
8.70	1133737	4	0	0	0	0	0	0	0	0	0
8.80	1124102	4	0	0	0	0	0	0	0	0	0
8.90	1113891	4	0	0	0	0	0	0	0	0	0
9.00	1103024	4	0	0	0	0	0	0	0	0	0
9.10	1091403	4	0	0	0	0	0	0	0	0	0
9.20	1078906	4	0	0	0	0	0	0	0	0	0
9.30	1065376	4	0	0	0	0	0	0	0	0	0
9.40	1050612	4	0	0	0	0	0	0	0	0	0
9.50	1034341	4	0	0	0	0	0	0	0	0	0
9.60	1016188	4	0	0	0	0	0	0	0	0	0
9.70	995611	4	0	0	0	0	0	0	0	0	0
9.80	971785	4	0	0	0	0	0	0	0	0	0
9.90	943355	4	0	0	0	0	0	0	0	0	0
10.00	907836	4	0	0	0	0	0	0	0	0	0
10.10	859811	4	0	0	0	0	0	0	0	0	0
10.20	782623	4	0	0	0	0	0	0	0	0	0
10.30	0	4	0	0	0	0	0	0	0	0	0