-999	"MyLake init"
Z (m)	Az (m2)	Tz (deg C)	Cz	Sz (kg/m3)	TPz (mg/m3)	DOPz (mg/m3)	Chlaz (mg/m3)	DOCz (mg/m3)	TPz_sed (mg/m3)	Chlaz_sed (mg/m3)	"Fvol_IM (m3/m3	 dry w.)"	Hice (m)	Hsnow (m)
0.00	27164788	4	0	0	0	0	0	0	0	0	0	0	0
0.10	27091611	4	0	0	0	0	0	0	0	0	0
0.20	27018354	4	0	0	0	0	0	0	0	0	0
0.30	26945015	4	0	0	0	0	0	0	0	0	0
0.40	26871595	4	0	0	0	0	0	0	0	0	0
0.50	26798092	4	0	0	0	0	0	0	0	0	0
0.60	26724507	4	0	0	0	0	0	0	0	0	0
0.70	26650839	4	0	0	0	0	0	0	0	0	0
0.80	26577088	4	0	0	0	0	0	0	0	0	0
0.90	26503253	4	0	0	0	0	0	0	0	0	0
1.00	26429334	4	0	0	0	0	0	0	0	0	0
1.10	26355330	4	0	0	0	0	0	0	0	0	0
1.20	26281242	4	0	0	0	0	0	0	0	0	0
1.30	26207068	4	0	0	0	0	0	0	0	0	0
1.40	26132808	4	0	0	0	0	0	0	0	0	0
1.50	26058461	4	0	0	0	0	0	0	0	0	0
1.60	25984028	4	0	0	0	0	0	0	0	0	0
1.70	25909508	4	0	0	0	0	0	0	0	0	0
1.80	25834900	4	0	0	0	0	0	0	0	0	0
1.90	25760204	4	0	0	0	0	0	0	0	0	0
2.00	25685419	4	0	0	0	0	0	0	0	0	0
2.10	25610545	4	0	0	0	0	0	0	0	0	0
2.20	25535581	4	0	0	0	0	0	0	0	0	0
2.30	25460528	4	0	0	0	0	0	0	0	0	0
2.40	25385384	4	0	0	0	0	0	0	0	0	0
2.50	25310149	4	0	0	0	0	0	0	0	0	0
2.60	25234822	4	0	0	0	0	0	0	0	0	0
2.70	25159403	4	0	0	0	0	0	0	0	0	0
2.80	25083892	4	0	0	0	0	0	0	0	0	0
2.90	25008288	4	0	0	0	0	0	0	0	0	0
3.00	24932591	4	0	0	0	0	0	0	0	0	0
3.10	24856799	4	0	0	0	0	0	0	0	0	0
3.20	24780913	4	0	0	0	0	0	0	0	0	0
3.30	24704932	4	0	0	0	0	0	0	0	0	0
3.40	24628855	4	0	0	0	0	0	0	0	0	0
3.50	24552682	4	0	0	0	0	0	0	0	0	0
3.60	24476412	4	0	0	0	0	0	0	0	0	0
3.70	24400045	4	0	0	0	0	0	0	0	0	0
3.80	24323580	4	0	0	0	0	0	0	0	0	0
3.90	24247017	4	0	0	0	0	0	0	0	0	0
4.00	24170355	4	0	0	0	0	0	0	0	0	0
4.10	24093593	4	0	0	0	0	0	0	0	0	0
4.20	24016732	4	0	0	0	0	0	0	0	0	0
4.30	23939769	4	0	0	0	0	0	0	0	0	0
4.40	23862706	4	0	0	0	0	0	0	0	0	0
4.50	23785540	4	0	0	0	0	0	0	0	0	0
4.60	23708273	4	0	0	0	0	0	0	0	0	0
4.70	23630902	4	0	0	0	0	0	0	0	0	0
4.80	23553427	4	0	0	0	0	0	0	0	0	0
4.90	23475848	4	0	0	0	0	0	0	0	0	0
5.00	23398165	4	0	0	0	0	0	0	0	0	0
5.10	23320375	4	0	0	0	0	0	0	0	0	0
5.20	23242480	4	0	0	0	0	0	0	0	0	0
5.30	23164478	4	0	0	0	0	0	0	0	0	0
5.40	23086368	4	0	0	0	0	0	0	0	0	0
5.50	23008150	4	0	0	0	0	0	0	0	0	0
5.60	22929823	4	0	0	0	0	0	0	0	0	0
5.70	22851387	4	0	0	0	0	0	0	0	0	0
5.80	22772840	4	0	0	0	0	0	0	0	0	0
5.90	22694183	4	0	0	0	0	0	0	0	0	0
6.00	22615414	4	0	0	0	0	0	0	0	0	0
6.10	22536533	4	0	0	0	0	0	0	0	0	0
6.20	22457539	4	0	0	0	0	0	0	0	0	0
6.30	22378431	4	0	0	0	0	0	0	0	0	0
6.40	22299209	4	0	0	0	0	0	0	0	0	0
6.50	22219871	4	0	0	0	0	0	0	0	0	0
6.60	22140418	4	0	0	0	0	0	0	0	0	0
6.70	22060848	4	0	0	0	0	0	0	0	0	0
6.80	21981160	4	0	0	0	0	0	0	0	0	0
6.90	21901355	4	0	0	0	0	0	0	0	0	0
7.00	21821430	4	0	0	0	0	0	0	0	0	0
7.10	21741385	4	0	0	0	0	0	0	0	0	0
7.20	21661220	4	0	0	0	0	0	0	0	0	0
7.30	21580933	4	0	0	0	0	0	0	0	0	0
7.40	21500524	4	0	0	0	0	0	0	0	0	0
7.50	21419993	4	0	0	0	0	0	0	0	0	0
7.60	21339337	4	0	0	0	0	0	0	0	0	0
7.70	21258556	4	0	0	0	0	0	0	0	0	0
7.80	21177650	4	0	0	0	0	0	0	0	0	0
7.90	21096617	4	0	0	0	0	0	0	0	0	0
8.00	21015457	4	0	0	0	0	0	0	0	0	0
8.10	20934168	4	0	0	0	0	0	0	0	0	0
8.20	20852750	4	0	0	0	0	0	0	0	0	0
8.30	20771203	4	0	0	0	0	0	0	0	0	0
8.40	20689524	4	0	0	0	0	0	0	0	0	0
8.50	20607713	4	0	0	0	0	0	0	0	0	0
8.60	20525769	4	0	0	0	0	0	0	0	0	0
8.70	20443691	4	0	0	0	0	0	0	0	0	0
8.80	20361479	4	0	0	0	0	0	0	0	0	0
8.90	20279130	4	0	0	0	0	0	0	0	0	0
9.00	20196645	4	0	0	0	0	0	0	0	0	0
9.10	20114022	4	0	0	0	0	0	0	0	0	0
9.20	20031260	4	0	0	0	0	0	0	0	0	0
9.30	19948357	4	0	0	0	0	0	0	0	0	0
9.40	19865314	4	0	0	0	0	0	0	0	0	0
9.50	19782129	4	0	0	0	0	0	0	0	0	0
9.60	19698800	4	0	0	0	0	0	0	0	0	0
9.70	19615328	4	0	0	0	0	0	0	0	0	0
9.80	19531709	4	0	0	0	0	0	0	0	0	0
9.90	19447945	4	0	0	0	0	0	0	0	0	0
10.00	19364032	4	0	0	0	0	0	0	0	0	0
10.10	19279971	4	0	0	0	0	0	0	0	0	0
10.20	19195759	4	0	0	0	0	0	0	0	0	0
10.30	19111397	4	0	0	0	0	0	0	0	0	0
10.40	19026882	4	0	0	0	0	0	0	0	0	0
10.50	18942213	4	0	0	0	0	0	0	0	0	0
10.60	18857389	4	0	0	0	0	0	0	0	0	0
10.70	18772409	4	0	0	0	0	0	0	0	0	0
10.80	18687272	4	0	0	0	0	0	0	0	0	0
10.90	18601976	4	0	0	0	0	0	0	0	0	0
11.00	18516519	4	0	0	0	0	0	0	0	0	0
11.10	18430902	4	0	0	0	0	0	0	0	0	0
11.20	18345121	4	0	0	0	0	0	0	0	0	0
11.30	18259176	4	0	0	0	0	0	0	0	0	0
11.40	18173065	4	0	0	0	0	0	0	0	0	0
11.50	18086788	4	0	0	0	0	0	0	0	0	0
11.60	18000342	4	0	0	0	0	0	0	0	0	0
11.70	17913726	4	0	0	0	0	0	0	0	0	0
11.80	17826938	4	0	0	0	0	0	0	0	0	0
11.90	17739977	4	0	0	0	0	0	0	0	0	0
12.00	17652842	4	0	0	0	0	0	0	0	0	0
12.10	17565531	4	0	0	0	0	0	0	0	0	0
12.20	17478042	4	0	0	0	0	0	0	0	0	0
12.30	17390373	4	0	0	0	0	0	0	0	0	0
12.40	17302524	4	0	0	0	0	0	0	0	0	0
12.50	17214492	4	0	0	0	0	0	0	0	0	0
12.60	17126276	4	0	0	0	0	0	0	0	0	0
12.70	17037873	4	0	0	0	0	0	0	0	0	0
12.80	16949283	4	0	0	0	0	0	0	0	0	0
12.90	16860503	4	0	0	0	0	0	0	0	0	0
13.00	16771532	4	0	0	0	0	0	0	0	0	0
13.10	16682367	4	0	0	0	0	0	0	0	0	0
13.20	16593007	4	0	0	0	0	0	0	0	0	0
13.30	16503450	4	0	0	0	0	0	0	0	0	0
13.40	16413694	4	0	0	0	0	0	0	0	0	0
13.50	16323737	4	0	0	0	0	0	0	0	0	0
13.60	16233577	4	0	0	0	0	0	0	0	0	0
13.70	16143212	4	0	0	0	0	0	0	0	0	0
13.80	16052640	4	0	0	0	0	0	0	0	0	0
13.90	15961858	4	0	0	0	0	0	0	0	0	0
14.00	15870865	4	0	0	0	0	0	0	0	0	0
14.10	15779658	4	0	0	0	0	0	0	0	0	0
14.20	15688235	4	0	0	0	0	0	0	0	0	0
14.30	15596594	4	0	0	0	0	0	0	0	0	0
14.40	15504732	4	0	0	0	0	0	0	0	0	0
14.50	15412648	4	0	0	0	0	0	0	0	0	0
14.60	15320338	4	0	0	0	0	0	0	0	0	0
14.70	15227800	4	0	0	0	0	0	0	0	0	0
14.80	15135032	4	0	0	0	0	0	0	0	0	0
14.90	15042031	4	0	0	0	0	0	0	0	0	0
15.00	14948794	4	0	0	0	0	0	0	0	0	0
15.10	14855319	4	0	0	0	0	0	0	0	0	0
15.20	14761603	4	0	0	0	0	0	0	0	0	0
15.30	14667643	4	0	0	0	0	0	0	0	0	0
15.40	14573437	4	0	0	0	0	0	0	0	0	0
15.50	14478981	4	0	0	0	0	0	0	0	0	0
15.60	14384272	4	0	0	0	0	0	0	0	0	0
15.70	14289308	4	0	0	0	0	0	0	0	0	0
15.80	14194086	4	0	0	0	0	0	0	0	0	0
15.90	14098602	4	0	0	0	0	0	0	0	0	0
16.00	14002852	4	0	0	0	0	0	0	0	0	0
16.10	13906835	4	0	0	0	0	0	0	0	0	0
16.20	13810545	4	0	0	0	0	0	0	0	0	0
16.30	13713981	4	0	0	0	0	0	0	0	0	0
16.40	13617138	4	0	0	0	0	0	0	0	0	0
16.50	13520012	4	0	0	0	0	0	0	0	0	0
16.60	13422601	4	0	0	0	0	0	0	0	0	0
16.70	13324900	4	0	0	0	0	0	0	0	0	0
16.80	13226905	4	0	0	0	0	0	0	0	0	0
16.90	13128613	4	0	0	0	0	0	0	0	0	0
17.00	13030019	4	0	0	0	0	0	0	0	0	0
17.10	12931119	4	0	0	0	0	0	0	0	0	0
17.20	12831909	4	0	0	0	0	0	0	0	0	0
17.30	12732384	4	0	0	0	0	0	0	0	0	0
17.40	12632541	4	0	0	0	0	0	0	0	0	0
17.50	12532374	4	0	0	0	0	0	0	0	0	0
17.60	12431879	4	0	0	0	0	0	0	0	0	0
17.70	12331051	4	0	0	0	0	0	0	0	0	0
17.80	12229884	4	0	0	0	0	0	0	0	0	0
17.90	12128375	4	0	0	0	0	0	0	0	0	0
18.00	12026517	4	0	0	0	0	0	0	0	0	0
18.10	11924305	4	0	0	0	0	0	0	0	0	0
18.20	11821735	4	0	0	0	0	0	0	0	0	0
18.30	11718799	4	0	0	0	0	0	0	0	0	0
18.40	11615492	4	0	0	0	0	0	0	0	0	0
18.50	11511808	4	0	0	0	0	0	0	0	0	0
18.60	11407742	4	0	0	0	0	0	0	0	0	0
18.70	11303286	4	0	0	0	0	0	0	0	0	0
18.80	11198434	4	0	0	0	0	0	0	0	0	0
18.90	11093179	4	0	0	0	0	0	0	0	0	0
19.00	10987514	4	0	0	0	0	0	0	0	0	0
19.10	10881433	4	0	0	0	0	0	0	0	0	0
19.20	10774927	4	0	0	0	0	0	0	0	0	0
19.30	10667989	4	0	0	0	0	0	0	0	0	0
19.40	10560612	4	0	0	0	0	0	0	0	0	0
19.50	10452786	4	0	0	0	0	0	0	0	0	0
19.60	10344504	4	0	0	0	0	0	0	0	0	0
19.70	10235757	4	0	0	0	0	0	0	0	0	0
19.80	10126535	4	0	0	0	0	0	0	0	0	0
19.90	10016830	4	0	0	0	0	0	0	0	0	0
20.00	9906632	4	0	0	0	0	0	0	0	0	0
20.10	9795930	4	0	0	0	0	0	0	0	0	0
20.20	9684715	4	0	0	0	0	0	0	0	0	0
20.30	9572975	4	0	0	0	0	0	0	0	0	0
20.40	9460700	4	0	0	0	0	0	0	0	0	0
20.50	9347878	4	0	0	0	0	0	0	0	0	0
20.60	9234496	4	0	0	0	0	0	0	0	0	0
20.70	9120543	4	0	0	0	0	0	0	0	0	0
20.80	9006004	4	0	0	0	0	0	0	0	0	0
20.90	8890868	4	0	0	0	0	0	0	0	0	0
21.00	8775118	4	0	0	0	0	0	0	0	0	0
21.10	8658742	4	0	0	0	0	0	0	0	0	0
21.20	8541722	4	0	0	0	0	0	0	0	0	0
21.30	8424044	4	0	0	0	0	0	0	0	0	0
21.40	8305690	4	0	0	0	0	0	0	0	0	0
21.50	8186643	4	0	0	0	0	0	0	0	0	0
21.60	8066884	4	0	0	0	0	0	0	0	0	0
21.70	7946394	4	0	0	0	0	0	0	0	0	0
21.80	7825153	4	0	0	0	0	0	0	0	0	0
21.90	7703139	4	0	0	0	0	0	0	0	0	0
22.00	7580330	4	0	0	0	0	0	0	0	0	0
22.10	7456702	4	0	0	0	0	0	0	0	0	0
22.20	7332232	4	0	0	0	0	0	0	0	0	0
22.30	7206891	4	0	0	0	0	0	0	0	0	0
22.40	7080653	4	0	0	0	0	0	0	0	0	0
22.50	6953489	4	0	0	0	0	0	0	0	0	0
22.60	6825367	4	0	0	0	0	0	0	0	0	0
22.70	6696255	4	0	0	0	0	0	0	0	0	0
22.80	6566117	4	0	0	0	0	0	0	0	0	0
22.90	6434916	4	0	0	0	0	0	0	0	0	0
23.00	6302613	4	0	0	0	0	0	0	0	0	0
23.10	6169164	4	0	0	0	0	0	0	0	0	0
23.20	6034526	4	0	0	0	0	0	0	0	0	0
23.30	5898648	4	0	0	0	0	0	0	0	0	0
23.40	5761479	4	0	0	0	0	0	0	0	0	0
23.50	5622962	4	0	0	0	0	0	0	0	0	0
23.60	5483036	4	0	0	0	0	0	0	0	0	0
23.70	5341635	4	0	0	0	0	0	0	0	0	0
23.80	5198688	4	0	0	0	0	0	0	0	0	0
23.90	5054116	4	0	0	0	0	0	0	0	0	0
24.00	4907833	4	0	0	0	0	0	0	0	0	0
24.10	4759746	4	0	0	0	0	0	0	0	0	0
24.20	4609751	4	0	0	0	0	0	0	0	0	0
24.30	4457735	4	0	0	0	0	0	0	0	0	0
24.40	4303569	4	0	0	0	0	0	0	0	0	0
24.50	4147112	4	0	0	0	0	0	0	0	0	0
24.60	3988204	4	0	0	0	0	0	0	0	0	0
24.70	3826664	4	0	0	0	0	0	0	0	0	0
24.80	3662288	4	0	0	0	0	0	0	0	0	0
24.90	3494838	4	0	0	0	0	0	0	0	0	0
25.00	3324041	4	0	0	0	0	0	0	0	0	0
25.10	3149579	4	0	0	0	0	0	0	0	0	0
25.20	2971072	4	0	0	0	0	0	0	0	0	0
25.30	2788067	4	0	0	0	0	0	0	0	0	0
25.40	2600012	4	0	0	0	0	0	0	0	0	0
25.50	2406219	4	0	0	0	0	0	0	0	0	0
25.60	2205819	4	0	0	0	0	0	0	0	0	0
25.70	1997671	4	0	0	0	0	0	0	0	0	0
25.80	1780236	4	0	0	0	0	0	0	0	0	0
25.90	1551323	4	0	0	0	0	0	0	0	0	0
26.00	1307616	4	0	0	0	0	0	0	0	0	0
26.10	1043581	4	0	0	0	0	0	0	0	0	0
26.20	748375	4	0	0	0	0	0	0	0	0	0
26.30	392286	4	0	0	0	0	0	0	0	0	0
26.37	0	4	0	0	0	0	0	0	0	0	0