-999	"MyLake init"
Z (m)	Az (m2)	Tz (deg C)	Cz	Sz (kg/m3)	TPz (mg/m3)	DOPz (mg/m3)	Chlaz (mg/m3)	DOCz (mg/m3)	TPz_sed (mg/m3)	Chlaz_sed (mg/m3)	"Fvol_IM (m3/m3	 dry w.)"	Hice (m)	Hsnow (m)
0.00	13811705	4	0	0	0	0	0	0	0	0	0	0	0
0.10	13766856	4	0	0	0	0	0	0	0	0	0
0.20	13721968	4	0	0	0	0	0	0	0	0	0
0.30	13677041	4	0	0	0	0	0	0	0	0	0
0.40	13632074	4	0	0	0	0	0	0	0	0	0
0.50	13587069	4	0	0	0	0	0	0	0	0	0
0.60	13542024	4	0	0	0	0	0	0	0	0	0
0.70	13496940	4	0	0	0	0	0	0	0	0	0
0.80	13451815	4	0	0	0	0	0	0	0	0	0
0.90	13406651	4	0	0	0	0	0	0	0	0	0
1.00	13361446	4	0	0	0	0	0	0	0	0	0
1.10	13316200	4	0	0	0	0	0	0	0	0	0
1.20	13270914	4	0	0	0	0	0	0	0	0	0
1.30	13225587	4	0	0	0	0	0	0	0	0	0
1.40	13180219	4	0	0	0	0	0	0	0	0	0
1.50	13134810	4	0	0	0	0	0	0	0	0	0
1.60	13089359	4	0	0	0	0	0	0	0	0	0
1.70	13043866	4	0	0	0	0	0	0	0	0	0
1.80	12998331	4	0	0	0	0	0	0	0	0	0
1.90	12952754	4	0	0	0	0	0	0	0	0	0
2.00	12907135	4	0	0	0	0	0	0	0	0	0
2.10	12861473	4	0	0	0	0	0	0	0	0	0
2.20	12815768	4	0	0	0	0	0	0	0	0	0
2.30	12770019	4	0	0	0	0	0	0	0	0	0
2.40	12724228	4	0	0	0	0	0	0	0	0	0
2.50	12678392	4	0	0	0	0	0	0	0	0	0
2.60	12632513	4	0	0	0	0	0	0	0	0	0
2.70	12586590	4	0	0	0	0	0	0	0	0	0
2.80	12540622	4	0	0	0	0	0	0	0	0	0
2.90	12494610	4	0	0	0	0	0	0	0	0	0
3.00	12448553	4	0	0	0	0	0	0	0	0	0
3.10	12402450	4	0	0	0	0	0	0	0	0	0
3.20	12356303	4	0	0	0	0	0	0	0	0	0
3.30	12310109	4	0	0	0	0	0	0	0	0	0
3.40	12263870	4	0	0	0	0	0	0	0	0	0
3.50	12217585	4	0	0	0	0	0	0	0	0	0
3.60	12171253	4	0	0	0	0	0	0	0	0	0
3.70	12124874	4	0	0	0	0	0	0	0	0	0
3.80	12078449	4	0	0	0	0	0	0	0	0	0
3.90	12031976	4	0	0	0	0	0	0	0	0	0
4.00	11985456	4	0	0	0	0	0	0	0	0	0
4.10	11938888	4	0	0	0	0	0	0	0	0	0
4.20	11892271	4	0	0	0	0	0	0	0	0	0
4.30	11845607	4	0	0	0	0	0	0	0	0	0
4.40	11798894	4	0	0	0	0	0	0	0	0	0
4.50	11752131	4	0	0	0	0	0	0	0	0	0
4.60	11705320	4	0	0	0	0	0	0	0	0	0
4.70	11658459	4	0	0	0	0	0	0	0	0	0
4.80	11611548	4	0	0	0	0	0	0	0	0	0
4.90	11564586	4	0	0	0	0	0	0	0	0	0
5.00	11517575	4	0	0	0	0	0	0	0	0	0
5.10	11470512	4	0	0	0	0	0	0	0	0	0
5.20	11423399	4	0	0	0	0	0	0	0	0	0
5.30	11376233	4	0	0	0	0	0	0	0	0	0
5.40	11329017	4	0	0	0	0	0	0	0	0	0
5.50	11281748	4	0	0	0	0	0	0	0	0	0
5.60	11234426	4	0	0	0	0	0	0	0	0	0
5.70	11187052	4	0	0	0	0	0	0	0	0	0
5.80	11139624	4	0	0	0	0	0	0	0	0	0
5.90	11092144	4	0	0	0	0	0	0	0	0	0
6.00	11044609	4	0	0	0	0	0	0	0	0	0
6.10	10997020	4	0	0	0	0	0	0	0	0	0
6.20	10949377	4	0	0	0	0	0	0	0	0	0
6.30	10901678	4	0	0	0	0	0	0	0	0	0
6.40	10853925	4	0	0	0	0	0	0	0	0	0
6.50	10806115	4	0	0	0	0	0	0	0	0	0
6.60	10758250	4	0	0	0	0	0	0	0	0	0
6.70	10710328	4	0	0	0	0	0	0	0	0	0
6.80	10662350	4	0	0	0	0	0	0	0	0	0
6.90	10614314	4	0	0	0	0	0	0	0	0	0
7.00	10566221	4	0	0	0	0	0	0	0	0	0
7.10	10518070	4	0	0	0	0	0	0	0	0	0
7.20	10469860	4	0	0	0	0	0	0	0	0	0
7.30	10421592	4	0	0	0	0	0	0	0	0	0
7.40	10373264	4	0	0	0	0	0	0	0	0	0
7.50	10324877	4	0	0	0	0	0	0	0	0	0
7.60	10276430	4	0	0	0	0	0	0	0	0	0
7.70	10227922	4	0	0	0	0	0	0	0	0	0
7.80	10179353	4	0	0	0	0	0	0	0	0	0
7.90	10130723	4	0	0	0	0	0	0	0	0	0
8.00	10082031	4	0	0	0	0	0	0	0	0	0
8.10	10033277	4	0	0	0	0	0	0	0	0	0
8.20	9984460	4	0	0	0	0	0	0	0	0	0
8.30	9935580	4	0	0	0	0	0	0	0	0	0
8.40	9886636	4	0	0	0	0	0	0	0	0	0
8.50	9837628	4	0	0	0	0	0	0	0	0	0
8.60	9788555	4	0	0	0	0	0	0	0	0	0
8.70	9739417	4	0	0	0	0	0	0	0	0	0
8.80	9690213	4	0	0	0	0	0	0	0	0	0
8.90	9640944	4	0	0	0	0	0	0	0	0	0
9.00	9591607	4	0	0	0	0	0	0	0	0	0
9.10	9542203	4	0	0	0	0	0	0	0	0	0
9.20	9492732	4	0	0	0	0	0	0	0	0	0
9.30	9443192	4	0	0	0	0	0	0	0	0	0
9.40	9393583	4	0	0	0	0	0	0	0	0	0
9.50	9343905	4	0	0	0	0	0	0	0	0	0
9.60	9294157	4	0	0	0	0	0	0	0	0	0
9.70	9244339	4	0	0	0	0	0	0	0	0	0
9.80	9194449	4	0	0	0	0	0	0	0	0	0
9.90	9144488	4	0	0	0	0	0	0	0	0	0
10.00	9094454	4	0	0	0	0	0	0	0	0	0
10.10	9044347	4	0	0	0	0	0	0	0	0	0
10.20	8994167	4	0	0	0	0	0	0	0	0	0
10.30	8943913	4	0	0	0	0	0	0	0	0	0
10.40	8893584	4	0	0	0	0	0	0	0	0	0
10.50	8843179	4	0	0	0	0	0	0	0	0	0
10.60	8792698	4	0	0	0	0	0	0	0	0	0
10.70	8742141	4	0	0	0	0	0	0	0	0	0
10.80	8691506	4	0	0	0	0	0	0	0	0	0
10.90	8640792	4	0	0	0	0	0	0	0	0	0
11.00	8590000	4	0	0	0	0	0	0	0	0	0
11.10	8539129	4	0	0	0	0	0	0	0	0	0
11.20	8488177	4	0	0	0	0	0	0	0	0	0
11.30	8437144	4	0	0	0	0	0	0	0	0	0
11.40	8386029	4	0	0	0	0	0	0	0	0	0
11.50	8334832	4	0	0	0	0	0	0	0	0	0
11.60	8283551	4	0	0	0	0	0	0	0	0	0
11.70	8232187	4	0	0	0	0	0	0	0	0	0
11.80	8180737	4	0	0	0	0	0	0	0	0	0
11.90	8129201	4	0	0	0	0	0	0	0	0	0
12.00	8077579	4	0	0	0	0	0	0	0	0	0
12.10	8025870	4	0	0	0	0	0	0	0	0	0
12.20	7974072	4	0	0	0	0	0	0	0	0	0
12.30	7922186	4	0	0	0	0	0	0	0	0	0
12.40	7870209	4	0	0	0	0	0	0	0	0	0
12.50	7818141	4	0	0	0	0	0	0	0	0	0
12.60	7765981	4	0	0	0	0	0	0	0	0	0
12.70	7713728	4	0	0	0	0	0	0	0	0	0
12.80	7661382	4	0	0	0	0	0	0	0	0	0
12.90	7608941	4	0	0	0	0	0	0	0	0	0
13.00	7556404	4	0	0	0	0	0	0	0	0	0
13.10	7503770	4	0	0	0	0	0	0	0	0	0
13.20	7451038	4	0	0	0	0	0	0	0	0	0
13.30	7398207	4	0	0	0	0	0	0	0	0	0
13.40	7345277	4	0	0	0	0	0	0	0	0	0
13.50	7292245	4	0	0	0	0	0	0	0	0	0
13.60	7239111	4	0	0	0	0	0	0	0	0	0
13.70	7185874	4	0	0	0	0	0	0	0	0	0
13.80	7132532	4	0	0	0	0	0	0	0	0	0
13.90	7079085	4	0	0	0	0	0	0	0	0	0
14.00	7025530	4	0	0	0	0	0	0	0	0	0
14.10	6971867	4	0	0	0	0	0	0	0	0	0
14.20	6918095	4	0	0	0	0	0	0	0	0	0
14.30	6864212	4	0	0	0	0	0	0	0	0	0
14.40	6810217	4	0	0	0	0	0	0	0	0	0
14.50	6756108	4	0	0	0	0	0	0	0	0	0
14.60	6701885	4	0	0	0	0	0	0	0	0	0
14.70	6647545	4	0	0	0	0	0	0	0	0	0
14.80	6593087	4	0	0	0	0	0	0	0	0	0
14.90	6538510	4	0	0	0	0	0	0	0	0	0
15.00	6483813	4	0	0	0	0	0	0	0	0	0
15.10	6428993	4	0	0	0	0	0	0	0	0	0
15.20	6374049	4	0	0	0	0	0	0	0	0	0
15.30	6318979	4	0	0	0	0	0	0	0	0	0
15.40	6263782	4	0	0	0	0	0	0	0	0	0
15.50	6208456	4	0	0	0	0	0	0	0	0	0
15.60	6153000	4	0	0	0	0	0	0	0	0	0
15.70	6097411	4	0	0	0	0	0	0	0	0	0
15.80	6041687	4	0	0	0	0	0	0	0	0	0
15.90	5985828	4	0	0	0	0	0	0	0	0	0
16.00	5929830	4	0	0	0	0	0	0	0	0	0
16.10	5873691	4	0	0	0	0	0	0	0	0	0
16.20	5817411	4	0	0	0	0	0	0	0	0	0
16.30	5760986	4	0	0	0	0	0	0	0	0	0
16.40	5704414	4	0	0	0	0	0	0	0	0	0
16.50	5647694	4	0	0	0	0	0	0	0	0	0
16.60	5590822	4	0	0	0	0	0	0	0	0	0
16.70	5533798	4	0	0	0	0	0	0	0	0	0
16.80	5476617	4	0	0	0	0	0	0	0	0	0
16.90	5419278	4	0	0	0	0	0	0	0	0	0
17.00	5361777	4	0	0	0	0	0	0	0	0	0
17.10	5304114	4	0	0	0	0	0	0	0	0	0
17.20	5246284	4	0	0	0	0	0	0	0	0	0
17.30	5188284	4	0	0	0	0	0	0	0	0	0
17.40	5130113	4	0	0	0	0	0	0	0	0	0
17.50	5071767	4	0	0	0	0	0	0	0	0	0
17.60	5013243	4	0	0	0	0	0	0	0	0	0
17.70	4954537	4	0	0	0	0	0	0	0	0	0
17.80	4895647	4	0	0	0	0	0	0	0	0	0
17.90	4836568	4	0	0	0	0	0	0	0	0	0
18.00	4777298	4	0	0	0	0	0	0	0	0	0
18.10	4717833	4	0	0	0	0	0	0	0	0	0
18.20	4658169	4	0	0	0	0	0	0	0	0	0
18.30	4598303	4	0	0	0	0	0	0	0	0	0
18.40	4538229	4	0	0	0	0	0	0	0	0	0
18.50	4477944	4	0	0	0	0	0	0	0	0	0
18.60	4417444	4	0	0	0	0	0	0	0	0	0
18.70	4356723	4	0	0	0	0	0	0	0	0	0
18.80	4295778	4	0	0	0	0	0	0	0	0	0
18.90	4234604	4	0	0	0	0	0	0	0	0	0
19.00	4173194	4	0	0	0	0	0	0	0	0	0
19.10	4111545	4	0	0	0	0	0	0	0	0	0
19.20	4049650	4	0	0	0	0	0	0	0	0	0
19.30	3987504	4	0	0	0	0	0	0	0	0	0
19.40	3925100	4	0	0	0	0	0	0	0	0	0
19.50	3862433	4	0	0	0	0	0	0	0	0	0
19.60	3799496	4	0	0	0	0	0	0	0	0	0
19.70	3736282	4	0	0	0	0	0	0	0	0	0
19.80	3672783	4	0	0	0	0	0	0	0	0	0
19.90	3608993	4	0	0	0	0	0	0	0	0	0
20.00	3544903	4	0	0	0	0	0	0	0	0	0
20.10	3480505	4	0	0	0	0	0	0	0	0	0
20.20	3415790	4	0	0	0	0	0	0	0	0	0
20.30	3350749	4	0	0	0	0	0	0	0	0	0
20.40	3285373	4	0	0	0	0	0	0	0	0	0
20.50	3219650	4	0	0	0	0	0	0	0	0	0
20.60	3153571	4	0	0	0	0	0	0	0	0	0
20.70	3087123	4	0	0	0	0	0	0	0	0	0
20.80	3020295	4	0	0	0	0	0	0	0	0	0
20.90	2953073	4	0	0	0	0	0	0	0	0	0
21.00	2885444	4	0	0	0	0	0	0	0	0	0
21.10	2817392	4	0	0	0	0	0	0	0	0	0
21.20	2748904	4	0	0	0	0	0	0	0	0	0
21.30	2679960	4	0	0	0	0	0	0	0	0	0
21.40	2610544	4	0	0	0	0	0	0	0	0	0
21.50	2540637	4	0	0	0	0	0	0	0	0	0
21.60	2470216	4	0	0	0	0	0	0	0	0	0
21.70	2399260	4	0	0	0	0	0	0	0	0	0
21.80	2327745	4	0	0	0	0	0	0	0	0	0
21.90	2255644	4	0	0	0	0	0	0	0	0	0
22.00	2182927	4	0	0	0	0	0	0	0	0	0
22.10	2109564	4	0	0	0	0	0	0	0	0	0
22.20	2035520	4	0	0	0	0	0	0	0	0	0
22.30	1960755	4	0	0	0	0	0	0	0	0	0
22.40	1885229	4	0	0	0	0	0	0	0	0	0
22.50	1808893	4	0	0	0	0	0	0	0	0	0
22.60	1731695	4	0	0	0	0	0	0	0	0	0
22.70	1653576	4	0	0	0	0	0	0	0	0	0
22.80	1574467	4	0	0	0	0	0	0	0	0	0
22.90	1494292	4	0	0	0	0	0	0	0	0	0
23.00	1412961	4	0	0	0	0	0	0	0	0	0
23.10	1330372	4	0	0	0	0	0	0	0	0	0
23.20	1246403	4	0	0	0	0	0	0	0	0	0
23.30	1160908	4	0	0	0	0	0	0	0	0	0
23.40	1073712	4	0	0	0	0	0	0	0	0	0
23.50	984599	4	0	0	0	0	0	0	0	0	0
23.60	893295	4	0	0	0	0	0	0	0	0	0
23.70	799447	4	0	0	0	0	0	0	0	0	0
23.80	702581	4	0	0	0	0	0	0	0	0	0
23.90	602029	4	0	0	0	0	0	0	0	0	0
24.00	496795	4	0	0	0	0	0	0	0	0	0
24.10	385237	4	0	0	0	0	0	0	0	0	0
24.20	264194	4	0	0	0	0	0	0	0	0	0
24.30	125173	4	0	0	0	0	0	0	0	0	0
24.36	0	4	0	0	0	0	0	0	0	0	0