-999	"MyLake init"
Z (m)	Az (m2)	Tz (deg C)	Cz	Sz (kg/m3)	TPz (mg/m3)	DOPz (mg/m3)	Chlaz (mg/m3)	DOCz (mg/m3)	TPz_sed (mg/m3)	Chlaz_sed (mg/m3)	"Fvol_IM (m3/m3	 dry w.)"	Hice (m)	Hsnow (m)
0.00	3793870	4	0	0	0	0	0	0	0	0	0	0	0
0.10	3784329	4	0	0	0	0	0	0	0	0	0
0.20	3774748	4	0	0	0	0	0	0	0	0	0
0.30	3765128	4	0	0	0	0	0	0	0	0	0
0.40	3755466	4	0	0	0	0	0	0	0	0	0
0.50	3745764	4	0	0	0	0	0	0	0	0	0
0.60	3736020	4	0	0	0	0	0	0	0	0	0
0.70	3726233	4	0	0	0	0	0	0	0	0	0
0.80	3716405	4	0	0	0	0	0	0	0	0	0
0.90	3706533	4	0	0	0	0	0	0	0	0	0
1.00	3696618	4	0	0	0	0	0	0	0	0	0
1.10	3686659	4	0	0	0	0	0	0	0	0	0
1.20	3676656	4	0	0	0	0	0	0	0	0	0
1.30	3666607	4	0	0	0	0	0	0	0	0	0
1.40	3656513	4	0	0	0	0	0	0	0	0	0
1.50	3646373	4	0	0	0	0	0	0	0	0	0
1.60	3636186	4	0	0	0	0	0	0	0	0	0
1.70	3625952	4	0	0	0	0	0	0	0	0	0
1.80	3615671	4	0	0	0	0	0	0	0	0	0
1.90	3605341	4	0	0	0	0	0	0	0	0	0
2.00	3594961	4	0	0	0	0	0	0	0	0	0
2.10	3584533	4	0	0	0	0	0	0	0	0	0
2.20	3574054	4	0	0	0	0	0	0	0	0	0
2.30	3563524	4	0	0	0	0	0	0	0	0	0
2.40	3552943	4	0	0	0	0	0	0	0	0	0
2.50	3542310	4	0	0	0	0	0	0	0	0	0
2.60	3531624	4	0	0	0	0	0	0	0	0	0
2.70	3520884	4	0	0	0	0	0	0	0	0	0
2.80	3510091	4	0	0	0	0	0	0	0	0	0
2.90	3499242	4	0	0	0	0	0	0	0	0	0
3.00	3488338	4	0	0	0	0	0	0	0	0	0
3.10	3477377	4	0	0	0	0	0	0	0	0	0
3.20	3466359	4	0	0	0	0	0	0	0	0	0
3.30	3455283	4	0	0	0	0	0	0	0	0	0
3.40	3444149	4	0	0	0	0	0	0	0	0	0
3.50	3432954	4	0	0	0	0	0	0	0	0	0
3.60	3421700	4	0	0	0	0	0	0	0	0	0
3.70	3410384	4	0	0	0	0	0	0	0	0	0
3.80	3399006	4	0	0	0	0	0	0	0	0	0
3.90	3387565	4	0	0	0	0	0	0	0	0	0
4.00	3376060	4	0	0	0	0	0	0	0	0	0
4.10	3364490	4	0	0	0	0	0	0	0	0	0
4.20	3352854	4	0	0	0	0	0	0	0	0	0
4.30	3341151	4	0	0	0	0	0	0	0	0	0
4.40	3329381	4	0	0	0	0	0	0	0	0	0
4.50	3317541	4	0	0	0	0	0	0	0	0	0
4.60	3305632	4	0	0	0	0	0	0	0	0	0
4.70	3293651	4	0	0	0	0	0	0	0	0	0
4.80	3281598	4	0	0	0	0	0	0	0	0	0
4.90	3269472	4	0	0	0	0	0	0	0	0	0
5.00	3257272	4	0	0	0	0	0	0	0	0	0
5.10	3244996	4	0	0	0	0	0	0	0	0	0
5.20	3232642	4	0	0	0	0	0	0	0	0	0
5.30	3220211	4	0	0	0	0	0	0	0	0	0
5.40	3207700	4	0	0	0	0	0	0	0	0	0
5.50	3195109	4	0	0	0	0	0	0	0	0	0
5.60	3182435	4	0	0	0	0	0	0	0	0	0
5.70	3169677	4	0	0	0	0	0	0	0	0	0
5.80	3156834	4	0	0	0	0	0	0	0	0	0
5.90	3143905	4	0	0	0	0	0	0	0	0	0
6.00	3130888	4	0	0	0	0	0	0	0	0	0
6.10	3117780	4	0	0	0	0	0	0	0	0	0
6.20	3104582	4	0	0	0	0	0	0	0	0	0
6.30	3091291	4	0	0	0	0	0	0	0	0	0
6.40	3077904	4	0	0	0	0	0	0	0	0	0
6.50	3064421	4	0	0	0	0	0	0	0	0	0
6.60	3050840	4	0	0	0	0	0	0	0	0	0
6.70	3037159	4	0	0	0	0	0	0	0	0	0
6.80	3023375	4	0	0	0	0	0	0	0	0	0
6.90	3009487	4	0	0	0	0	0	0	0	0	0
7.00	2995493	4	0	0	0	0	0	0	0	0	0
7.10	2981390	4	0	0	0	0	0	0	0	0	0
7.20	2967177	4	0	0	0	0	0	0	0	0	0
7.30	2952851	4	0	0	0	0	0	0	0	0	0
7.40	2938409	4	0	0	0	0	0	0	0	0	0
7.50	2923850	4	0	0	0	0	0	0	0	0	0
7.60	2909170	4	0	0	0	0	0	0	0	0	0
7.70	2894367	4	0	0	0	0	0	0	0	0	0
7.80	2879438	4	0	0	0	0	0	0	0	0	0
7.90	2864381	4	0	0	0	0	0	0	0	0	0
8.00	2849193	4	0	0	0	0	0	0	0	0	0
8.10	2833870	4	0	0	0	0	0	0	0	0	0
8.20	2818410	4	0	0	0	0	0	0	0	0	0
8.30	2802808	4	0	0	0	0	0	0	0	0	0
8.40	2787062	4	0	0	0	0	0	0	0	0	0
8.50	2771169	4	0	0	0	0	0	0	0	0	0
8.60	2755124	4	0	0	0	0	0	0	0	0	0
8.70	2738923	4	0	0	0	0	0	0	0	0	0
8.80	2722564	4	0	0	0	0	0	0	0	0	0
8.90	2706040	4	0	0	0	0	0	0	0	0	0
9.00	2689349	4	0	0	0	0	0	0	0	0	0
9.10	2672486	4	0	0	0	0	0	0	0	0	0
9.20	2655446	4	0	0	0	0	0	0	0	0	0
9.30	2638224	4	0	0	0	0	0	0	0	0	0
9.40	2620814	4	0	0	0	0	0	0	0	0	0
9.50	2603213	4	0	0	0	0	0	0	0	0	0
9.60	2585413	4	0	0	0	0	0	0	0	0	0
9.70	2567409	4	0	0	0	0	0	0	0	0	0
9.80	2549194	4	0	0	0	0	0	0	0	0	0
9.90	2530763	4	0	0	0	0	0	0	0	0	0
10.00	2512108	4	0	0	0	0	0	0	0	0	0
10.10	2493223	4	0	0	0	0	0	0	0	0	0
10.20	2474099	4	0	0	0	0	0	0	0	0	0
10.30	2454728	4	0	0	0	0	0	0	0	0	0
10.40	2435102	4	0	0	0	0	0	0	0	0	0
10.50	2415213	4	0	0	0	0	0	0	0	0	0
10.60	2395050	4	0	0	0	0	0	0	0	0	0
10.70	2374603	4	0	0	0	0	0	0	0	0	0
10.80	2353863	4	0	0	0	0	0	0	0	0	0
10.90	2332818	4	0	0	0	0	0	0	0	0	0
11.00	2311455	4	0	0	0	0	0	0	0	0	0
11.10	2289762	4	0	0	0	0	0	0	0	0	0
11.20	2267725	4	0	0	0	0	0	0	0	0	0
11.30	2245330	4	0	0	0	0	0	0	0	0	0
11.40	2222561	4	0	0	0	0	0	0	0	0	0
11.50	2199401	4	0	0	0	0	0	0	0	0	0
11.60	2175833	4	0	0	0	0	0	0	0	0	0
11.70	2151837	4	0	0	0	0	0	0	0	0	0
11.80	2127392	4	0	0	0	0	0	0	0	0	0
11.90	2102476	4	0	0	0	0	0	0	0	0	0
12.00	2077064	4	0	0	0	0	0	0	0	0	0
12.10	2051129	4	0	0	0	0	0	0	0	0	0
12.20	2024643	4	0	0	0	0	0	0	0	0	0
12.30	1997574	4	0	0	0	0	0	0	0	0	0
12.40	1969888	4	0	0	0	0	0	0	0	0	0
12.50	1941545	4	0	0	0	0	0	0	0	0	0
12.60	1912504	4	0	0	0	0	0	0	0	0	0
12.70	1882719	4	0	0	0	0	0	0	0	0	0
12.80	1852137	4	0	0	0	0	0	0	0	0	0
12.90	1820700	4	0	0	0	0	0	0	0	0	0
13.00	1788343	4	0	0	0	0	0	0	0	0	0
13.10	1754993	4	0	0	0	0	0	0	0	0	0
13.20	1720565	4	0	0	0	0	0	0	0	0	0
13.30	1684964	4	0	0	0	0	0	0	0	0	0
13.40	1648080	4	0	0	0	0	0	0	0	0	0
13.50	1609784	4	0	0	0	0	0	0	0	0	0
13.60	1569927	4	0	0	0	0	0	0	0	0	0
13.70	1528329	4	0	0	0	0	0	0	0	0	0
13.80	1484780	4	0	0	0	0	0	0	0	0	0
13.90	1439019	4	0	0	0	0	0	0	0	0	0
14.00	1390728	4	0	0	0	0	0	0	0	0	0
14.10	1339505	4	0	0	0	0	0	0	0	0	0
14.20	1284837	4	0	0	0	0	0	0	0	0	0
14.30	1226044	4	0	0	0	0	0	0	0	0	0
14.40	1162201	4	0	0	0	0	0	0	0	0	0
14.50	1091992	4	0	0	0	0	0	0	0	0	0
14.60	1013436	4	0	0	0	0	0	0	0	0	0
14.70	923316	4	0	0	0	0	0	0	0	0	0
14.80	815752	4	0	0	0	0	0	0	0	0	0
14.90	677654	4	0	0	0	0	0	0	0	0	0
15.00	463672	4	0	0	0	0	0	0	0	0	0
15.06	0	4	0	0	0	0	0	0	0	0	0