-999	"MyLake init"
Z (m)	Az (m2)	Tz (deg C)	Cz	Sz (kg/m3)	TPz (mg/m3)	DOPz (mg/m3)	Chlaz (mg/m3)	DOCz (mg/m3)	TPz_sed (mg/m3)	Chlaz_sed (mg/m3)	"Fvol_IM (m3/m3	 dry w.)"	Hice (m)	Hsnow (m)
0.00	1103664	4	0	0	0	0	0	0	0	0	0	0	0
0.10	1096468	4	0	0	0	0	0	0	0	0	0
0.20	1089281	4	0	0	0	0	0	0	0	0	0
0.30	1082103	4	0	0	0	0	0	0	0	0	0
0.40	1074932	4	0	0	0	0	0	0	0	0	0
0.50	1067770	4	0	0	0	0	0	0	0	0	0
0.60	1060617	4	0	0	0	0	0	0	0	0	0
0.70	1053472	4	0	0	0	0	0	0	0	0	0
0.80	1046335	4	0	0	0	0	0	0	0	0	0
0.90	1039207	4	0	0	0	0	0	0	0	0	0
1.00	1032087	4	0	0	0	0	0	0	0	0	0
1.10	1024976	4	0	0	0	0	0	0	0	0	0
1.20	1017874	4	0	0	0	0	0	0	0	0	0
1.30	1010781	4	0	0	0	0	0	0	0	0	0
1.40	1003696	4	0	0	0	0	0	0	0	0	0
1.50	996620	4	0	0	0	0	0	0	0	0	0
1.60	989553	4	0	0	0	0	0	0	0	0	0
1.70	982494	4	0	0	0	0	0	0	0	0	0
1.80	975445	4	0	0	0	0	0	0	0	0	0
1.90	968404	4	0	0	0	0	0	0	0	0	0
2.00	961372	4	0	0	0	0	0	0	0	0	0
2.10	954350	4	0	0	0	0	0	0	0	0	0
2.20	947336	4	0	0	0	0	0	0	0	0	0
2.30	940332	4	0	0	0	0	0	0	0	0	0
2.40	933337	4	0	0	0	0	0	0	0	0	0
2.50	926350	4	0	0	0	0	0	0	0	0	0
2.60	919374	4	0	0	0	0	0	0	0	0	0
2.70	912406	4	0	0	0	0	0	0	0	0	0
2.80	905448	4	0	0	0	0	0	0	0	0	0
2.90	898499	4	0	0	0	0	0	0	0	0	0
3.00	891559	4	0	0	0	0	0	0	0	0	0
3.10	884630	4	0	0	0	0	0	0	0	0	0
3.20	877709	4	0	0	0	0	0	0	0	0	0
3.30	870798	4	0	0	0	0	0	0	0	0	0
3.40	863897	4	0	0	0	0	0	0	0	0	0
3.50	857005	4	0	0	0	0	0	0	0	0	0
3.60	850123	4	0	0	0	0	0	0	0	0	0
3.70	843251	4	0	0	0	0	0	0	0	0	0
3.80	836389	4	0	0	0	0	0	0	0	0	0
3.90	829536	4	0	0	0	0	0	0	0	0	0
4.00	822694	4	0	0	0	0	0	0	0	0	0
4.10	815861	4	0	0	0	0	0	0	0	0	0
4.20	809039	4	0	0	0	0	0	0	0	0	0
4.30	802226	4	0	0	0	0	0	0	0	0	0
4.40	795424	4	0	0	0	0	0	0	0	0	0
4.50	788632	4	0	0	0	0	0	0	0	0	0
4.60	781850	4	0	0	0	0	0	0	0	0	0
4.70	775079	4	0	0	0	0	0	0	0	0	0
4.80	768317	4	0	0	0	0	0	0	0	0	0
4.90	761567	4	0	0	0	0	0	0	0	0	0
5.00	754826	4	0	0	0	0	0	0	0	0	0
5.10	748097	4	0	0	0	0	0	0	0	0	0
5.20	741378	4	0	0	0	0	0	0	0	0	0
5.30	734669	4	0	0	0	0	0	0	0	0	0
5.40	727972	4	0	0	0	0	0	0	0	0	0
5.50	721285	4	0	0	0	0	0	0	0	0	0
5.60	714609	4	0	0	0	0	0	0	0	0	0
5.70	707944	4	0	0	0	0	0	0	0	0	0
5.80	701289	4	0	0	0	0	0	0	0	0	0
5.90	694646	4	0	0	0	0	0	0	0	0	0
6.00	688014	4	0	0	0	0	0	0	0	0	0
6.10	681394	4	0	0	0	0	0	0	0	0	0
6.20	674784	4	0	0	0	0	0	0	0	0	0
6.30	668186	4	0	0	0	0	0	0	0	0	0
6.40	661600	4	0	0	0	0	0	0	0	0	0
6.50	655024	4	0	0	0	0	0	0	0	0	0
6.60	648461	4	0	0	0	0	0	0	0	0	0
6.70	641909	4	0	0	0	0	0	0	0	0	0
6.80	635369	4	0	0	0	0	0	0	0	0	0
6.90	628840	4	0	0	0	0	0	0	0	0	0
7.00	622324	4	0	0	0	0	0	0	0	0	0
7.10	615819	4	0	0	0	0	0	0	0	0	0
7.20	609327	4	0	0	0	0	0	0	0	0	0
7.30	602846	4	0	0	0	0	0	0	0	0	0
7.40	596378	4	0	0	0	0	0	0	0	0	0
7.50	589922	4	0	0	0	0	0	0	0	0	0
7.60	583478	4	0	0	0	0	0	0	0	0	0
7.70	577047	4	0	0	0	0	0	0	0	0	0
7.80	570629	4	0	0	0	0	0	0	0	0	0
7.90	564223	4	0	0	0	0	0	0	0	0	0
8.00	557830	4	0	0	0	0	0	0	0	0	0
8.10	551449	4	0	0	0	0	0	0	0	0	0
8.20	545082	4	0	0	0	0	0	0	0	0	0
8.30	538728	4	0	0	0	0	0	0	0	0	0
8.40	532386	4	0	0	0	0	0	0	0	0	0
8.50	526058	4	0	0	0	0	0	0	0	0	0
8.60	519744	4	0	0	0	0	0	0	0	0	0
8.70	513442	4	0	0	0	0	0	0	0	0	0
8.80	507155	4	0	0	0	0	0	0	0	0	0
8.90	500881	4	0	0	0	0	0	0	0	0	0
9.00	494620	4	0	0	0	0	0	0	0	0	0
9.10	488374	4	0	0	0	0	0	0	0	0	0
9.20	482142	4	0	0	0	0	0	0	0	0	0
9.30	475923	4	0	0	0	0	0	0	0	0	0
9.40	469719	4	0	0	0	0	0	0	0	0	0
9.50	463530	4	0	0	0	0	0	0	0	0	0
9.60	457354	4	0	0	0	0	0	0	0	0	0
9.70	451194	4	0	0	0	0	0	0	0	0	0
9.80	445048	4	0	0	0	0	0	0	0	0	0
9.90	438917	4	0	0	0	0	0	0	0	0	0
10.00	432801	4	0	0	0	0	0	0	0	0	0
10.10	426700	4	0	0	0	0	0	0	0	0	0
10.20	420614	4	0	0	0	0	0	0	0	0	0
10.30	414544	4	0	0	0	0	0	0	0	0	0
10.40	408490	4	0	0	0	0	0	0	0	0	0
10.50	402451	4	0	0	0	0	0	0	0	0	0
10.60	396428	4	0	0	0	0	0	0	0	0	0
10.70	390421	4	0	0	0	0	0	0	0	0	0
10.80	384430	4	0	0	0	0	0	0	0	0	0
10.90	378455	4	0	0	0	0	0	0	0	0	0
11.00	372497	4	0	0	0	0	0	0	0	0	0
11.10	366556	4	0	0	0	0	0	0	0	0	0
11.20	360631	4	0	0	0	0	0	0	0	0	0
11.30	354724	4	0	0	0	0	0	0	0	0	0
11.40	348834	4	0	0	0	0	0	0	0	0	0
11.50	342961	4	0	0	0	0	0	0	0	0	0
11.60	337106	4	0	0	0	0	0	0	0	0	0
11.70	331268	4	0	0	0	0	0	0	0	0	0
11.80	325449	4	0	0	0	0	0	0	0	0	0
11.90	319648	4	0	0	0	0	0	0	0	0	0
12.00	313865	4	0	0	0	0	0	0	0	0	0
12.10	308101	4	0	0	0	0	0	0	0	0	0
12.20	302356	4	0	0	0	0	0	0	0	0	0
12.30	296630	4	0	0	0	0	0	0	0	0	0
12.40	290923	4	0	0	0	0	0	0	0	0	0
12.50	285236	4	0	0	0	0	0	0	0	0	0
12.60	279568	4	0	0	0	0	0	0	0	0	0
12.70	273921	4	0	0	0	0	0	0	0	0	0
12.80	268294	4	0	0	0	0	0	0	0	0	0
12.90	262688	4	0	0	0	0	0	0	0	0	0
13.00	257102	4	0	0	0	0	0	0	0	0	0
13.10	251538	4	0	0	0	0	0	0	0	0	0
13.20	245996	4	0	0	0	0	0	0	0	0	0
13.30	240475	4	0	0	0	0	0	0	0	0	0
13.40	234976	4	0	0	0	0	0	0	0	0	0
13.50	229500	4	0	0	0	0	0	0	0	0	0
13.60	224047	4	0	0	0	0	0	0	0	0	0
13.70	218617	4	0	0	0	0	0	0	0	0	0
13.80	213210	4	0	0	0	0	0	0	0	0	0
13.90	207828	4	0	0	0	0	0	0	0	0	0
14.00	202470	4	0	0	0	0	0	0	0	0	0
14.10	197136	4	0	0	0	0	0	0	0	0	0
14.20	191828	4	0	0	0	0	0	0	0	0	0
14.30	186546	4	0	0	0	0	0	0	0	0	0
14.40	181289	4	0	0	0	0	0	0	0	0	0
14.50	176059	4	0	0	0	0	0	0	0	0	0
14.60	170857	4	0	0	0	0	0	0	0	0	0
14.70	165682	4	0	0	0	0	0	0	0	0	0
14.80	160535	4	0	0	0	0	0	0	0	0	0
14.90	155417	4	0	0	0	0	0	0	0	0	0
15.00	150329	4	0	0	0	0	0	0	0	0	0
15.10	145270	4	0	0	0	0	0	0	0	0	0
15.20	140242	4	0	0	0	0	0	0	0	0	0
15.30	135246	4	0	0	0	0	0	0	0	0	0
15.40	130282	4	0	0	0	0	0	0	0	0	0
15.50	125351	4	0	0	0	0	0	0	0	0	0
15.60	120454	4	0	0	0	0	0	0	0	0	0
15.70	115591	4	0	0	0	0	0	0	0	0	0
15.80	110764	4	0	0	0	0	0	0	0	0	0
15.90	105974	4	0	0	0	0	0	0	0	0	0
16.00	101222	4	0	0	0	0	0	0	0	0	0
16.10	96508	4	0	0	0	0	0	0	0	0	0
16.20	91834	4	0	0	0	0	0	0	0	0	0
16.30	87202	4	0	0	0	0	0	0	0	0	0
16.40	82613	4	0	0	0	0	0	0	0	0	0
16.50	78068	4	0	0	0	0	0	0	0	0	0
16.60	73569	4	0	0	0	0	0	0	0	0	0
16.70	69117	4	0	0	0	0	0	0	0	0	0
16.80	64716	4	0	0	0	0	0	0	0	0	0
16.90	60367	4	0	0	0	0	0	0	0	0	0
17.00	56071	4	0	0	0	0	0	0	0	0	0
17.10	51833	4	0	0	0	0	0	0	0	0	0
17.20	47655	4	0	0	0	0	0	0	0	0	0
17.30	43541	4	0	0	0	0	0	0	0	0	0
17.40	39493	4	0	0	0	0	0	0	0	0	0
17.50	35517	4	0	0	0	0	0	0	0	0	0
17.60	31618	4	0	0	0	0	0	0	0	0	0
17.70	27802	4	0	0	0	0	0	0	0	0	0
17.80	24075	4	0	0	0	0	0	0	0	0	0
17.90	20448	4	0	0	0	0	0	0	0	0	0
18.00	16930	4	0	0	0	0	0	0	0	0	0
18.10	13537	4	0	0	0	0	0	0	0	0	0
18.20	10288	4	0	0	0	0	0	0	0	0	0
18.30	7212	4	0	0	0	0	0	0	0	0	0
18.40	4354	4	0	0	0	0	0	0	0	0	0
18.50	1806	4	0	0	0	0	0	0	0	0	0
18.59	0	4	0	0	0	0	0	0	0	0	0