-999	"MyLake init"
Z (m)	Az (m2)	Tz (deg C)	Cz	Sz (kg/m3)	TPz (mg/m3)	DOPz (mg/m3)	Chlaz (mg/m3)	DOCz (mg/m3)	TPz_sed (mg/m3)	Chlaz_sed (mg/m3)	"Fvol_IM (m3/m3	 dry w.)"	Hice (m)	Hsnow (m)
0.00	4534255	4	0	0	0	0	0	0	0	0	0	0	0
0.10	4515770	4	0	0	0	0	0	0	0	0	0
0.20	4497269	4	0	0	0	0	0	0	0	0	0
0.30	4478752	4	0	0	0	0	0	0	0	0	0
0.40	4460219	4	0	0	0	0	0	0	0	0	0
0.50	4441670	4	0	0	0	0	0	0	0	0	0
0.60	4423104	4	0	0	0	0	0	0	0	0	0
0.70	4404522	4	0	0	0	0	0	0	0	0	0
0.80	4385924	4	0	0	0	0	0	0	0	0	0
0.90	4367309	4	0	0	0	0	0	0	0	0	0
1.00	4348678	4	0	0	0	0	0	0	0	0	0
1.10	4330029	4	0	0	0	0	0	0	0	0	0
1.20	4311364	4	0	0	0	0	0	0	0	0	0
1.30	4292682	4	0	0	0	0	0	0	0	0	0
1.40	4273983	4	0	0	0	0	0	0	0	0	0
1.50	4255267	4	0	0	0	0	0	0	0	0	0
1.60	4236534	4	0	0	0	0	0	0	0	0	0
1.70	4217783	4	0	0	0	0	0	0	0	0	0
1.80	4199015	4	0	0	0	0	0	0	0	0	0
1.90	4180229	4	0	0	0	0	0	0	0	0	0
2.00	4161426	4	0	0	0	0	0	0	0	0	0
2.10	4142604	4	0	0	0	0	0	0	0	0	0
2.20	4123765	4	0	0	0	0	0	0	0	0	0
2.30	4104908	4	0	0	0	0	0	0	0	0	0
2.40	4086032	4	0	0	0	0	0	0	0	0	0
2.50	4067138	4	0	0	0	0	0	0	0	0	0
2.60	4048226	4	0	0	0	0	0	0	0	0	0
2.70	4029296	4	0	0	0	0	0	0	0	0	0
2.80	4010346	4	0	0	0	0	0	0	0	0	0
2.90	3991378	4	0	0	0	0	0	0	0	0	0
3.00	3972391	4	0	0	0	0	0	0	0	0	0
3.10	3953385	4	0	0	0	0	0	0	0	0	0
3.20	3934360	4	0	0	0	0	0	0	0	0	0
3.30	3915316	4	0	0	0	0	0	0	0	0	0
3.40	3896252	4	0	0	0	0	0	0	0	0	0
3.50	3877168	4	0	0	0	0	0	0	0	0	0
3.60	3858065	4	0	0	0	0	0	0	0	0	0
3.70	3838942	4	0	0	0	0	0	0	0	0	0
3.80	3819799	4	0	0	0	0	0	0	0	0	0
3.90	3800636	4	0	0	0	0	0	0	0	0	0
4.00	3781453	4	0	0	0	0	0	0	0	0	0
4.10	3762249	4	0	0	0	0	0	0	0	0	0
4.20	3743025	4	0	0	0	0	0	0	0	0	0
4.30	3723780	4	0	0	0	0	0	0	0	0	0
4.40	3704515	4	0	0	0	0	0	0	0	0	0
4.50	3685228	4	0	0	0	0	0	0	0	0	0
4.60	3665920	4	0	0	0	0	0	0	0	0	0
4.70	3646591	4	0	0	0	0	0	0	0	0	0
4.80	3627240	4	0	0	0	0	0	0	0	0	0
4.90	3607867	4	0	0	0	0	0	0	0	0	0
5.00	3588473	4	0	0	0	0	0	0	0	0	0
5.10	3569057	4	0	0	0	0	0	0	0	0	0
5.20	3549619	4	0	0	0	0	0	0	0	0	0
5.30	3530158	4	0	0	0	0	0	0	0	0	0
5.40	3510675	4	0	0	0	0	0	0	0	0	0
5.50	3491169	4	0	0	0	0	0	0	0	0	0
5.60	3471640	4	0	0	0	0	0	0	0	0	0
5.70	3452089	4	0	0	0	0	0	0	0	0	0
5.80	3432514	4	0	0	0	0	0	0	0	0	0
5.90	3412916	4	0	0	0	0	0	0	0	0	0
6.00	3393294	4	0	0	0	0	0	0	0	0	0
6.10	3373648	4	0	0	0	0	0	0	0	0	0
6.20	3353978	4	0	0	0	0	0	0	0	0	0
6.30	3334284	4	0	0	0	0	0	0	0	0	0
6.40	3314566	4	0	0	0	0	0	0	0	0	0
6.50	3294823	4	0	0	0	0	0	0	0	0	0
6.60	3275056	4	0	0	0	0	0	0	0	0	0
6.70	3255263	4	0	0	0	0	0	0	0	0	0
6.80	3235445	4	0	0	0	0	0	0	0	0	0
6.90	3215601	4	0	0	0	0	0	0	0	0	0
7.00	3195732	4	0	0	0	0	0	0	0	0	0
7.10	3175837	4	0	0	0	0	0	0	0	0	0
7.20	3155916	4	0	0	0	0	0	0	0	0	0
7.30	3135969	4	0	0	0	0	0	0	0	0	0
7.40	3115995	4	0	0	0	0	0	0	0	0	0
7.50	3095994	4	0	0	0	0	0	0	0	0	0
7.60	3075966	4	0	0	0	0	0	0	0	0	0
7.70	3055910	4	0	0	0	0	0	0	0	0	0
7.80	3035827	4	0	0	0	0	0	0	0	0	0
7.90	3015717	4	0	0	0	0	0	0	0	0	0
8.00	2995578	4	0	0	0	0	0	0	0	0	0
8.10	2975410	4	0	0	0	0	0	0	0	0	0
8.20	2955214	4	0	0	0	0	0	0	0	0	0
8.30	2934989	4	0	0	0	0	0	0	0	0	0
8.40	2914735	4	0	0	0	0	0	0	0	0	0
8.50	2894451	4	0	0	0	0	0	0	0	0	0
8.60	2874138	4	0	0	0	0	0	0	0	0	0
8.70	2853794	4	0	0	0	0	0	0	0	0	0
8.80	2833420	4	0	0	0	0	0	0	0	0	0
8.90	2813015	4	0	0	0	0	0	0	0	0	0
9.00	2792579	4	0	0	0	0	0	0	0	0	0
9.10	2772112	4	0	0	0	0	0	0	0	0	0
9.20	2751613	4	0	0	0	0	0	0	0	0	0
9.30	2731082	4	0	0	0	0	0	0	0	0	0
9.40	2710519	4	0	0	0	0	0	0	0	0	0
9.50	2689923	4	0	0	0	0	0	0	0	0	0
9.60	2669294	4	0	0	0	0	0	0	0	0	0
9.70	2648631	4	0	0	0	0	0	0	0	0	0
9.80	2627935	4	0	0	0	0	0	0	0	0	0
9.90	2607204	4	0	0	0	0	0	0	0	0	0
10.00	2586439	4	0	0	0	0	0	0	0	0	0
10.10	2565639	4	0	0	0	0	0	0	0	0	0
10.20	2544804	4	0	0	0	0	0	0	0	0	0
10.30	2523932	4	0	0	0	0	0	0	0	0	0
10.40	2503025	4	0	0	0	0	0	0	0	0	0
10.50	2482081	4	0	0	0	0	0	0	0	0	0
10.60	2461100	4	0	0	0	0	0	0	0	0	0
10.70	2440081	4	0	0	0	0	0	0	0	0	0
10.80	2419024	4	0	0	0	0	0	0	0	0	0
10.90	2397929	4	0	0	0	0	0	0	0	0	0
11.00	2376795	4	0	0	0	0	0	0	0	0	0
11.10	2355621	4	0	0	0	0	0	0	0	0	0
11.20	2334408	4	0	0	0	0	0	0	0	0	0
11.30	2313154	4	0	0	0	0	0	0	0	0	0
11.40	2291859	4	0	0	0	0	0	0	0	0	0
11.50	2270523	4	0	0	0	0	0	0	0	0	0
11.60	2249144	4	0	0	0	0	0	0	0	0	0
11.70	2227723	4	0	0	0	0	0	0	0	0	0
11.80	2206259	4	0	0	0	0	0	0	0	0	0
11.90	2184750	4	0	0	0	0	0	0	0	0	0
12.00	2163198	4	0	0	0	0	0	0	0	0	0
12.10	2141600	4	0	0	0	0	0	0	0	0	0
12.20	2119957	4	0	0	0	0	0	0	0	0	0
12.30	2098267	4	0	0	0	0	0	0	0	0	0
12.40	2076530	4	0	0	0	0	0	0	0	0	0
12.50	2054746	4	0	0	0	0	0	0	0	0	0
12.60	2032913	4	0	0	0	0	0	0	0	0	0
12.70	2011030	4	0	0	0	0	0	0	0	0	0
12.80	1989098	4	0	0	0	0	0	0	0	0	0
12.90	1967115	4	0	0	0	0	0	0	0	0	0
13.00	1945080	4	0	0	0	0	0	0	0	0	0
13.10	1922993	4	0	0	0	0	0	0	0	0	0
13.20	1900853	4	0	0	0	0	0	0	0	0	0
13.30	1878659	4	0	0	0	0	0	0	0	0	0
13.40	1856409	4	0	0	0	0	0	0	0	0	0
13.50	1834104	4	0	0	0	0	0	0	0	0	0
13.60	1811741	4	0	0	0	0	0	0	0	0	0
13.70	1789321	4	0	0	0	0	0	0	0	0	0
13.80	1766842	4	0	0	0	0	0	0	0	0	0
13.90	1744302	4	0	0	0	0	0	0	0	0	0
14.00	1721702	4	0	0	0	0	0	0	0	0	0
14.10	1699039	4	0	0	0	0	0	0	0	0	0
14.20	1676313	4	0	0	0	0	0	0	0	0	0
14.30	1653521	4	0	0	0	0	0	0	0	0	0
14.40	1630664	4	0	0	0	0	0	0	0	0	0
14.50	1607740	4	0	0	0	0	0	0	0	0	0
14.60	1584747	4	0	0	0	0	0	0	0	0	0
14.70	1561684	4	0	0	0	0	0	0	0	0	0
14.80	1538549	4	0	0	0	0	0	0	0	0	0
14.90	1515342	4	0	0	0	0	0	0	0	0	0
15.00	1492059	4	0	0	0	0	0	0	0	0	0
15.10	1468700	4	0	0	0	0	0	0	0	0	0
15.20	1445264	4	0	0	0	0	0	0	0	0	0
15.30	1421747	4	0	0	0	0	0	0	0	0	0
15.40	1398148	4	0	0	0	0	0	0	0	0	0
15.50	1374466	4	0	0	0	0	0	0	0	0	0
15.60	1350698	4	0	0	0	0	0	0	0	0	0
15.70	1326843	4	0	0	0	0	0	0	0	0	0
15.80	1302897	4	0	0	0	0	0	0	0	0	0
15.90	1278858	4	0	0	0	0	0	0	0	0	0
16.00	1254724	4	0	0	0	0	0	0	0	0	0
16.10	1230493	4	0	0	0	0	0	0	0	0	0
16.20	1206162	4	0	0	0	0	0	0	0	0	0
16.30	1181727	4	0	0	0	0	0	0	0	0	0
16.40	1157186	4	0	0	0	0	0	0	0	0	0
16.50	1132535	4	0	0	0	0	0	0	0	0	0
16.60	1107772	4	0	0	0	0	0	0	0	0	0
16.70	1082892	4	0	0	0	0	0	0	0	0	0
16.80	1057892	4	0	0	0	0	0	0	0	0	0
16.90	1032767	4	0	0	0	0	0	0	0	0	0
17.00	1007514	4	0	0	0	0	0	0	0	0	0
17.10	982127	4	0	0	0	0	0	0	0	0	0
17.20	956603	4	0	0	0	0	0	0	0	0	0
17.30	930935	4	0	0	0	0	0	0	0	0	0
17.40	905117	4	0	0	0	0	0	0	0	0	0
17.50	879145	4	0	0	0	0	0	0	0	0	0
17.60	853011	4	0	0	0	0	0	0	0	0	0
17.70	826708	4	0	0	0	0	0	0	0	0	0
17.80	800228	4	0	0	0	0	0	0	0	0	0
17.90	773564	4	0	0	0	0	0	0	0	0	0
18.00	746706	4	0	0	0	0	0	0	0	0	0
18.10	719643	4	0	0	0	0	0	0	0	0	0
18.20	692366	4	0	0	0	0	0	0	0	0	0
18.30	664862	4	0	0	0	0	0	0	0	0	0
18.40	637118	4	0	0	0	0	0	0	0	0	0
18.50	609118	4	0	0	0	0	0	0	0	0	0
18.60	580846	4	0	0	0	0	0	0	0	0	0
18.70	552282	4	0	0	0	0	0	0	0	0	0
18.80	523405	4	0	0	0	0	0	0	0	0	0
18.90	494191	4	0	0	0	0	0	0	0	0	0
19.00	464610	4	0	0	0	0	0	0	0	0	0
19.10	434629	4	0	0	0	0	0	0	0	0	0
19.20	404208	4	0	0	0	0	0	0	0	0	0
19.30	373300	4	0	0	0	0	0	0	0	0	0
19.40	341845	4	0	0	0	0	0	0	0	0	0
19.50	309771	4	0	0	0	0	0	0	0	0	0
19.60	276984	4	0	0	0	0	0	0	0	0	0
19.70	243360	4	0	0	0	0	0	0	0	0	0
19.80	208731	4	0	0	0	0	0	0	0	0	0
19.90	172846	4	0	0	0	0	0	0	0	0	0
20.00	135313	4	0	0	0	0	0	0	0	0	0
20.10	95419	4	0	0	0	0	0	0	0	0	0
20.20	51494	4	0	0	0	0	0	0	0	0	0
20.29	0	4	0	0	0	0	0	0	0	0	0