-999	"MyLake init"
Z (m)	Az (m2)	Tz (deg C)	Cz	Sz (kg/m3)	TPz (mg/m3)	DOPz (mg/m3)	Chlaz (mg/m3)	DOCz (mg/m3)	TPz_sed (mg/m3)	Chlaz_sed (mg/m3)	"Fvol_IM (m3/m3	 dry w.)"	Hice (m)	Hsnow (m)
0.00	2661301	4	0	0	0	0	0	0	0	0	0	0	0
0.10	2643309	4	0	0	0	0	0	0	0	0	0
0.20	2625385	4	0	0	0	0	0	0	0	0	0
0.30	2607529	4	0	0	0	0	0	0	0	0	0
0.40	2589740	4	0	0	0	0	0	0	0	0	0
0.50	2572019	4	0	0	0	0	0	0	0	0	0
0.60	2554365	4	0	0	0	0	0	0	0	0	0
0.70	2536779	4	0	0	0	0	0	0	0	0	0
0.80	2519259	4	0	0	0	0	0	0	0	0	0
0.90	2501807	4	0	0	0	0	0	0	0	0	0
1.00	2484423	4	0	0	0	0	0	0	0	0	0
1.10	2467105	4	0	0	0	0	0	0	0	0	0
1.20	2449855	4	0	0	0	0	0	0	0	0	0
1.30	2432671	4	0	0	0	0	0	0	0	0	0
1.40	2415555	4	0	0	0	0	0	0	0	0	0
1.50	2398505	4	0	0	0	0	0	0	0	0	0
1.60	2381523	4	0	0	0	0	0	0	0	0	0
1.70	2364607	4	0	0	0	0	0	0	0	0	0
1.80	2347758	4	0	0	0	0	0	0	0	0	0
1.90	2330976	4	0	0	0	0	0	0	0	0	0
2.00	2314260	4	0	0	0	0	0	0	0	0	0
2.10	2297611	4	0	0	0	0	0	0	0	0	0
2.20	2281029	4	0	0	0	0	0	0	0	0	0
2.30	2264513	4	0	0	0	0	0	0	0	0	0
2.40	2248064	4	0	0	0	0	0	0	0	0	0
2.50	2231681	4	0	0	0	0	0	0	0	0	0
2.60	2215364	4	0	0	0	0	0	0	0	0	0
2.70	2199114	4	0	0	0	0	0	0	0	0	0
2.80	2182930	4	0	0	0	0	0	0	0	0	0
2.90	2166812	4	0	0	0	0	0	0	0	0	0
3.00	2150761	4	0	0	0	0	0	0	0	0	0
3.10	2134776	4	0	0	0	0	0	0	0	0	0
3.20	2118856	4	0	0	0	0	0	0	0	0	0
3.30	2103003	4	0	0	0	0	0	0	0	0	0
3.40	2087215	4	0	0	0	0	0	0	0	0	0
3.50	2071494	4	0	0	0	0	0	0	0	0	0
3.60	2055838	4	0	0	0	0	0	0	0	0	0
3.70	2040248	4	0	0	0	0	0	0	0	0	0
3.80	2024724	4	0	0	0	0	0	0	0	0	0
3.90	2009266	4	0	0	0	0	0	0	0	0	0
4.00	1993873	4	0	0	0	0	0	0	0	0	0
4.10	1978546	4	0	0	0	0	0	0	0	0	0
4.20	1963284	4	0	0	0	0	0	0	0	0	0
4.30	1948088	4	0	0	0	0	0	0	0	0	0
4.40	1932957	4	0	0	0	0	0	0	0	0	0
4.50	1917891	4	0	0	0	0	0	0	0	0	0
4.60	1902891	4	0	0	0	0	0	0	0	0	0
4.70	1887956	4	0	0	0	0	0	0	0	0	0
4.80	1873086	4	0	0	0	0	0	0	0	0	0
4.90	1858282	4	0	0	0	0	0	0	0	0	0
5.00	1843542	4	0	0	0	0	0	0	0	0	0
5.10	1828867	4	0	0	0	0	0	0	0	0	0
5.20	1814258	4	0	0	0	0	0	0	0	0	0
5.30	1799713	4	0	0	0	0	0	0	0	0	0
5.40	1785233	4	0	0	0	0	0	0	0	0	0
5.50	1770818	4	0	0	0	0	0	0	0	0	0
5.60	1756468	4	0	0	0	0	0	0	0	0	0
5.70	1742182	4	0	0	0	0	0	0	0	0	0
5.80	1727961	4	0	0	0	0	0	0	0	0	0
5.90	1713805	4	0	0	0	0	0	0	0	0	0
6.00	1699713	4	0	0	0	0	0	0	0	0	0
6.10	1685685	4	0	0	0	0	0	0	0	0	0
6.20	1671722	4	0	0	0	0	0	0	0	0	0
6.30	1657823	4	0	0	0	0	0	0	0	0	0
6.40	1643989	4	0	0	0	0	0	0	0	0	0
6.50	1630218	4	0	0	0	0	0	0	0	0	0
6.60	1616512	4	0	0	0	0	0	0	0	0	0
6.70	1602870	4	0	0	0	0	0	0	0	0	0
6.80	1589292	4	0	0	0	0	0	0	0	0	0
6.90	1575778	4	0	0	0	0	0	0	0	0	0
7.00	1562328	4	0	0	0	0	0	0	0	0	0
7.10	1548942	4	0	0	0	0	0	0	0	0	0
7.20	1535619	4	0	0	0	0	0	0	0	0	0
7.30	1522360	4	0	0	0	0	0	0	0	0	0
7.40	1509165	4	0	0	0	0	0	0	0	0	0
7.50	1496034	4	0	0	0	0	0	0	0	0	0
7.60	1482966	4	0	0	0	0	0	0	0	0	0
7.70	1469962	4	0	0	0	0	0	0	0	0	0
7.80	1457021	4	0	0	0	0	0	0	0	0	0
7.90	1444143	4	0	0	0	0	0	0	0	0	0
8.00	1431329	4	0	0	0	0	0	0	0	0	0
8.10	1418578	4	0	0	0	0	0	0	0	0	0
8.20	1405890	4	0	0	0	0	0	0	0	0	0
8.30	1393266	4	0	0	0	0	0	0	0	0	0
8.40	1380704	4	0	0	0	0	0	0	0	0	0
8.50	1368206	4	0	0	0	0	0	0	0	0	0
8.60	1355770	4	0	0	0	0	0	0	0	0	0
8.70	1343397	4	0	0	0	0	0	0	0	0	0
8.80	1331088	4	0	0	0	0	0	0	0	0	0
8.90	1318841	4	0	0	0	0	0	0	0	0	0
9.00	1306656	4	0	0	0	0	0	0	0	0	0
9.10	1294534	4	0	0	0	0	0	0	0	0	0
9.20	1282475	4	0	0	0	0	0	0	0	0	0
9.30	1270479	4	0	0	0	0	0	0	0	0	0
9.40	1258544	4	0	0	0	0	0	0	0	0	0
9.50	1246672	4	0	0	0	0	0	0	0	0	0
9.60	1234863	4	0	0	0	0	0	0	0	0	0
9.70	1223116	4	0	0	0	0	0	0	0	0	0
9.80	1211431	4	0	0	0	0	0	0	0	0	0
9.90	1199808	4	0	0	0	0	0	0	0	0	0
10.00	1188247	4	0	0	0	0	0	0	0	0	0
10.10	1176748	4	0	0	0	0	0	0	0	0	0
10.20	1165311	4	0	0	0	0	0	0	0	0	0
10.30	1153936	4	0	0	0	0	0	0	0	0	0
10.40	1142623	4	0	0	0	0	0	0	0	0	0
10.50	1131371	4	0	0	0	0	0	0	0	0	0
10.60	1120181	4	0	0	0	0	0	0	0	0	0
10.70	1109053	4	0	0	0	0	0	0	0	0	0
10.80	1097986	4	0	0	0	0	0	0	0	0	0
10.90	1086981	4	0	0	0	0	0	0	0	0	0
11.00	1076037	4	0	0	0	0	0	0	0	0	0
11.10	1065154	4	0	0	0	0	0	0	0	0	0
11.20	1054333	4	0	0	0	0	0	0	0	0	0
11.30	1043573	4	0	0	0	0	0	0	0	0	0
11.40	1032874	4	0	0	0	0	0	0	0	0	0
11.50	1022236	4	0	0	0	0	0	0	0	0	0
11.60	1011659	4	0	0	0	0	0	0	0	0	0
11.70	1001143	4	0	0	0	0	0	0	0	0	0
11.80	990688	4	0	0	0	0	0	0	0	0	0
11.90	980294	4	0	0	0	0	0	0	0	0	0
12.00	969960	4	0	0	0	0	0	0	0	0	0
12.10	959687	4	0	0	0	0	0	0	0	0	0
12.20	949475	4	0	0	0	0	0	0	0	0	0
12.30	939323	4	0	0	0	0	0	0	0	0	0
12.40	929232	4	0	0	0	0	0	0	0	0	0
12.50	919201	4	0	0	0	0	0	0	0	0	0
12.60	909230	4	0	0	0	0	0	0	0	0	0
12.70	899319	4	0	0	0	0	0	0	0	0	0
12.80	889469	4	0	0	0	0	0	0	0	0	0
12.90	879679	4	0	0	0	0	0	0	0	0	0
13.00	869949	4	0	0	0	0	0	0	0	0	0
13.10	860278	4	0	0	0	0	0	0	0	0	0
13.20	850668	4	0	0	0	0	0	0	0	0	0
13.30	841117	4	0	0	0	0	0	0	0	0	0
13.40	831626	4	0	0	0	0	0	0	0	0	0
13.50	822195	4	0	0	0	0	0	0	0	0	0
13.60	812823	4	0	0	0	0	0	0	0	0	0
13.70	803511	4	0	0	0	0	0	0	0	0	0
13.80	794258	4	0	0	0	0	0	0	0	0	0
13.90	785064	4	0	0	0	0	0	0	0	0	0
14.00	775930	4	0	0	0	0	0	0	0	0	0
14.10	766855	4	0	0	0	0	0	0	0	0	0
14.20	757839	4	0	0	0	0	0	0	0	0	0
14.30	748883	4	0	0	0	0	0	0	0	0	0
14.40	739985	4	0	0	0	0	0	0	0	0	0
14.50	731146	4	0	0	0	0	0	0	0	0	0
14.60	722366	4	0	0	0	0	0	0	0	0	0
14.70	713644	4	0	0	0	0	0	0	0	0	0
14.80	704982	4	0	0	0	0	0	0	0	0	0
14.90	696377	4	0	0	0	0	0	0	0	0	0
15.00	687832	4	0	0	0	0	0	0	0	0	0
15.10	679345	4	0	0	0	0	0	0	0	0	0
15.20	670916	4	0	0	0	0	0	0	0	0	0
15.30	662545	4	0	0	0	0	0	0	0	0	0
15.40	654233	4	0	0	0	0	0	0	0	0	0
15.50	645979	4	0	0	0	0	0	0	0	0	0
15.60	637782	4	0	0	0	0	0	0	0	0	0
15.70	629644	4	0	0	0	0	0	0	0	0	0
15.80	621564	4	0	0	0	0	0	0	0	0	0
15.90	613541	4	0	0	0	0	0	0	0	0	0
16.00	605576	4	0	0	0	0	0	0	0	0	0
16.10	597669	4	0	0	0	0	0	0	0	0	0
16.20	589819	4	0	0	0	0	0	0	0	0	0
16.30	582027	4	0	0	0	0	0	0	0	0	0
16.40	574292	4	0	0	0	0	0	0	0	0	0
16.50	566615	4	0	0	0	0	0	0	0	0	0
16.60	558994	4	0	0	0	0	0	0	0	0	0
16.70	551431	4	0	0	0	0	0	0	0	0	0
16.80	543925	4	0	0	0	0	0	0	0	0	0
16.90	536476	4	0	0	0	0	0	0	0	0	0
17.00	529084	4	0	0	0	0	0	0	0	0	0
17.10	521748	4	0	0	0	0	0	0	0	0	0
17.20	514469	4	0	0	0	0	0	0	0	0	0
17.30	507247	4	0	0	0	0	0	0	0	0	0
17.40	500082	4	0	0	0	0	0	0	0	0	0
17.50	492973	4	0	0	0	0	0	0	0	0	0
17.60	485920	4	0	0	0	0	0	0	0	0	0
17.70	478923	4	0	0	0	0	0	0	0	0	0
17.80	471983	4	0	0	0	0	0	0	0	0	0
17.90	465099	4	0	0	0	0	0	0	0	0	0
18.00	458270	4	0	0	0	0	0	0	0	0	0
18.10	451498	4	0	0	0	0	0	0	0	0	0
18.20	444782	4	0	0	0	0	0	0	0	0	0
18.30	438121	4	0	0	0	0	0	0	0	0	0
18.40	431516	4	0	0	0	0	0	0	0	0	0
18.50	424966	4	0	0	0	0	0	0	0	0	0
18.60	418472	4	0	0	0	0	0	0	0	0	0
18.70	412033	4	0	0	0	0	0	0	0	0	0
18.80	405650	4	0	0	0	0	0	0	0	0	0
18.90	399322	4	0	0	0	0	0	0	0	0	0
19.00	393049	4	0	0	0	0	0	0	0	0	0
19.10	386830	4	0	0	0	0	0	0	0	0	0
19.20	380667	4	0	0	0	0	0	0	0	0	0
19.30	374559	4	0	0	0	0	0	0	0	0	0
19.40	368505	4	0	0	0	0	0	0	0	0	0
19.50	362506	4	0	0	0	0	0	0	0	0	0
19.60	356561	4	0	0	0	0	0	0	0	0	0
19.70	350671	4	0	0	0	0	0	0	0	0	0
19.80	344835	4	0	0	0	0	0	0	0	0	0
19.90	339053	4	0	0	0	0	0	0	0	0	0
20.00	333326	4	0	0	0	0	0	0	0	0	0
20.10	327652	4	0	0	0	0	0	0	0	0	0
20.20	322033	4	0	0	0	0	0	0	0	0	0
20.30	316467	4	0	0	0	0	0	0	0	0	0
20.40	310955	4	0	0	0	0	0	0	0	0	0
20.50	305497	4	0	0	0	0	0	0	0	0	0
20.60	300092	4	0	0	0	0	0	0	0	0	0
20.70	294740	4	0	0	0	0	0	0	0	0	0
20.80	289442	4	0	0	0	0	0	0	0	0	0
20.90	284197	4	0	0	0	0	0	0	0	0	0
21.00	279005	4	0	0	0	0	0	0	0	0	0
21.10	273866	4	0	0	0	0	0	0	0	0	0
21.20	268780	4	0	0	0	0	0	0	0	0	0
21.30	263747	4	0	0	0	0	0	0	0	0	0
21.40	258767	4	0	0	0	0	0	0	0	0	0
21.50	253839	4	0	0	0	0	0	0	0	0	0
21.60	248963	4	0	0	0	0	0	0	0	0	0
21.70	244140	4	0	0	0	0	0	0	0	0	0
21.80	239369	4	0	0	0	0	0	0	0	0	0
21.90	234650	4	0	0	0	0	0	0	0	0	0
22.00	229983	4	0	0	0	0	0	0	0	0	0
22.10	225368	4	0	0	0	0	0	0	0	0	0
22.20	220805	4	0	0	0	0	0	0	0	0	0
22.30	216294	4	0	0	0	0	0	0	0	0	0
22.40	211834	4	0	0	0	0	0	0	0	0	0
22.50	207425	4	0	0	0	0	0	0	0	0	0
22.60	203068	4	0	0	0	0	0	0	0	0	0
22.70	198762	4	0	0	0	0	0	0	0	0	0
22.80	194507	4	0	0	0	0	0	0	0	0	0
22.90	190303	4	0	0	0	0	0	0	0	0	0
23.00	186150	4	0	0	0	0	0	0	0	0	0
23.10	182048	4	0	0	0	0	0	0	0	0	0
23.20	177996	4	0	0	0	0	0	0	0	0	0
23.30	173995	4	0	0	0	0	0	0	0	0	0
23.40	170044	4	0	0	0	0	0	0	0	0	0
23.50	166143	4	0	0	0	0	0	0	0	0	0
23.60	162292	4	0	0	0	0	0	0	0	0	0
23.70	158492	4	0	0	0	0	0	0	0	0	0
23.80	154741	4	0	0	0	0	0	0	0	0	0
23.90	151040	4	0	0	0	0	0	0	0	0	0
24.00	147388	4	0	0	0	0	0	0	0	0	0
24.10	143786	4	0	0	0	0	0	0	0	0	0
24.20	140233	4	0	0	0	0	0	0	0	0	0
24.30	136730	4	0	0	0	0	0	0	0	0	0
24.40	133275	4	0	0	0	0	0	0	0	0	0
24.50	129870	4	0	0	0	0	0	0	0	0	0
24.60	126513	4	0	0	0	0	0	0	0	0	0
24.70	123205	4	0	0	0	0	0	0	0	0	0
24.80	119945	4	0	0	0	0	0	0	0	0	0
24.90	116734	4	0	0	0	0	0	0	0	0	0
25.00	113571	4	0	0	0	0	0	0	0	0	0
25.10	110456	4	0	0	0	0	0	0	0	0	0
25.20	107389	4	0	0	0	0	0	0	0	0	0
25.30	104370	4	0	0	0	0	0	0	0	0	0
25.40	101398	4	0	0	0	0	0	0	0	0	0
25.50	98474	4	0	0	0	0	0	0	0	0	0
25.60	95597	4	0	0	0	0	0	0	0	0	0
25.70	92767	4	0	0	0	0	0	0	0	0	0
25.80	89985	4	0	0	0	0	0	0	0	0	0
25.90	87249	4	0	0	0	0	0	0	0	0	0
26.00	84560	4	0	0	0	0	0	0	0	0	0
26.10	81918	4	0	0	0	0	0	0	0	0	0
26.20	79322	4	0	0	0	0	0	0	0	0	0
26.30	76772	4	0	0	0	0	0	0	0	0	0
26.40	74268	4	0	0	0	0	0	0	0	0	0
26.50	71811	4	0	0	0	0	0	0	0	0	0
26.60	69399	4	0	0	0	0	0	0	0	0	0
26.70	67032	4	0	0	0	0	0	0	0	0	0
26.80	64711	4	0	0	0	0	0	0	0	0	0
26.90	62435	4	0	0	0	0	0	0	0	0	0
27.00	60205	4	0	0	0	0	0	0	0	0	0
27.10	58019	4	0	0	0	0	0	0	0	0	0
27.20	55878	4	0	0	0	0	0	0	0	0	0
27.30	53781	4	0	0	0	0	0	0	0	0	0
27.40	51729	4	0	0	0	0	0	0	0	0	0
27.50	49721	4	0	0	0	0	0	0	0	0	0
27.60	47757	4	0	0	0	0	0	0	0	0	0
27.70	45836	4	0	0	0	0	0	0	0	0	0
27.80	43959	4	0	0	0	0	0	0	0	0	0
27.90	42126	4	0	0	0	0	0	0	0	0	0
28.00	40336	4	0	0	0	0	0	0	0	0	0
28.10	38589	4	0	0	0	0	0	0	0	0	0
28.20	36884	4	0	0	0	0	0	0	0	0	0
28.30	35222	4	0	0	0	0	0	0	0	0	0
28.40	33603	4	0	0	0	0	0	0	0	0	0
28.50	32025	4	0	0	0	0	0	0	0	0	0
28.60	30490	4	0	0	0	0	0	0	0	0	0
28.70	28996	4	0	0	0	0	0	0	0	0	0
28.80	27543	4	0	0	0	0	0	0	0	0	0
28.90	26132	4	0	0	0	0	0	0	0	0	0
29.00	24762	4	0	0	0	0	0	0	0	0	0
29.10	23433	4	0	0	0	0	0	0	0	0	0
29.20	22144	4	0	0	0	0	0	0	0	0	0
29.30	20895	4	0	0	0	0	0	0	0	0	0
29.40	19687	4	0	0	0	0	0	0	0	0	0
29.50	18518	4	0	0	0	0	0	0	0	0	0
29.60	17389	4	0	0	0	0	0	0	0	0	0
29.70	16299	4	0	0	0	0	0	0	0	0	0
29.80	15248	4	0	0	0	0	0	0	0	0	0
29.90	14235	4	0	0	0	0	0	0	0	0	0
30.00	13262	4	0	0	0	0	0	0	0	0	0
30.10	12326	4	0	0	0	0	0	0	0	0	0
30.20	11428	4	0	0	0	0	0	0	0	0	0
30.30	10567	4	0	0	0	0	0	0	0	0	0
30.40	9744	4	0	0	0	0	0	0	0	0	0
30.50	8957	4	0	0	0	0	0	0	0	0	0
30.60	8207	4	0	0	0	0	0	0	0	0	0
30.70	7493	4	0	0	0	0	0	0	0	0	0
30.80	6815	4	0	0	0	0	0	0	0	0	0
30.90	6172	4	0	0	0	0	0	0	0	0	0
31.00	5565	4	0	0	0	0	0	0	0	0	0
31.10	4992	4	0	0	0	0	0	0	0	0	0
31.20	4453	4	0	0	0	0	0	0	0	0	0
31.30	3949	4	0	0	0	0	0	0	0	0	0
31.40	3477	4	0	0	0	0	0	0	0	0	0
31.50	3039	4	0	0	0	0	0	0	0	0	0
31.60	2633	4	0	0	0	0	0	0	0	0	0
31.70	2259	4	0	0	0	0	0	0	0	0	0
31.80	1917	4	0	0	0	0	0	0	0	0	0
31.90	1605	4	0	0	0	0	0	0	0	0	0
32.00	1324	4	0	0	0	0	0	0	0	0	0
32.10	1072	4	0	0	0	0	0	0	0	0	0
32.20	850	4	0	0	0	0	0	0	0	0	0
32.30	655	4	0	0	0	0	0	0	0	0	0
32.40	489	4	0	0	0	0	0	0	0	0	0
32.50	349	4	0	0	0	0	0	0	0	0	0
32.60	234	4	0	0	0	0	0	0	0	0	0
32.70	144	4	0	0	0	0	0	0	0	0	0
32.80	78	4	0	0	0	0	0	0	0	0	0
32.90	33	4	0	0	0	0	0	0	0	0	0
33.00	8	4	0	0	0	0	0	0	0	0	0
33.10	0	4	0	0	0	0	0	0	0	0	0
33.11	0	4	0	0	0	0	0	0	0	0	0