-999	"MyLake init"
Z (m)	Az (m2)	Tz (deg C)	Cz	Sz (kg/m3)	TPz (mg/m3)	DOPz (mg/m3)	Chlaz (mg/m3)	DOCz (mg/m3)	TPz_sed (mg/m3)	Chlaz_sed (mg/m3)	"Fvol_IM (m3/m3	 dry w.)"	Hice (m)	Hsnow (m)
0.00	2086199	4	0	0	0	0	0	0	0	0	0	0	0
0.10	2068970	4	0	0	0	0	0	0	0	0	0
0.20	2051850	4	0	0	0	0	0	0	0	0	0
0.30	2034837	4	0	0	0	0	0	0	0	0	0
0.40	2017932	4	0	0	0	0	0	0	0	0	0
0.50	2001134	4	0	0	0	0	0	0	0	0	0
0.60	1984442	4	0	0	0	0	0	0	0	0	0
0.70	1967856	4	0	0	0	0	0	0	0	0	0
0.80	1951376	4	0	0	0	0	0	0	0	0	0
0.90	1935001	4	0	0	0	0	0	0	0	0	0
1.00	1918730	4	0	0	0	0	0	0	0	0	0
1.10	1902563	4	0	0	0	0	0	0	0	0	0
1.20	1886500	4	0	0	0	0	0	0	0	0	0
1.30	1870541	4	0	0	0	0	0	0	0	0	0
1.40	1854684	4	0	0	0	0	0	0	0	0	0
1.50	1838929	4	0	0	0	0	0	0	0	0	0
1.60	1823277	4	0	0	0	0	0	0	0	0	0
1.70	1807725	4	0	0	0	0	0	0	0	0	0
1.80	1792275	4	0	0	0	0	0	0	0	0	0
1.90	1776925	4	0	0	0	0	0	0	0	0	0
2.00	1761676	4	0	0	0	0	0	0	0	0	0
2.10	1746526	4	0	0	0	0	0	0	0	0	0
2.20	1731475	4	0	0	0	0	0	0	0	0	0
2.30	1716522	4	0	0	0	0	0	0	0	0	0
2.40	1701669	4	0	0	0	0	0	0	0	0	0
2.50	1686913	4	0	0	0	0	0	0	0	0	0
2.60	1672254	4	0	0	0	0	0	0	0	0	0
2.70	1657692	4	0	0	0	0	0	0	0	0	0
2.80	1643227	4	0	0	0	0	0	0	0	0	0
2.90	1628858	4	0	0	0	0	0	0	0	0	0
3.00	1614584	4	0	0	0	0	0	0	0	0	0
3.10	1600406	4	0	0	0	0	0	0	0	0	0
3.20	1586323	4	0	0	0	0	0	0	0	0	0
3.30	1572334	4	0	0	0	0	0	0	0	0	0
3.40	1558439	4	0	0	0	0	0	0	0	0	0
3.50	1544637	4	0	0	0	0	0	0	0	0	0
3.60	1530928	4	0	0	0	0	0	0	0	0	0
3.70	1517312	4	0	0	0	0	0	0	0	0	0
3.80	1503788	4	0	0	0	0	0	0	0	0	0
3.90	1490356	4	0	0	0	0	0	0	0	0	0
4.00	1477015	4	0	0	0	0	0	0	0	0	0
4.10	1463765	4	0	0	0	0	0	0	0	0	0
4.20	1450606	4	0	0	0	0	0	0	0	0	0
4.30	1437537	4	0	0	0	0	0	0	0	0	0
4.40	1424557	4	0	0	0	0	0	0	0	0	0
4.50	1411667	4	0	0	0	0	0	0	0	0	0
4.60	1398865	4	0	0	0	0	0	0	0	0	0
4.70	1386152	4	0	0	0	0	0	0	0	0	0
4.80	1373526	4	0	0	0	0	0	0	0	0	0
4.90	1360989	4	0	0	0	0	0	0	0	0	0
5.00	1348538	4	0	0	0	0	0	0	0	0	0
5.10	1336174	4	0	0	0	0	0	0	0	0	0
5.20	1323896	4	0	0	0	0	0	0	0	0	0
5.30	1311705	4	0	0	0	0	0	0	0	0	0
5.40	1299598	4	0	0	0	0	0	0	0	0	0
5.50	1287577	4	0	0	0	0	0	0	0	0	0
5.60	1275641	4	0	0	0	0	0	0	0	0	0
5.70	1263788	4	0	0	0	0	0	0	0	0	0
5.80	1252020	4	0	0	0	0	0	0	0	0	0
5.90	1240335	4	0	0	0	0	0	0	0	0	0
6.00	1228733	4	0	0	0	0	0	0	0	0	0
6.10	1217213	4	0	0	0	0	0	0	0	0	0
6.20	1205776	4	0	0	0	0	0	0	0	0	0
6.30	1194421	4	0	0	0	0	0	0	0	0	0
6.40	1183147	4	0	0	0	0	0	0	0	0	0
6.50	1171954	4	0	0	0	0	0	0	0	0	0
6.60	1160842	4	0	0	0	0	0	0	0	0	0
6.70	1149810	4	0	0	0	0	0	0	0	0	0
6.80	1138858	4	0	0	0	0	0	0	0	0	0
6.90	1127985	4	0	0	0	0	0	0	0	0	0
7.00	1117191	4	0	0	0	0	0	0	0	0	0
7.10	1106476	4	0	0	0	0	0	0	0	0	0
7.20	1095839	4	0	0	0	0	0	0	0	0	0
7.30	1085280	4	0	0	0	0	0	0	0	0	0
7.40	1074798	4	0	0	0	0	0	0	0	0	0
7.50	1064394	4	0	0	0	0	0	0	0	0	0
7.60	1054066	4	0	0	0	0	0	0	0	0	0
7.70	1043815	4	0	0	0	0	0	0	0	0	0
7.80	1033639	4	0	0	0	0	0	0	0	0	0
7.90	1023539	4	0	0	0	0	0	0	0	0	0
8.00	1013514	4	0	0	0	0	0	0	0	0	0
8.10	1003564	4	0	0	0	0	0	0	0	0	0
8.20	993688	4	0	0	0	0	0	0	0	0	0
8.30	983886	4	0	0	0	0	0	0	0	0	0
8.40	974158	4	0	0	0	0	0	0	0	0	0
8.50	964503	4	0	0	0	0	0	0	0	0	0
8.60	954921	4	0	0	0	0	0	0	0	0	0
8.70	945412	4	0	0	0	0	0	0	0	0	0
8.80	935974	4	0	0	0	0	0	0	0	0	0
8.90	926608	4	0	0	0	0	0	0	0	0	0
9.00	917314	4	0	0	0	0	0	0	0	0	0
9.10	908091	4	0	0	0	0	0	0	0	0	0
9.20	898938	4	0	0	0	0	0	0	0	0	0
9.30	889855	4	0	0	0	0	0	0	0	0	0
9.40	880843	4	0	0	0	0	0	0	0	0	0
9.50	871900	4	0	0	0	0	0	0	0	0	0
9.60	863026	4	0	0	0	0	0	0	0	0	0
9.70	854221	4	0	0	0	0	0	0	0	0	0
9.80	845484	4	0	0	0	0	0	0	0	0	0
9.90	836815	4	0	0	0	0	0	0	0	0	0
10.00	828214	4	0	0	0	0	0	0	0	0	0
10.10	819680	4	0	0	0	0	0	0	0	0	0
10.20	811213	4	0	0	0	0	0	0	0	0	0
10.30	802813	4	0	0	0	0	0	0	0	0	0
10.40	794479	4	0	0	0	0	0	0	0	0	0
10.50	786211	4	0	0	0	0	0	0	0	0	0
10.60	778009	4	0	0	0	0	0	0	0	0	0
10.70	769871	4	0	0	0	0	0	0	0	0	0
10.80	761799	4	0	0	0	0	0	0	0	0	0
10.90	753791	4	0	0	0	0	0	0	0	0	0
11.00	745847	4	0	0	0	0	0	0	0	0	0
11.10	737967	4	0	0	0	0	0	0	0	0	0
11.20	730150	4	0	0	0	0	0	0	0	0	0
11.30	722396	4	0	0	0	0	0	0	0	0	0
11.40	714705	4	0	0	0	0	0	0	0	0	0
11.50	707076	4	0	0	0	0	0	0	0	0	0
11.60	699510	4	0	0	0	0	0	0	0	0	0
11.70	692005	4	0	0	0	0	0	0	0	0	0
11.80	684561	4	0	0	0	0	0	0	0	0	0
11.90	677178	4	0	0	0	0	0	0	0	0	0
12.00	669856	4	0	0	0	0	0	0	0	0	0
12.10	662594	4	0	0	0	0	0	0	0	0	0
12.20	655393	4	0	0	0	0	0	0	0	0	0
12.30	648250	4	0	0	0	0	0	0	0	0	0
12.40	641167	4	0	0	0	0	0	0	0	0	0
12.50	634143	4	0	0	0	0	0	0	0	0	0
12.60	627178	4	0	0	0	0	0	0	0	0	0
12.70	620271	4	0	0	0	0	0	0	0	0	0
12.80	613422	4	0	0	0	0	0	0	0	0	0
12.90	606630	4	0	0	0	0	0	0	0	0	0
13.00	599896	4	0	0	0	0	0	0	0	0	0
13.10	593219	4	0	0	0	0	0	0	0	0	0
13.20	586598	4	0	0	0	0	0	0	0	0	0
13.30	580033	4	0	0	0	0	0	0	0	0	0
13.40	573525	4	0	0	0	0	0	0	0	0	0
13.50	567072	4	0	0	0	0	0	0	0	0	0
13.60	560675	4	0	0	0	0	0	0	0	0	0
13.70	554332	4	0	0	0	0	0	0	0	0	0
13.80	548044	4	0	0	0	0	0	0	0	0	0
13.90	541810	4	0	0	0	0	0	0	0	0	0
14.00	535631	4	0	0	0	0	0	0	0	0	0
14.10	529505	4	0	0	0	0	0	0	0	0	0
14.20	523432	4	0	0	0	0	0	0	0	0	0
14.30	517413	4	0	0	0	0	0	0	0	0	0
14.40	511446	4	0	0	0	0	0	0	0	0	0
14.50	505532	4	0	0	0	0	0	0	0	0	0
14.60	499669	4	0	0	0	0	0	0	0	0	0
14.70	493859	4	0	0	0	0	0	0	0	0	0
14.80	488100	4	0	0	0	0	0	0	0	0	0
14.90	482392	4	0	0	0	0	0	0	0	0	0
15.00	476735	4	0	0	0	0	0	0	0	0	0
15.10	471129	4	0	0	0	0	0	0	0	0	0
15.20	465572	4	0	0	0	0	0	0	0	0	0
15.30	460066	4	0	0	0	0	0	0	0	0	0
15.40	454609	4	0	0	0	0	0	0	0	0	0
15.50	449202	4	0	0	0	0	0	0	0	0	0
15.60	443844	4	0	0	0	0	0	0	0	0	0
15.70	438534	4	0	0	0	0	0	0	0	0	0
15.80	433273	4	0	0	0	0	0	0	0	0	0
15.90	428059	4	0	0	0	0	0	0	0	0	0
16.00	422894	4	0	0	0	0	0	0	0	0	0
16.10	417776	4	0	0	0	0	0	0	0	0	0
16.20	412705	4	0	0	0	0	0	0	0	0	0
16.30	407681	4	0	0	0	0	0	0	0	0	0
16.40	402704	4	0	0	0	0	0	0	0	0	0
16.50	397773	4	0	0	0	0	0	0	0	0	0
16.60	392888	4	0	0	0	0	0	0	0	0	0
16.70	388049	4	0	0	0	0	0	0	0	0	0
16.80	383255	4	0	0	0	0	0	0	0	0	0
16.90	378506	4	0	0	0	0	0	0	0	0	0
17.00	373802	4	0	0	0	0	0	0	0	0	0
17.10	369143	4	0	0	0	0	0	0	0	0	0
17.20	364528	4	0	0	0	0	0	0	0	0	0
17.30	359956	4	0	0	0	0	0	0	0	0	0
17.40	355429	4	0	0	0	0	0	0	0	0	0
17.50	350945	4	0	0	0	0	0	0	0	0	0
17.60	346504	4	0	0	0	0	0	0	0	0	0
17.70	342106	4	0	0	0	0	0	0	0	0	0
17.80	337750	4	0	0	0	0	0	0	0	0	0
17.90	333437	4	0	0	0	0	0	0	0	0	0
18.00	329165	4	0	0	0	0	0	0	0	0	0
18.10	324935	4	0	0	0	0	0	0	0	0	0
18.20	320747	4	0	0	0	0	0	0	0	0	0
18.30	316600	4	0	0	0	0	0	0	0	0	0
18.40	312494	4	0	0	0	0	0	0	0	0	0
18.50	308428	4	0	0	0	0	0	0	0	0	0
18.60	304403	4	0	0	0	0	0	0	0	0	0
18.70	300417	4	0	0	0	0	0	0	0	0	0
18.80	296472	4	0	0	0	0	0	0	0	0	0
18.90	292565	4	0	0	0	0	0	0	0	0	0
19.00	288698	4	0	0	0	0	0	0	0	0	0
19.10	284871	4	0	0	0	0	0	0	0	0	0
19.20	281081	4	0	0	0	0	0	0	0	0	0
19.30	277330	4	0	0	0	0	0	0	0	0	0
19.40	273618	4	0	0	0	0	0	0	0	0	0
19.50	269943	4	0	0	0	0	0	0	0	0	0
19.60	266306	4	0	0	0	0	0	0	0	0	0
19.70	262706	4	0	0	0	0	0	0	0	0	0
19.80	259143	4	0	0	0	0	0	0	0	0	0
19.90	255617	4	0	0	0	0	0	0	0	0	0
20.00	252127	4	0	0	0	0	0	0	0	0	0
20.10	248674	4	0	0	0	0	0	0	0	0	0
20.20	245257	4	0	0	0	0	0	0	0	0	0
20.30	241876	4	0	0	0	0	0	0	0	0	0
20.40	238530	4	0	0	0	0	0	0	0	0	0
20.50	235220	4	0	0	0	0	0	0	0	0	0
20.60	231944	4	0	0	0	0	0	0	0	0	0
20.70	228704	4	0	0	0	0	0	0	0	0	0
20.80	225497	4	0	0	0	0	0	0	0	0	0
20.90	222325	4	0	0	0	0	0	0	0	0	0
21.00	219188	4	0	0	0	0	0	0	0	0	0
21.10	216083	4	0	0	0	0	0	0	0	0	0
21.20	213013	4	0	0	0	0	0	0	0	0	0
21.30	209975	4	0	0	0	0	0	0	0	0	0
21.40	206971	4	0	0	0	0	0	0	0	0	0
21.50	203999	4	0	0	0	0	0	0	0	0	0
21.60	201060	4	0	0	0	0	0	0	0	0	0
21.70	198153	4	0	0	0	0	0	0	0	0	0
21.80	195279	4	0	0	0	0	0	0	0	0	0
21.90	192436	4	0	0	0	0	0	0	0	0	0
22.00	189624	4	0	0	0	0	0	0	0	0	0
22.10	186844	4	0	0	0	0	0	0	0	0	0
22.20	184095	4	0	0	0	0	0	0	0	0	0
22.30	181377	4	0	0	0	0	0	0	0	0	0
22.40	178689	4	0	0	0	0	0	0	0	0	0
22.50	176032	4	0	0	0	0	0	0	0	0	0
22.60	173405	4	0	0	0	0	0	0	0	0	0
22.70	170808	4	0	0	0	0	0	0	0	0	0
22.80	168240	4	0	0	0	0	0	0	0	0	0
22.90	165702	4	0	0	0	0	0	0	0	0	0
23.00	163193	4	0	0	0	0	0	0	0	0	0
23.10	160713	4	0	0	0	0	0	0	0	0	0
23.20	158262	4	0	0	0	0	0	0	0	0	0
23.30	155839	4	0	0	0	0	0	0	0	0	0
23.40	153444	4	0	0	0	0	0	0	0	0	0
23.50	151078	4	0	0	0	0	0	0	0	0	0
23.60	148739	4	0	0	0	0	0	0	0	0	0
23.70	146428	4	0	0	0	0	0	0	0	0	0
23.80	144145	4	0	0	0	0	0	0	0	0	0
23.90	141888	4	0	0	0	0	0	0	0	0	0
24.00	139659	4	0	0	0	0	0	0	0	0	0
24.10	137456	4	0	0	0	0	0	0	0	0	0
24.20	135279	4	0	0	0	0	0	0	0	0	0
24.30	133129	4	0	0	0	0	0	0	0	0	0
24.40	131005	4	0	0	0	0	0	0	0	0	0
24.50	128907	4	0	0	0	0	0	0	0	0	0
24.60	126835	4	0	0	0	0	0	0	0	0	0
24.70	124788	4	0	0	0	0	0	0	0	0	0
24.80	122766	4	0	0	0	0	0	0	0	0	0
24.90	120769	4	0	0	0	0	0	0	0	0	0
25.00	118797	4	0	0	0	0	0	0	0	0	0
25.10	116849	4	0	0	0	0	0	0	0	0	0
25.20	114926	4	0	0	0	0	0	0	0	0	0
25.30	113027	4	0	0	0	0	0	0	0	0	0
25.40	111151	4	0	0	0	0	0	0	0	0	0
25.50	109300	4	0	0	0	0	0	0	0	0	0
25.60	107472	4	0	0	0	0	0	0	0	0	0
25.70	105667	4	0	0	0	0	0	0	0	0	0
25.80	103886	4	0	0	0	0	0	0	0	0	0
25.90	102127	4	0	0	0	0	0	0	0	0	0
26.00	100391	4	0	0	0	0	0	0	0	0	0
26.10	98678	4	0	0	0	0	0	0	0	0	0
26.20	96987	4	0	0	0	0	0	0	0	0	0
26.30	95318	4	0	0	0	0	0	0	0	0	0
26.40	93671	4	0	0	0	0	0	0	0	0	0
26.50	92045	4	0	0	0	0	0	0	0	0	0
26.60	90442	4	0	0	0	0	0	0	0	0	0
26.70	88859	4	0	0	0	0	0	0	0	0	0
26.80	87298	4	0	0	0	0	0	0	0	0	0
26.90	85757	4	0	0	0	0	0	0	0	0	0
27.00	84238	4	0	0	0	0	0	0	0	0	0
27.10	82738	4	0	0	0	0	0	0	0	0	0
27.20	81259	4	0	0	0	0	0	0	0	0	0
27.30	79801	4	0	0	0	0	0	0	0	0	0
27.40	78362	4	0	0	0	0	0	0	0	0	0
27.50	76943	4	0	0	0	0	0	0	0	0	0
27.60	75544	4	0	0	0	0	0	0	0	0	0
27.70	74164	4	0	0	0	0	0	0	0	0	0
27.80	72803	4	0	0	0	0	0	0	0	0	0
27.90	71462	4	0	0	0	0	0	0	0	0	0
28.00	70139	4	0	0	0	0	0	0	0	0	0
28.10	68835	4	0	0	0	0	0	0	0	0	0
28.20	67549	4	0	0	0	0	0	0	0	0	0
28.30	66282	4	0	0	0	0	0	0	0	0	0
28.40	65033	4	0	0	0	0	0	0	0	0	0
28.50	63802	4	0	0	0	0	0	0	0	0	0
28.60	62589	4	0	0	0	0	0	0	0	0	0
28.70	61393	4	0	0	0	0	0	0	0	0	0
28.80	60214	4	0	0	0	0	0	0	0	0	0
28.90	59053	4	0	0	0	0	0	0	0	0	0
29.00	57909	4	0	0	0	0	0	0	0	0	0
29.10	56782	4	0	0	0	0	0	0	0	0	0
29.20	55672	4	0	0	0	0	0	0	0	0	0
29.30	54578	4	0	0	0	0	0	0	0	0	0
29.40	53501	4	0	0	0	0	0	0	0	0	0
29.50	52440	4	0	0	0	0	0	0	0	0	0
29.60	51395	4	0	0	0	0	0	0	0	0	0
29.70	50366	4	0	0	0	0	0	0	0	0	0
29.80	49352	4	0	0	0	0	0	0	0	0	0
29.90	48354	4	0	0	0	0	0	0	0	0	0
30.00	47372	4	0	0	0	0	0	0	0	0	0
30.10	46405	4	0	0	0	0	0	0	0	0	0
30.20	45453	4	0	0	0	0	0	0	0	0	0
30.30	44515	4	0	0	0	0	0	0	0	0	0
30.40	43593	4	0	0	0	0	0	0	0	0	0
30.50	42685	4	0	0	0	0	0	0	0	0	0
30.60	41792	4	0	0	0	0	0	0	0	0	0
30.70	40912	4	0	0	0	0	0	0	0	0	0
30.80	40047	4	0	0	0	0	0	0	0	0	0
30.90	39196	4	0	0	0	0	0	0	0	0	0
31.00	38359	4	0	0	0	0	0	0	0	0	0
31.10	37535	4	0	0	0	0	0	0	0	0	0
31.20	36725	4	0	0	0	0	0	0	0	0	0
31.30	35929	4	0	0	0	0	0	0	0	0	0
31.40	35145	4	0	0	0	0	0	0	0	0	0
31.50	34374	4	0	0	0	0	0	0	0	0	0
31.60	33617	4	0	0	0	0	0	0	0	0	0
31.70	32872	4	0	0	0	0	0	0	0	0	0
31.80	32140	4	0	0	0	0	0	0	0	0	0
31.90	31420	4	0	0	0	0	0	0	0	0	0
32.00	30712	4	0	0	0	0	0	0	0	0	0
32.10	30017	4	0	0	0	0	0	0	0	0	0
32.20	29334	4	0	0	0	0	0	0	0	0	0
32.30	28662	4	0	0	0	0	0	0	0	0	0
32.40	28003	4	0	0	0	0	0	0	0	0	0
32.50	27355	4	0	0	0	0	0	0	0	0	0
32.60	26718	4	0	0	0	0	0	0	0	0	0
32.70	26093	4	0	0	0	0	0	0	0	0	0
32.80	25479	4	0	0	0	0	0	0	0	0	0
32.90	24876	4	0	0	0	0	0	0	0	0	0
33.00	24283	4	0	0	0	0	0	0	0	0	0
33.10	23702	4	0	0	0	0	0	0	0	0	0
33.20	23131	4	0	0	0	0	0	0	0	0	0
33.30	22571	4	0	0	0	0	0	0	0	0	0
33.40	22021	4	0	0	0	0	0	0	0	0	0
33.50	21481	4	0	0	0	0	0	0	0	0	0
33.60	20952	4	0	0	0	0	0	0	0	0	0
33.70	20432	4	0	0	0	0	0	0	0	0	0
33.80	19923	4	0	0	0	0	0	0	0	0	0
33.90	19422	4	0	0	0	0	0	0	0	0	0
34.00	18932	4	0	0	0	0	0	0	0	0	0
34.10	18451	4	0	0	0	0	0	0	0	0	0
34.20	17979	4	0	0	0	0	0	0	0	0	0
34.30	17517	4	0	0	0	0	0	0	0	0	0
34.40	17064	4	0	0	0	0	0	0	0	0	0
34.50	16619	4	0	0	0	0	0	0	0	0	0
34.60	16184	4	0	0	0	0	0	0	0	0	0
34.70	15757	4	0	0	0	0	0	0	0	0	0
34.80	15339	4	0	0	0	0	0	0	0	0	0
34.90	14929	4	0	0	0	0	0	0	0	0	0
35.00	14528	4	0	0	0	0	0	0	0	0	0
35.10	14135	4	0	0	0	0	0	0	0	0	0
35.20	13750	4	0	0	0	0	0	0	0	0	0
35.30	13373	4	0	0	0	0	0	0	0	0	0
35.40	13004	4	0	0	0	0	0	0	0	0	0
35.50	12643	4	0	0	0	0	0	0	0	0	0
35.60	12289	4	0	0	0	0	0	0	0	0	0
35.70	11943	4	0	0	0	0	0	0	0	0	0
35.80	11605	4	0	0	0	0	0	0	0	0	0
35.90	11273	4	0	0	0	0	0	0	0	0	0
36.00	10949	4	0	0	0	0	0	0	0	0	0
36.10	10633	4	0	0	0	0	0	0	0	0	0
36.20	10323	4	0	0	0	0	0	0	0	0	0
36.30	10020	4	0	0	0	0	0	0	0	0	0
36.40	9724	4	0	0	0	0	0	0	0	0	0
36.50	9434	4	0	0	0	0	0	0	0	0	0
36.60	9151	4	0	0	0	0	0	0	0	0	0
36.70	8875	4	0	0	0	0	0	0	0	0	0
36.80	8605	4	0	0	0	0	0	0	0	0	0
36.90	8341	4	0	0	0	0	0	0	0	0	0
37.00	8084	4	0	0	0	0	0	0	0	0	0
37.10	7832	4	0	0	0	0	0	0	0	0	0
37.20	7587	4	0	0	0	0	0	0	0	0	0
37.30	7347	4	0	0	0	0	0	0	0	0	0
37.40	7114	4	0	0	0	0	0	0	0	0	0
37.50	6886	4	0	0	0	0	0	0	0	0	0
37.60	6663	4	0	0	0	0	0	0	0	0	0
37.70	6446	4	0	0	0	0	0	0	0	0	0
37.80	6235	4	0	0	0	0	0	0	0	0	0
37.90	6028	4	0	0	0	0	0	0	0	0	0
38.00	5827	4	0	0	0	0	0	0	0	0	0
38.10	5631	4	0	0	0	0	0	0	0	0	0
38.20	5441	4	0	0	0	0	0	0	0	0	0
38.30	5255	4	0	0	0	0	0	0	0	0	0
38.40	5074	4	0	0	0	0	0	0	0	0	0
38.50	4897	4	0	0	0	0	0	0	0	0	0
38.60	4726	4	0	0	0	0	0	0	0	0	0
38.70	4559	4	0	0	0	0	0	0	0	0	0
38.80	4396	4	0	0	0	0	0	0	0	0	0
38.90	4238	4	0	0	0	0	0	0	0	0	0
39.00	4085	4	0	0	0	0	0	0	0	0	0
39.10	3935	4	0	0	0	0	0	0	0	0	0
39.20	3790	4	0	0	0	0	0	0	0	0	0
39.30	3649	4	0	0	0	0	0	0	0	0	0
39.40	3512	4	0	0	0	0	0	0	0	0	0
39.50	3379	4	0	0	0	0	0	0	0	0	0
39.60	3250	4	0	0	0	0	0	0	0	0	0
39.70	3124	4	0	0	0	0	0	0	0	0	0
39.80	3003	4	0	0	0	0	0	0	0	0	0
39.90	2884	4	0	0	0	0	0	0	0	0	0
40.00	2770	4	0	0	0	0	0	0	0	0	0
40.10	2659	4	0	0	0	0	0	0	0	0	0
40.20	2551	4	0	0	0	0	0	0	0	0	0
40.30	2447	4	0	0	0	0	0	0	0	0	0
40.40	2346	4	0	0	0	0	0	0	0	0	0
40.50	2248	4	0	0	0	0	0	0	0	0	0
40.60	2153	4	0	0	0	0	0	0	0	0	0
40.70	2062	4	0	0	0	0	0	0	0	0	0
40.80	1973	4	0	0	0	0	0	0	0	0	0
40.90	1887	4	0	0	0	0	0	0	0	0	0
41.00	1805	4	0	0	0	0	0	0	0	0	0
41.10	1724	4	0	0	0	0	0	0	0	0	0
41.20	1647	4	0	0	0	0	0	0	0	0	0
41.30	1572	4	0	0	0	0	0	0	0	0	0
41.40	1500	4	0	0	0	0	0	0	0	0	0
41.50	1431	4	0	0	0	0	0	0	0	0	0
41.60	1364	4	0	0	0	0	0	0	0	0	0
41.70	1299	4	0	0	0	0	0	0	0	0	0
41.80	1237	4	0	0	0	0	0	0	0	0	0
41.90	1177	4	0	0	0	0	0	0	0	0	0
42.00	1119	4	0	0	0	0	0	0	0	0	0
42.10	1064	4	0	0	0	0	0	0	0	0	0
42.20	1010	4	0	0	0	0	0	0	0	0	0
42.30	959	4	0	0	0	0	0	0	0	0	0
42.40	909	4	0	0	0	0	0	0	0	0	0
42.50	862	4	0	0	0	0	0	0	0	0	0
42.60	816	4	0	0	0	0	0	0	0	0	0
42.70	773	4	0	0	0	0	0	0	0	0	0
42.80	731	4	0	0	0	0	0	0	0	0	0
42.90	691	4	0	0	0	0	0	0	0	0	0
43.00	652	4	0	0	0	0	0	0	0	0	0
43.10	615	4	0	0	0	0	0	0	0	0	0
43.20	580	4	0	0	0	0	0	0	0	0	0
43.30	547	4	0	0	0	0	0	0	0	0	0
43.40	514	4	0	0	0	0	0	0	0	0	0
43.50	484	4	0	0	0	0	0	0	0	0	0
43.60	455	4	0	0	0	0	0	0	0	0	0
43.70	427	4	0	0	0	0	0	0	0	0	0
43.80	400	4	0	0	0	0	0	0	0	0	0
43.90	375	4	0	0	0	0	0	0	0	0	0
44.00	351	4	0	0	0	0	0	0	0	0	0
44.10	328	4	0	0	0	0	0	0	0	0	0
44.20	306	4	0	0	0	0	0	0	0	0	0
44.30	285	4	0	0	0	0	0	0	0	0	0
44.40	266	4	0	0	0	0	0	0	0	0	0
44.50	247	4	0	0	0	0	0	0	0	0	0
44.60	230	4	0	0	0	0	0	0	0	0	0
44.70	213	4	0	0	0	0	0	0	0	0	0
44.80	198	4	0	0	0	0	0	0	0	0	0
44.90	183	4	0	0	0	0	0	0	0	0	0
45.00	169	4	0	0	0	0	0	0	0	0	0
45.10	156	4	0	0	0	0	0	0	0	0	0
45.20	144	4	0	0	0	0	0	0	0	0	0
45.30	132	4	0	0	0	0	0	0	0	0	0
45.40	121	4	0	0	0	0	0	0	0	0	0
45.50	111	4	0	0	0	0	0	0	0	0	0
45.60	102	4	0	0	0	0	0	0	0	0	0
45.70	93	4	0	0	0	0	0	0	0	0	0
45.80	85	4	0	0	0	0	0	0	0	0	0
45.90	77	4	0	0	0	0	0	0	0	0	0
46.00	70	4	0	0	0	0	0	0	0	0	0
46.10	63	4	0	0	0	0	0	0	0	0	0
46.20	57	4	0	0	0	0	0	0	0	0	0
46.30	51	4	0	0	0	0	0	0	0	0	0
46.40	46	4	0	0	0	0	0	0	0	0	0
46.50	41	4	0	0	0	0	0	0	0	0	0
46.60	37	4	0	0	0	0	0	0	0	0	0
46.70	33	4	0	0	0	0	0	0	0	0	0
46.80	29	4	0	0	0	0	0	0	0	0	0
46.90	26	4	0	0	0	0	0	0	0	0	0
47.00	23	4	0	0	0	0	0	0	0	0	0
47.10	20	4	0	0	0	0	0	0	0	0	0
47.20	17	4	0	0	0	0	0	0	0	0	0
47.30	15	4	0	0	0	0	0	0	0	0	0
47.40	13	4	0	0	0	0	0	0	0	0	0
47.50	11	4	0	0	0	0	0	0	0	0	0
47.60	10	4	0	0	0	0	0	0	0	0	0
47.70	8	4	0	0	0	0	0	0	0	0	0
47.80	7	4	0	0	0	0	0	0	0	0	0
47.90	6	4	0	0	0	0	0	0	0	0	0
48.00	5	4	0	0	0	0	0	0	0	0	0
48.10	4	4	0	0	0	0	0	0	0	0	0
48.20	3	4	0	0	0	0	0	0	0	0	0
48.30	3	4	0	0	0	0	0	0	0	0	0
48.40	2	4	0	0	0	0	0	0	0	0	0
48.50	2	4	0	0	0	0	0	0	0	0	0
48.60	1	4	0	0	0	0	0	0	0	0	0
48.70	1	4	0	0	0	0	0	0	0	0	0
48.80	1	4	0	0	0	0	0	0	0	0	0
48.90	1	4	0	0	0	0	0	0	0	0	0
49.00	0	4	0	0	0	0	0	0	0	0	0
49.10	0	4	0	0	0	0	0	0	0	0	0
49.20	0	4	0	0	0	0	0	0	0	0	0
49.30	0	4	0	0	0	0	0	0	0	0	0
49.40	0	4	0	0	0	0	0	0	0	0	0
49.50	0	4	0	0	0	0	0	0	0	0	0
49.60	0	4	0	0	0	0	0	0	0	0	0
49.70	0	4	0	0	0	0	0	0	0	0	0
49.80	0	4	0	0	0	0	0	0	0	0	0
49.90	0	4	0	0	0	0	0	0	0	0	0
50.00	0	4	0	0	0	0	0	0	0	0	0
50.10	0	4	0	0	0	0	0	0	0	0	0
50.20	0	4	0	0	0	0	0	0	0	0	0
50.22	0	4	0	0	0	0	0	0	0	0	0