-999	"MyLake init"
Z (m)	Az (m2)	Tz (deg C)	Cz	Sz (kg/m3)	TPz (mg/m3)	DOPz (mg/m3)	Chlaz (mg/m3)	DOCz (mg/m3)	TPz_sed (mg/m3)	Chlaz_sed (mg/m3)	"Fvol_IM (m3/m3	 dry w.)"	Hice (m)	Hsnow (m)
0.00	1650162	4	0	0	0	0	0	0	0	0	0	0	0
0.10	1635270	4	0	0	0	0	0	0	0	0	0
0.20	1620489	4	0	0	0	0	0	0	0	0	0
0.30	1605817	4	0	0	0	0	0	0	0	0	0
0.40	1591255	4	0	0	0	0	0	0	0	0	0
0.50	1576801	4	0	0	0	0	0	0	0	0	0
0.60	1562455	4	0	0	0	0	0	0	0	0	0
0.70	1548216	4	0	0	0	0	0	0	0	0	0
0.80	1534085	4	0	0	0	0	0	0	0	0	0
0.90	1520059	4	0	0	0	0	0	0	0	0	0
1.00	1506138	4	0	0	0	0	0	0	0	0	0
1.10	1492322	4	0	0	0	0	0	0	0	0	0
1.20	1478611	4	0	0	0	0	0	0	0	0	0
1.30	1465003	4	0	0	0	0	0	0	0	0	0
1.40	1451498	4	0	0	0	0	0	0	0	0	0
1.50	1438095	4	0	0	0	0	0	0	0	0	0
1.60	1424794	4	0	0	0	0	0	0	0	0	0
1.70	1411594	4	0	0	0	0	0	0	0	0	0
1.80	1398494	4	0	0	0	0	0	0	0	0	0
1.90	1385495	4	0	0	0	0	0	0	0	0	0
2.00	1372595	4	0	0	0	0	0	0	0	0	0
2.10	1359793	4	0	0	0	0	0	0	0	0	0
2.20	1347090	4	0	0	0	0	0	0	0	0	0
2.30	1334484	4	0	0	0	0	0	0	0	0	0
2.40	1321975	4	0	0	0	0	0	0	0	0	0
2.50	1309563	4	0	0	0	0	0	0	0	0	0
2.60	1297246	4	0	0	0	0	0	0	0	0	0
2.70	1285025	4	0	0	0	0	0	0	0	0	0
2.80	1272898	4	0	0	0	0	0	0	0	0	0
2.90	1260866	4	0	0	0	0	0	0	0	0	0
3.00	1248926	4	0	0	0	0	0	0	0	0	0
3.10	1237080	4	0	0	0	0	0	0	0	0	0
3.20	1225326	4	0	0	0	0	0	0	0	0	0
3.30	1213664	4	0	0	0	0	0	0	0	0	0
3.40	1202093	4	0	0	0	0	0	0	0	0	0
3.50	1190613	4	0	0	0	0	0	0	0	0	0
3.60	1179223	4	0	0	0	0	0	0	0	0	0
3.70	1167922	4	0	0	0	0	0	0	0	0	0
3.80	1156711	4	0	0	0	0	0	0	0	0	0
3.90	1145588	4	0	0	0	0	0	0	0	0	0
4.00	1134553	4	0	0	0	0	0	0	0	0	0
4.10	1123605	4	0	0	0	0	0	0	0	0	0
4.20	1112744	4	0	0	0	0	0	0	0	0	0
4.30	1101970	4	0	0	0	0	0	0	0	0	0
4.40	1091281	4	0	0	0	0	0	0	0	0	0
4.50	1080677	4	0	0	0	0	0	0	0	0	0
4.60	1070158	4	0	0	0	0	0	0	0	0	0
4.70	1059724	4	0	0	0	0	0	0	0	0	0
4.80	1049373	4	0	0	0	0	0	0	0	0	0
4.90	1039105	4	0	0	0	0	0	0	0	0	0
5.00	1028919	4	0	0	0	0	0	0	0	0	0
5.10	1018816	4	0	0	0	0	0	0	0	0	0
5.20	1008794	4	0	0	0	0	0	0	0	0	0
5.30	998853	4	0	0	0	0	0	0	0	0	0
5.40	988993	4	0	0	0	0	0	0	0	0	0
5.50	979213	4	0	0	0	0	0	0	0	0	0
5.60	969512	4	0	0	0	0	0	0	0	0	0
5.70	959891	4	0	0	0	0	0	0	0	0	0
5.80	950347	4	0	0	0	0	0	0	0	0	0
5.90	940882	4	0	0	0	0	0	0	0	0	0
6.00	931495	4	0	0	0	0	0	0	0	0	0
6.10	922184	4	0	0	0	0	0	0	0	0	0
6.20	912950	4	0	0	0	0	0	0	0	0	0
6.30	903791	4	0	0	0	0	0	0	0	0	0
6.40	894709	4	0	0	0	0	0	0	0	0	0
6.50	885701	4	0	0	0	0	0	0	0	0	0
6.60	876768	4	0	0	0	0	0	0	0	0	0
6.70	867909	4	0	0	0	0	0	0	0	0	0
6.80	859124	4	0	0	0	0	0	0	0	0	0
6.90	850411	4	0	0	0	0	0	0	0	0	0
7.00	841772	4	0	0	0	0	0	0	0	0	0
7.10	833204	4	0	0	0	0	0	0	0	0	0
7.20	824708	4	0	0	0	0	0	0	0	0	0
7.30	816284	4	0	0	0	0	0	0	0	0	0
7.40	807930	4	0	0	0	0	0	0	0	0	0
7.50	799646	4	0	0	0	0	0	0	0	0	0
7.60	791433	4	0	0	0	0	0	0	0	0	0
7.70	783288	4	0	0	0	0	0	0	0	0	0
7.80	775213	4	0	0	0	0	0	0	0	0	0
7.90	767206	4	0	0	0	0	0	0	0	0	0
8.00	759267	4	0	0	0	0	0	0	0	0	0
8.10	751395	4	0	0	0	0	0	0	0	0	0
8.20	743591	4	0	0	0	0	0	0	0	0	0
8.30	735853	4	0	0	0	0	0	0	0	0	0
8.40	728181	4	0	0	0	0	0	0	0	0	0
8.50	720576	4	0	0	0	0	0	0	0	0	0
8.60	713035	4	0	0	0	0	0	0	0	0	0
8.70	705559	4	0	0	0	0	0	0	0	0	0
8.80	698148	4	0	0	0	0	0	0	0	0	0
8.90	690801	4	0	0	0	0	0	0	0	0	0
9.00	683517	4	0	0	0	0	0	0	0	0	0
9.10	676297	4	0	0	0	0	0	0	0	0	0
9.20	669139	4	0	0	0	0	0	0	0	0	0
9.30	662044	4	0	0	0	0	0	0	0	0	0
9.40	655010	4	0	0	0	0	0	0	0	0	0
9.50	648038	4	0	0	0	0	0	0	0	0	0
9.60	641127	4	0	0	0	0	0	0	0	0	0
9.70	634276	4	0	0	0	0	0	0	0	0	0
9.80	627486	4	0	0	0	0	0	0	0	0	0
9.90	620755	4	0	0	0	0	0	0	0	0	0
10.00	614084	4	0	0	0	0	0	0	0	0	0
10.10	607471	4	0	0	0	0	0	0	0	0	0
10.20	600918	4	0	0	0	0	0	0	0	0	0
10.30	594422	4	0	0	0	0	0	0	0	0	0
10.40	587984	4	0	0	0	0	0	0	0	0	0
10.50	581603	4	0	0	0	0	0	0	0	0	0
10.60	575280	4	0	0	0	0	0	0	0	0	0
10.70	569013	4	0	0	0	0	0	0	0	0	0
10.80	562802	4	0	0	0	0	0	0	0	0	0
10.90	556646	4	0	0	0	0	0	0	0	0	0
11.00	550546	4	0	0	0	0	0	0	0	0	0
11.10	544502	4	0	0	0	0	0	0	0	0	0
11.20	538511	4	0	0	0	0	0	0	0	0	0
11.30	532575	4	0	0	0	0	0	0	0	0	0
11.40	526693	4	0	0	0	0	0	0	0	0	0
11.50	520864	4	0	0	0	0	0	0	0	0	0
11.60	515088	4	0	0	0	0	0	0	0	0	0
11.70	509364	4	0	0	0	0	0	0	0	0	0
11.80	503693	4	0	0	0	0	0	0	0	0	0
11.90	498074	4	0	0	0	0	0	0	0	0	0
12.00	492507	4	0	0	0	0	0	0	0	0	0
12.10	486991	4	0	0	0	0	0	0	0	0	0
12.20	481525	4	0	0	0	0	0	0	0	0	0
12.30	476110	4	0	0	0	0	0	0	0	0	0
12.40	470745	4	0	0	0	0	0	0	0	0	0
12.50	465430	4	0	0	0	0	0	0	0	0	0
12.60	460164	4	0	0	0	0	0	0	0	0	0
12.70	454947	4	0	0	0	0	0	0	0	0	0
12.80	449778	4	0	0	0	0	0	0	0	0	0
12.90	444658	4	0	0	0	0	0	0	0	0	0
13.00	439586	4	0	0	0	0	0	0	0	0	0
13.10	434562	4	0	0	0	0	0	0	0	0	0
13.20	429584	4	0	0	0	0	0	0	0	0	0
13.30	424654	4	0	0	0	0	0	0	0	0	0
13.40	419770	4	0	0	0	0	0	0	0	0	0
13.50	414932	4	0	0	0	0	0	0	0	0	0
13.60	410140	4	0	0	0	0	0	0	0	0	0
13.70	405394	4	0	0	0	0	0	0	0	0	0
13.80	400693	4	0	0	0	0	0	0	0	0	0
13.90	396036	4	0	0	0	0	0	0	0	0	0
14.00	391424	4	0	0	0	0	0	0	0	0	0
14.10	386857	4	0	0	0	0	0	0	0	0	0
14.20	382333	4	0	0	0	0	0	0	0	0	0
14.30	377852	4	0	0	0	0	0	0	0	0	0
14.40	373415	4	0	0	0	0	0	0	0	0	0
14.50	369021	4	0	0	0	0	0	0	0	0	0
14.60	364669	4	0	0	0	0	0	0	0	0	0
14.70	360359	4	0	0	0	0	0	0	0	0	0
14.80	356091	4	0	0	0	0	0	0	0	0	0
14.90	351865	4	0	0	0	0	0	0	0	0	0
15.00	347680	4	0	0	0	0	0	0	0	0	0
15.10	343536	4	0	0	0	0	0	0	0	0	0
15.20	339433	4	0	0	0	0	0	0	0	0	0
15.30	335370	4	0	0	0	0	0	0	0	0	0
15.40	331347	4	0	0	0	0	0	0	0	0	0
15.50	327363	4	0	0	0	0	0	0	0	0	0
15.60	323419	4	0	0	0	0	0	0	0	0	0
15.70	319514	4	0	0	0	0	0	0	0	0	0
15.80	315648	4	0	0	0	0	0	0	0	0	0
15.90	311820	4	0	0	0	0	0	0	0	0	0
16.00	308031	4	0	0	0	0	0	0	0	0	0
16.10	304279	4	0	0	0	0	0	0	0	0	0
16.20	300565	4	0	0	0	0	0	0	0	0	0
16.30	296888	4	0	0	0	0	0	0	0	0	0
16.40	293248	4	0	0	0	0	0	0	0	0	0
16.50	289645	4	0	0	0	0	0	0	0	0	0
16.60	286079	4	0	0	0	0	0	0	0	0	0
16.70	282548	4	0	0	0	0	0	0	0	0	0
16.80	279053	4	0	0	0	0	0	0	0	0	0
16.90	275594	4	0	0	0	0	0	0	0	0	0
17.00	272170	4	0	0	0	0	0	0	0	0	0
17.10	268781	4	0	0	0	0	0	0	0	0	0
17.20	265427	4	0	0	0	0	0	0	0	0	0
17.30	262107	4	0	0	0	0	0	0	0	0	0
17.40	258822	4	0	0	0	0	0	0	0	0	0
17.50	255570	4	0	0	0	0	0	0	0	0	0
17.60	252352	4	0	0	0	0	0	0	0	0	0
17.70	249167	4	0	0	0	0	0	0	0	0	0
17.80	246015	4	0	0	0	0	0	0	0	0	0
17.90	242896	4	0	0	0	0	0	0	0	0	0
18.00	239809	4	0	0	0	0	0	0	0	0	0
18.10	236755	4	0	0	0	0	0	0	0	0	0
18.20	233733	4	0	0	0	0	0	0	0	0	0
18.30	230742	4	0	0	0	0	0	0	0	0	0
18.40	227783	4	0	0	0	0	0	0	0	0	0
18.50	224856	4	0	0	0	0	0	0	0	0	0
18.60	221959	4	0	0	0	0	0	0	0	0	0
18.70	219093	4	0	0	0	0	0	0	0	0	0
18.80	216257	4	0	0	0	0	0	0	0	0	0
18.90	213451	4	0	0	0	0	0	0	0	0	0
19.00	210676	4	0	0	0	0	0	0	0	0	0
19.10	207930	4	0	0	0	0	0	0	0	0	0
19.20	205213	4	0	0	0	0	0	0	0	0	0
19.30	202526	4	0	0	0	0	0	0	0	0	0
19.40	199868	4	0	0	0	0	0	0	0	0	0
19.50	197238	4	0	0	0	0	0	0	0	0	0
19.60	194637	4	0	0	0	0	0	0	0	0	0
19.70	192064	4	0	0	0	0	0	0	0	0	0
19.80	189519	4	0	0	0	0	0	0	0	0	0
19.90	187002	4	0	0	0	0	0	0	0	0	0
20.00	184512	4	0	0	0	0	0	0	0	0	0
20.10	182049	4	0	0	0	0	0	0	0	0	0
20.20	179614	4	0	0	0	0	0	0	0	0	0
20.30	177205	4	0	0	0	0	0	0	0	0	0
20.40	174823	4	0	0	0	0	0	0	0	0	0
20.50	172467	4	0	0	0	0	0	0	0	0	0
20.60	170138	4	0	0	0	0	0	0	0	0	0
20.70	167834	4	0	0	0	0	0	0	0	0	0
20.80	165556	4	0	0	0	0	0	0	0	0	0
20.90	163303	4	0	0	0	0	0	0	0	0	0
21.00	161076	4	0	0	0	0	0	0	0	0	0
21.10	158873	4	0	0	0	0	0	0	0	0	0
21.20	156696	4	0	0	0	0	0	0	0	0	0
21.30	154543	4	0	0	0	0	0	0	0	0	0
21.40	152414	4	0	0	0	0	0	0	0	0	0
21.50	150309	4	0	0	0	0	0	0	0	0	0
21.60	148228	4	0	0	0	0	0	0	0	0	0
21.70	146171	4	0	0	0	0	0	0	0	0	0
21.80	144138	4	0	0	0	0	0	0	0	0	0
21.90	142128	4	0	0	0	0	0	0	0	0	0
22.00	140140	4	0	0	0	0	0	0	0	0	0
22.10	138176	4	0	0	0	0	0	0	0	0	0
22.20	136234	4	0	0	0	0	0	0	0	0	0
22.30	134315	4	0	0	0	0	0	0	0	0	0
22.40	132418	4	0	0	0	0	0	0	0	0	0
22.50	130543	4	0	0	0	0	0	0	0	0	0
22.60	128690	4	0	0	0	0	0	0	0	0	0
22.70	126858	4	0	0	0	0	0	0	0	0	0
22.80	125048	4	0	0	0	0	0	0	0	0	0
22.90	123259	4	0	0	0	0	0	0	0	0	0
23.00	121492	4	0	0	0	0	0	0	0	0	0
23.10	119745	4	0	0	0	0	0	0	0	0	0
23.20	118019	4	0	0	0	0	0	0	0	0	0
23.30	116313	4	0	0	0	0	0	0	0	0	0
23.40	114627	4	0	0	0	0	0	0	0	0	0
23.50	112962	4	0	0	0	0	0	0	0	0	0
23.60	111316	4	0	0	0	0	0	0	0	0	0
23.70	109691	4	0	0	0	0	0	0	0	0	0
23.80	108084	4	0	0	0	0	0	0	0	0	0
23.90	106498	4	0	0	0	0	0	0	0	0	0
24.00	104930	4	0	0	0	0	0	0	0	0	0
24.10	103381	4	0	0	0	0	0	0	0	0	0
24.20	101851	4	0	0	0	0	0	0	0	0	0
24.30	100340	4	0	0	0	0	0	0	0	0	0
24.40	98847	4	0	0	0	0	0	0	0	0	0
24.50	97373	4	0	0	0	0	0	0	0	0	0
24.60	95916	4	0	0	0	0	0	0	0	0	0
24.70	94478	4	0	0	0	0	0	0	0	0	0
24.80	93057	4	0	0	0	0	0	0	0	0	0
24.90	91654	4	0	0	0	0	0	0	0	0	0
25.00	90268	4	0	0	0	0	0	0	0	0	0
25.10	88899	4	0	0	0	0	0	0	0	0	0
25.20	87548	4	0	0	0	0	0	0	0	0	0
25.30	86213	4	0	0	0	0	0	0	0	0	0
25.40	84895	4	0	0	0	0	0	0	0	0	0
25.50	83594	4	0	0	0	0	0	0	0	0	0
25.60	82309	4	0	0	0	0	0	0	0	0	0
25.70	81041	4	0	0	0	0	0	0	0	0	0
25.80	79788	4	0	0	0	0	0	0	0	0	0
25.90	78552	4	0	0	0	0	0	0	0	0	0
26.00	77331	4	0	0	0	0	0	0	0	0	0
26.10	76126	4	0	0	0	0	0	0	0	0	0
26.20	74936	4	0	0	0	0	0	0	0	0	0
26.30	73762	4	0	0	0	0	0	0	0	0	0
26.40	72602	4	0	0	0	0	0	0	0	0	0
26.50	71458	4	0	0	0	0	0	0	0	0	0
26.60	70329	4	0	0	0	0	0	0	0	0	0
26.70	69214	4	0	0	0	0	0	0	0	0	0
26.80	68114	4	0	0	0	0	0	0	0	0	0
26.90	67028	4	0	0	0	0	0	0	0	0	0
27.00	65956	4	0	0	0	0	0	0	0	0	0
27.10	64899	4	0	0	0	0	0	0	0	0	0
27.20	63855	4	0	0	0	0	0	0	0	0	0
27.30	62825	4	0	0	0	0	0	0	0	0	0
27.40	61809	4	0	0	0	0	0	0	0	0	0
27.50	60807	4	0	0	0	0	0	0	0	0	0
27.60	59818	4	0	0	0	0	0	0	0	0	0
27.70	58842	4	0	0	0	0	0	0	0	0	0
27.80	57879	4	0	0	0	0	0	0	0	0	0
27.90	56929	4	0	0	0	0	0	0	0	0	0
28.00	55992	4	0	0	0	0	0	0	0	0	0
28.10	55068	4	0	0	0	0	0	0	0	0	0
28.20	54156	4	0	0	0	0	0	0	0	0	0
28.30	53257	4	0	0	0	0	0	0	0	0	0
28.40	52370	4	0	0	0	0	0	0	0	0	0
28.50	51495	4	0	0	0	0	0	0	0	0	0
28.60	50632	4	0	0	0	0	0	0	0	0	0
28.70	49781	4	0	0	0	0	0	0	0	0	0
28.80	48942	4	0	0	0	0	0	0	0	0	0
28.90	48114	4	0	0	0	0	0	0	0	0	0
29.00	47298	4	0	0	0	0	0	0	0	0	0
29.10	46494	4	0	0	0	0	0	0	0	0	0
29.20	45700	4	0	0	0	0	0	0	0	0	0
29.30	44918	4	0	0	0	0	0	0	0	0	0
29.40	44147	4	0	0	0	0	0	0	0	0	0
29.50	43387	4	0	0	0	0	0	0	0	0	0
29.60	42637	4	0	0	0	0	0	0	0	0	0
29.70	41898	4	0	0	0	0	0	0	0	0	0
29.80	41170	4	0	0	0	0	0	0	0	0	0
29.90	40452	4	0	0	0	0	0	0	0	0	0
30.00	39744	4	0	0	0	0	0	0	0	0	0
30.10	39047	4	0	0	0	0	0	0	0	0	0
30.20	38360	4	0	0	0	0	0	0	0	0	0
30.30	37682	4	0	0	0	0	0	0	0	0	0
30.40	37015	4	0	0	0	0	0	0	0	0	0
30.50	36357	4	0	0	0	0	0	0	0	0	0
30.60	35709	4	0	0	0	0	0	0	0	0	0
30.70	35070	4	0	0	0	0	0	0	0	0	0
30.80	34441	4	0	0	0	0	0	0	0	0	0
30.90	33821	4	0	0	0	0	0	0	0	0	0
31.00	33210	4	0	0	0	0	0	0	0	0	0
31.10	32608	4	0	0	0	0	0	0	0	0	0
31.20	32016	4	0	0	0	0	0	0	0	0	0
31.30	31432	4	0	0	0	0	0	0	0	0	0
31.40	30857	4	0	0	0	0	0	0	0	0	0
31.50	30290	4	0	0	0	0	0	0	0	0	0
31.60	29733	4	0	0	0	0	0	0	0	0	0
31.70	29183	4	0	0	0	0	0	0	0	0	0
31.80	28642	4	0	0	0	0	0	0	0	0	0
31.90	28109	4	0	0	0	0	0	0	0	0	0
32.00	27585	4	0	0	0	0	0	0	0	0	0
32.10	27068	4	0	0	0	0	0	0	0	0	0
32.20	26560	4	0	0	0	0	0	0	0	0	0
32.30	26059	4	0	0	0	0	0	0	0	0	0
32.40	25566	4	0	0	0	0	0	0	0	0	0
32.50	25081	4	0	0	0	0	0	0	0	0	0
32.60	24603	4	0	0	0	0	0	0	0	0	0
32.70	24133	4	0	0	0	0	0	0	0	0	0
32.80	23670	4	0	0	0	0	0	0	0	0	0
32.90	23214	4	0	0	0	0	0	0	0	0	0
33.00	22766	4	0	0	0	0	0	0	0	0	0
33.10	22325	4	0	0	0	0	0	0	0	0	0
33.20	21891	4	0	0	0	0	0	0	0	0	0
33.30	21464	4	0	0	0	0	0	0	0	0	0
33.40	21043	4	0	0	0	0	0	0	0	0	0
33.50	20630	4	0	0	0	0	0	0	0	0	0
33.60	20223	4	0	0	0	0	0	0	0	0	0
33.70	19823	4	0	0	0	0	0	0	0	0	0
33.80	19429	4	0	0	0	0	0	0	0	0	0
33.90	19042	4	0	0	0	0	0	0	0	0	0
34.00	18661	4	0	0	0	0	0	0	0	0	0
34.10	18286	4	0	0	0	0	0	0	0	0	0
34.20	17918	4	0	0	0	0	0	0	0	0	0
34.30	17556	4	0	0	0	0	0	0	0	0	0
34.40	17199	4	0	0	0	0	0	0	0	0	0
34.50	16849	4	0	0	0	0	0	0	0	0	0
34.60	16505	4	0	0	0	0	0	0	0	0	0
34.70	16166	4	0	0	0	0	0	0	0	0	0
34.80	15833	4	0	0	0	0	0	0	0	0	0
34.90	15506	4	0	0	0	0	0	0	0	0	0
35.00	15184	4	0	0	0	0	0	0	0	0	0
35.10	14868	4	0	0	0	0	0	0	0	0	0
35.20	14557	4	0	0	0	0	0	0	0	0	0
35.30	14252	4	0	0	0	0	0	0	0	0	0
35.40	13951	4	0	0	0	0	0	0	0	0	0
35.50	13657	4	0	0	0	0	0	0	0	0	0
35.60	13367	4	0	0	0	0	0	0	0	0	0
35.70	13082	4	0	0	0	0	0	0	0	0	0
35.80	12802	4	0	0	0	0	0	0	0	0	0
35.90	12527	4	0	0	0	0	0	0	0	0	0
36.00	12257	4	0	0	0	0	0	0	0	0	0
36.10	11992	4	0	0	0	0	0	0	0	0	0
36.20	11732	4	0	0	0	0	0	0	0	0	0
36.30	11476	4	0	0	0	0	0	0	0	0	0
36.40	11225	4	0	0	0	0	0	0	0	0	0
36.50	10978	4	0	0	0	0	0	0	0	0	0
36.60	10736	4	0	0	0	0	0	0	0	0	0
36.70	10498	4	0	0	0	0	0	0	0	0	0
36.80	10265	4	0	0	0	0	0	0	0	0	0
36.90	10036	4	0	0	0	0	0	0	0	0	0
37.00	9811	4	0	0	0	0	0	0	0	0	0
37.10	9590	4	0	0	0	0	0	0	0	0	0
37.20	9373	4	0	0	0	0	0	0	0	0	0
37.30	9160	4	0	0	0	0	0	0	0	0	0
37.40	8952	4	0	0	0	0	0	0	0	0	0
37.50	8747	4	0	0	0	0	0	0	0	0	0
37.60	8546	4	0	0	0	0	0	0	0	0	0
37.70	8349	4	0	0	0	0	0	0	0	0	0
37.80	8156	4	0	0	0	0	0	0	0	0	0
37.90	7966	4	0	0	0	0	0	0	0	0	0
38.00	7780	4	0	0	0	0	0	0	0	0	0
38.10	7597	4	0	0	0	0	0	0	0	0	0
38.20	7418	4	0	0	0	0	0	0	0	0	0
38.30	7243	4	0	0	0	0	0	0	0	0	0
38.40	7071	4	0	0	0	0	0	0	0	0	0
38.50	6902	4	0	0	0	0	0	0	0	0	0
38.60	6737	4	0	0	0	0	0	0	0	0	0
38.70	6575	4	0	0	0	0	0	0	0	0	0
38.80	6416	4	0	0	0	0	0	0	0	0	0
38.90	6260	4	0	0	0	0	0	0	0	0	0
39.00	6108	4	0	0	0	0	0	0	0	0	0
39.10	5958	4	0	0	0	0	0	0	0	0	0
39.20	5811	4	0	0	0	0	0	0	0	0	0
39.30	5668	4	0	0	0	0	0	0	0	0	0
39.40	5527	4	0	0	0	0	0	0	0	0	0
39.50	5390	4	0	0	0	0	0	0	0	0	0
39.60	5255	4	0	0	0	0	0	0	0	0	0
39.70	5122	4	0	0	0	0	0	0	0	0	0
39.80	4993	4	0	0	0	0	0	0	0	0	0
39.90	4866	4	0	0	0	0	0	0	0	0	0
40.00	4742	4	0	0	0	0	0	0	0	0	0
40.10	4621	4	0	0	0	0	0	0	0	0	0
40.20	4502	4	0	0	0	0	0	0	0	0	0
40.30	4386	4	0	0	0	0	0	0	0	0	0
40.40	4272	4	0	0	0	0	0	0	0	0	0
40.50	4160	4	0	0	0	0	0	0	0	0	0
40.60	4051	4	0	0	0	0	0	0	0	0	0
40.70	3945	4	0	0	0	0	0	0	0	0	0
40.80	3840	4	0	0	0	0	0	0	0	0	0
40.90	3738	4	0	0	0	0	0	0	0	0	0
41.00	3638	4	0	0	0	0	0	0	0	0	0
41.10	3541	4	0	0	0	0	0	0	0	0	0
41.20	3445	4	0	0	0	0	0	0	0	0	0
41.30	3352	4	0	0	0	0	0	0	0	0	0
41.40	3260	4	0	0	0	0	0	0	0	0	0
41.50	3171	4	0	0	0	0	0	0	0	0	0
41.60	3084	4	0	0	0	0	0	0	0	0	0
41.70	2999	4	0	0	0	0	0	0	0	0	0
41.80	2915	4	0	0	0	0	0	0	0	0	0
41.90	2834	4	0	0	0	0	0	0	0	0	0
42.00	2755	4	0	0	0	0	0	0	0	0	0
42.10	2677	4	0	0	0	0	0	0	0	0	0
42.20	2601	4	0	0	0	0	0	0	0	0	0
42.30	2527	4	0	0	0	0	0	0	0	0	0
42.40	2455	4	0	0	0	0	0	0	0	0	0
42.50	2384	4	0	0	0	0	0	0	0	0	0
42.60	2315	4	0	0	0	0	0	0	0	0	0
42.70	2248	4	0	0	0	0	0	0	0	0	0
42.80	2182	4	0	0	0	0	0	0	0	0	0
42.90	2118	4	0	0	0	0	0	0	0	0	0
43.00	2055	4	0	0	0	0	0	0	0	0	0
43.10	1994	4	0	0	0	0	0	0	0	0	0
43.20	1935	4	0	0	0	0	0	0	0	0	0
43.30	1877	4	0	0	0	0	0	0	0	0	0
43.40	1820	4	0	0	0	0	0	0	0	0	0
43.50	1765	4	0	0	0	0	0	0	0	0	0
43.60	1711	4	0	0	0	0	0	0	0	0	0
43.70	1658	4	0	0	0	0	0	0	0	0	0
43.80	1607	4	0	0	0	0	0	0	0	0	0
43.90	1557	4	0	0	0	0	0	0	0	0	0
44.00	1509	4	0	0	0	0	0	0	0	0	0
44.10	1461	4	0	0	0	0	0	0	0	0	0
44.20	1415	4	0	0	0	0	0	0	0	0	0
44.30	1370	4	0	0	0	0	0	0	0	0	0
44.40	1327	4	0	0	0	0	0	0	0	0	0
44.50	1284	4	0	0	0	0	0	0	0	0	0
44.60	1243	4	0	0	0	0	0	0	0	0	0
44.70	1202	4	0	0	0	0	0	0	0	0	0
44.80	1163	4	0	0	0	0	0	0	0	0	0
44.90	1125	4	0	0	0	0	0	0	0	0	0
45.00	1088	4	0	0	0	0	0	0	0	0	0
45.10	1051	4	0	0	0	0	0	0	0	0	0
45.20	1016	4	0	0	0	0	0	0	0	0	0
45.30	982	4	0	0	0	0	0	0	0	0	0
45.40	949	4	0	0	0	0	0	0	0	0	0
45.50	917	4	0	0	0	0	0	0	0	0	0
45.60	885	4	0	0	0	0	0	0	0	0	0
45.70	855	4	0	0	0	0	0	0	0	0	0
45.80	825	4	0	0	0	0	0	0	0	0	0
45.90	796	4	0	0	0	0	0	0	0	0	0
46.00	768	4	0	0	0	0	0	0	0	0	0
46.10	741	4	0	0	0	0	0	0	0	0	0
46.20	715	4	0	0	0	0	0	0	0	0	0
46.30	689	4	0	0	0	0	0	0	0	0	0
46.40	664	4	0	0	0	0	0	0	0	0	0
46.50	640	4	0	0	0	0	0	0	0	0	0
46.60	617	4	0	0	0	0	0	0	0	0	0
46.70	594	4	0	0	0	0	0	0	0	0	0
46.80	572	4	0	0	0	0	0	0	0	0	0
46.90	551	4	0	0	0	0	0	0	0	0	0
47.00	530	4	0	0	0	0	0	0	0	0	0
47.10	510	4	0	0	0	0	0	0	0	0	0
47.20	491	4	0	0	0	0	0	0	0	0	0
47.30	472	4	0	0	0	0	0	0	0	0	0
47.40	454	4	0	0	0	0	0	0	0	0	0
47.50	436	4	0	0	0	0	0	0	0	0	0
47.60	419	4	0	0	0	0	0	0	0	0	0
47.70	403	4	0	0	0	0	0	0	0	0	0
47.80	387	4	0	0	0	0	0	0	0	0	0
47.90	371	4	0	0	0	0	0	0	0	0	0
48.00	356	4	0	0	0	0	0	0	0	0	0
48.10	342	4	0	0	0	0	0	0	0	0	0
48.20	328	4	0	0	0	0	0	0	0	0	0
48.30	314	4	0	0	0	0	0	0	0	0	0
48.40	301	4	0	0	0	0	0	0	0	0	0
48.50	289	4	0	0	0	0	0	0	0	0	0
48.60	277	4	0	0	0	0	0	0	0	0	0
48.70	265	4	0	0	0	0	0	0	0	0	0
48.80	254	4	0	0	0	0	0	0	0	0	0
48.90	243	4	0	0	0	0	0	0	0	0	0
49.00	232	4	0	0	0	0	0	0	0	0	0
49.10	222	4	0	0	0	0	0	0	0	0	0
49.20	212	4	0	0	0	0	0	0	0	0	0
49.30	203	4	0	0	0	0	0	0	0	0	0
49.40	194	4	0	0	0	0	0	0	0	0	0
49.50	185	4	0	0	0	0	0	0	0	0	0
49.60	177	4	0	0	0	0	0	0	0	0	0
49.70	169	4	0	0	0	0	0	0	0	0	0
49.80	161	4	0	0	0	0	0	0	0	0	0
49.90	153	4	0	0	0	0	0	0	0	0	0
50.00	146	4	0	0	0	0	0	0	0	0	0
50.10	139	4	0	0	0	0	0	0	0	0	0
50.20	133	4	0	0	0	0	0	0	0	0	0
50.30	126	4	0	0	0	0	0	0	0	0	0
50.40	120	4	0	0	0	0	0	0	0	0	0
50.50	114	4	0	0	0	0	0	0	0	0	0
50.60	109	4	0	0	0	0	0	0	0	0	0
50.70	103	4	0	0	0	0	0	0	0	0	0
50.80	98	4	0	0	0	0	0	0	0	0	0
50.90	93	4	0	0	0	0	0	0	0	0	0
51.00	88	4	0	0	0	0	0	0	0	0	0
51.10	84	4	0	0	0	0	0	0	0	0	0
51.20	79	4	0	0	0	0	0	0	0	0	0
51.30	75	4	0	0	0	0	0	0	0	0	0
51.40	71	4	0	0	0	0	0	0	0	0	0
51.50	67	4	0	0	0	0	0	0	0	0	0
51.60	64	4	0	0	0	0	0	0	0	0	0
51.70	60	4	0	0	0	0	0	0	0	0	0
51.80	57	4	0	0	0	0	0	0	0	0	0
51.90	54	4	0	0	0	0	0	0	0	0	0
52.00	51	4	0	0	0	0	0	0	0	0	0
52.10	48	4	0	0	0	0	0	0	0	0	0
52.20	45	4	0	0	0	0	0	0	0	0	0
52.30	42	4	0	0	0	0	0	0	0	0	0
52.40	40	4	0	0	0	0	0	0	0	0	0
52.50	37	4	0	0	0	0	0	0	0	0	0
52.60	35	4	0	0	0	0	0	0	0	0	0
52.70	33	4	0	0	0	0	0	0	0	0	0
52.80	31	4	0	0	0	0	0	0	0	0	0
52.90	29	4	0	0	0	0	0	0	0	0	0
53.00	27	4	0	0	0	0	0	0	0	0	0
53.10	26	4	0	0	0	0	0	0	0	0	0
53.20	24	4	0	0	0	0	0	0	0	0	0
53.30	22	4	0	0	0	0	0	0	0	0	0
53.40	21	4	0	0	0	0	0	0	0	0	0
53.50	19	4	0	0	0	0	0	0	0	0	0
53.60	18	4	0	0	0	0	0	0	0	0	0
53.70	17	4	0	0	0	0	0	0	0	0	0
53.80	16	4	0	0	0	0	0	0	0	0	0
53.90	15	4	0	0	0	0	0	0	0	0	0
54.00	14	4	0	0	0	0	0	0	0	0	0
54.10	13	4	0	0	0	0	0	0	0	0	0
54.20	12	4	0	0	0	0	0	0	0	0	0
54.30	11	4	0	0	0	0	0	0	0	0	0
54.40	10	4	0	0	0	0	0	0	0	0	0
54.50	9	4	0	0	0	0	0	0	0	0	0
54.60	9	4	0	0	0	0	0	0	0	0	0
54.70	8	4	0	0	0	0	0	0	0	0	0
54.80	7	4	0	0	0	0	0	0	0	0	0
54.90	7	4	0	0	0	0	0	0	0	0	0
55.00	6	4	0	0	0	0	0	0	0	0	0
55.10	6	4	0	0	0	0	0	0	0	0	0
55.20	5	4	0	0	0	0	0	0	0	0	0
55.30	5	4	0	0	0	0	0	0	0	0	0
55.40	4	4	0	0	0	0	0	0	0	0	0
55.50	4	4	0	0	0	0	0	0	0	0	0
55.60	4	4	0	0	0	0	0	0	0	0	0
55.70	3	4	0	0	0	0	0	0	0	0	0
55.80	3	4	0	0	0	0	0	0	0	0	0
55.90	3	4	0	0	0	0	0	0	0	0	0
56.00	2	4	0	0	0	0	0	0	0	0	0
56.10	2	4	0	0	0	0	0	0	0	0	0
56.20	2	4	0	0	0	0	0	0	0	0	0
56.30	2	4	0	0	0	0	0	0	0	0	0
56.40	2	4	0	0	0	0	0	0	0	0	0
56.50	1	4	0	0	0	0	0	0	0	0	0
56.60	1	4	0	0	0	0	0	0	0	0	0
56.70	1	4	0	0	0	0	0	0	0	0	0
56.80	1	4	0	0	0	0	0	0	0	0	0
56.90	1	4	0	0	0	0	0	0	0	0	0
57.00	1	4	0	0	0	0	0	0	0	0	0
57.10	1	4	0	0	0	0	0	0	0	0	0
57.20	1	4	0	0	0	0	0	0	0	0	0
57.30	1	4	0	0	0	0	0	0	0	0	0
57.40	0	4	0	0	0	0	0	0	0	0	0
57.50	0	4	0	0	0	0	0	0	0	0	0
57.60	0	4	0	0	0	0	0	0	0	0	0
57.70	0	4	0	0	0	0	0	0	0	0	0
57.80	0	4	0	0	0	0	0	0	0	0	0
57.90	0	4	0	0	0	0	0	0	0	0	0
58.00	0	4	0	0	0	0	0	0	0	0	0
58.10	0	4	0	0	0	0	0	0	0	0	0
58.20	0	4	0	0	0	0	0	0	0	0	0
58.30	0	4	0	0	0	0	0	0	0	0	0
58.40	0	4	0	0	0	0	0	0	0	0	0
58.50	0	4	0	0	0	0	0	0	0	0	0
58.60	0	4	0	0	0	0	0	0	0	0	0
58.70	0	4	0	0	0	0	0	0	0	0	0
58.80	0	4	0	0	0	0	0	0	0	0	0
58.90	0	4	0	0	0	0	0	0	0	0	0
59.00	0	4	0	0	0	0	0	0	0	0	0
59.10	0	4	0	0	0	0	0	0	0	0	0
59.20	0	4	0	0	0	0	0	0	0	0	0
59.30	0	4	0	0	0	0	0	0	0	0	0
59.40	0	4	0	0	0	0	0	0	0	0	0
59.50	0	4	0	0	0	0	0	0	0	0	0
59.60	0	4	0	0	0	0	0	0	0	0	0
59.70	0	4	0	0	0	0	0	0	0	0	0
59.80	0	4	0	0	0	0	0	0	0	0	0
59.90	0	4	0	0	0	0	0	0	0	0	0
60.00	0	4	0	0	0	0	0	0	0	0	0
60.10	0	4	0	0	0	0	0	0	0	0	0
60.20	0	4	0	0	0	0	0	0	0	0	0
60.30	0	4	0	0	0	0	0	0	0	0	0
60.40	0	4	0	0	0	0	0	0	0	0	0
60.50	0	4	0	0	0	0	0	0	0	0	0
60.60	0	4	0	0	0	0	0	0	0	0	0
60.70	0	4	0	0	0	0	0	0	0	0	0
60.80	0	4	0	0	0	0	0	0	0	0	0
60.90	0	4	0	0	0	0	0	0	0	0	0
61.00	0	4	0	0	0	0	0	0	0	0	0
61.10	0	4	0	0	0	0	0	0	0	0	0
61.20	0	4	0	0	0	0	0	0	0	0	0
61.30	0	4	0	0	0	0	0	0	0	0	0
61.40	0	4	0	0	0	0	0	0	0	0	0
61.50	0	4	0	0	0	0	0	0	0	0	0
61.54	0	4	0	0	0	0	0	0	0	0	0