-999	"MyLake init"
Z (m)	Az (m2)	Tz (deg C)	Cz	Sz (kg/m3)	TPz (mg/m3)	DOPz (mg/m3)	Chlaz (mg/m3)	DOCz (mg/m3)	TPz_sed (mg/m3)	Chlaz_sed (mg/m3)	"Fvol_IM (m3/m3	 dry w.)"	Hice (m)	Hsnow (m)
0.00	7046560	4	0	0	0	0	0	0	0	0	0	0	0
0.10	7015363	4	0	0	0	0	0	0	0	0	0
0.20	6984181	4	0	0	0	0	0	0	0	0	0
0.30	6953015	4	0	0	0	0	0	0	0	0	0
0.40	6921864	4	0	0	0	0	0	0	0	0	0
0.50	6890730	4	0	0	0	0	0	0	0	0	0
0.60	6859611	4	0	0	0	0	0	0	0	0	0
0.70	6828509	4	0	0	0	0	0	0	0	0	0
0.80	6797422	4	0	0	0	0	0	0	0	0	0
0.90	6766352	4	0	0	0	0	0	0	0	0	0
1.00	6735298	4	0	0	0	0	0	0	0	0	0
1.10	6704259	4	0	0	0	0	0	0	0	0	0
1.20	6673237	4	0	0	0	0	0	0	0	0	0
1.30	6642232	4	0	0	0	0	0	0	0	0	0
1.40	6611242	4	0	0	0	0	0	0	0	0	0
1.50	6580270	4	0	0	0	0	0	0	0	0	0
1.60	6549313	4	0	0	0	0	0	0	0	0	0
1.70	6518373	4	0	0	0	0	0	0	0	0	0
1.80	6487450	4	0	0	0	0	0	0	0	0	0
1.90	6456544	4	0	0	0	0	0	0	0	0	0
2.00	6425654	4	0	0	0	0	0	0	0	0	0
2.10	6394781	4	0	0	0	0	0	0	0	0	0
2.20	6363924	4	0	0	0	0	0	0	0	0	0
2.30	6333085	4	0	0	0	0	0	0	0	0	0
2.40	6302263	4	0	0	0	0	0	0	0	0	0
2.50	6271457	4	0	0	0	0	0	0	0	0	0
2.60	6240669	4	0	0	0	0	0	0	0	0	0
2.70	6209898	4	0	0	0	0	0	0	0	0	0
2.80	6179144	4	0	0	0	0	0	0	0	0	0
2.90	6148408	4	0	0	0	0	0	0	0	0	0
3.00	6117689	4	0	0	0	0	0	0	0	0	0
3.10	6086987	4	0	0	0	0	0	0	0	0	0
3.20	6056303	4	0	0	0	0	0	0	0	0	0
3.30	6025636	4	0	0	0	0	0	0	0	0	0
3.40	5994987	4	0	0	0	0	0	0	0	0	0
3.50	5964356	4	0	0	0	0	0	0	0	0	0
3.60	5933742	4	0	0	0	0	0	0	0	0	0
3.70	5903147	4	0	0	0	0	0	0	0	0	0
3.80	5872569	4	0	0	0	0	0	0	0	0	0
3.90	5842009	4	0	0	0	0	0	0	0	0	0
4.00	5811467	4	0	0	0	0	0	0	0	0	0
4.10	5780944	4	0	0	0	0	0	0	0	0	0
4.20	5750439	4	0	0	0	0	0	0	0	0	0
4.30	5719952	4	0	0	0	0	0	0	0	0	0
4.40	5689483	4	0	0	0	0	0	0	0	0	0
4.50	5659033	4	0	0	0	0	0	0	0	0	0
4.60	5628601	4	0	0	0	0	0	0	0	0	0
4.70	5598188	4	0	0	0	0	0	0	0	0	0
4.80	5567793	4	0	0	0	0	0	0	0	0	0
4.90	5537418	4	0	0	0	0	0	0	0	0	0
5.00	5507061	4	0	0	0	0	0	0	0	0	0
5.10	5476723	4	0	0	0	0	0	0	0	0	0
5.20	5446404	4	0	0	0	0	0	0	0	0	0
5.30	5416104	4	0	0	0	0	0	0	0	0	0
5.40	5385823	4	0	0	0	0	0	0	0	0	0
5.50	5355562	4	0	0	0	0	0	0	0	0	0
5.60	5325320	4	0	0	0	0	0	0	0	0	0
5.70	5295097	4	0	0	0	0	0	0	0	0	0
5.80	5264894	4	0	0	0	0	0	0	0	0	0
5.90	5234710	4	0	0	0	0	0	0	0	0	0
6.00	5204546	4	0	0	0	0	0	0	0	0	0
6.10	5174402	4	0	0	0	0	0	0	0	0	0
6.20	5144277	4	0	0	0	0	0	0	0	0	0
6.30	5114173	4	0	0	0	0	0	0	0	0	0
6.40	5084088	4	0	0	0	0	0	0	0	0	0
6.50	5054024	4	0	0	0	0	0	0	0	0	0
6.60	5023980	4	0	0	0	0	0	0	0	0	0
6.70	4993956	4	0	0	0	0	0	0	0	0	0
6.80	4963953	4	0	0	0	0	0	0	0	0	0
6.90	4933970	4	0	0	0	0	0	0	0	0	0
7.00	4904008	4	0	0	0	0	0	0	0	0	0
7.10	4874066	4	0	0	0	0	0	0	0	0	0
7.20	4844145	4	0	0	0	0	0	0	0	0	0
7.30	4814245	4	0	0	0	0	0	0	0	0	0
7.40	4784366	4	0	0	0	0	0	0	0	0	0
7.50	4754508	4	0	0	0	0	0	0	0	0	0
7.60	4724671	4	0	0	0	0	0	0	0	0	0
7.70	4694856	4	0	0	0	0	0	0	0	0	0
7.80	4665062	4	0	0	0	0	0	0	0	0	0
7.90	4635290	4	0	0	0	0	0	0	0	0	0
8.00	4605539	4	0	0	0	0	0	0	0	0	0
8.10	4575809	4	0	0	0	0	0	0	0	0	0
8.20	4546102	4	0	0	0	0	0	0	0	0	0
8.30	4516417	4	0	0	0	0	0	0	0	0	0
8.40	4486753	4	0	0	0	0	0	0	0	0	0
8.50	4457112	4	0	0	0	0	0	0	0	0	0
8.60	4427493	4	0	0	0	0	0	0	0	0	0
8.70	4397897	4	0	0	0	0	0	0	0	0	0
8.80	4368322	4	0	0	0	0	0	0	0	0	0
8.90	4338771	4	0	0	0	0	0	0	0	0	0
9.00	4309242	4	0	0	0	0	0	0	0	0	0
9.10	4279737	4	0	0	0	0	0	0	0	0	0
9.20	4250254	4	0	0	0	0	0	0	0	0	0
9.30	4220794	4	0	0	0	0	0	0	0	0	0
9.40	4191358	4	0	0	0	0	0	0	0	0	0
9.50	4161944	4	0	0	0	0	0	0	0	0	0
9.60	4132555	4	0	0	0	0	0	0	0	0	0
9.70	4103189	4	0	0	0	0	0	0	0	0	0
9.80	4073847	4	0	0	0	0	0	0	0	0	0
9.90	4044528	4	0	0	0	0	0	0	0	0	0
10.00	4015234	4	0	0	0	0	0	0	0	0	0
10.10	3985964	4	0	0	0	0	0	0	0	0	0
10.20	3956718	4	0	0	0	0	0	0	0	0	0
10.30	3927496	4	0	0	0	0	0	0	0	0	0
10.40	3898299	4	0	0	0	0	0	0	0	0	0
10.50	3869127	4	0	0	0	0	0	0	0	0	0
10.60	3839980	4	0	0	0	0	0	0	0	0	0
10.70	3810857	4	0	0	0	0	0	0	0	0	0
10.80	3781760	4	0	0	0	0	0	0	0	0	0
10.90	3752688	4	0	0	0	0	0	0	0	0	0
11.00	3723641	4	0	0	0	0	0	0	0	0	0
11.10	3694621	4	0	0	0	0	0	0	0	0	0
11.20	3665625	4	0	0	0	0	0	0	0	0	0
11.30	3636656	4	0	0	0	0	0	0	0	0	0
11.40	3607713	4	0	0	0	0	0	0	0	0	0
11.50	3578796	4	0	0	0	0	0	0	0	0	0
11.60	3549906	4	0	0	0	0	0	0	0	0	0
11.70	3521042	4	0	0	0	0	0	0	0	0	0
11.80	3492204	4	0	0	0	0	0	0	0	0	0
11.90	3463394	4	0	0	0	0	0	0	0	0	0
12.00	3434611	4	0	0	0	0	0	0	0	0	0
12.10	3405855	4	0	0	0	0	0	0	0	0	0
12.20	3377126	4	0	0	0	0	0	0	0	0	0
12.30	3348425	4	0	0	0	0	0	0	0	0	0
12.40	3319752	4	0	0	0	0	0	0	0	0	0
12.50	3291107	4	0	0	0	0	0	0	0	0	0
12.60	3262490	4	0	0	0	0	0	0	0	0	0
12.70	3233901	4	0	0	0	0	0	0	0	0	0
12.80	3205341	4	0	0	0	0	0	0	0	0	0
12.90	3176810	4	0	0	0	0	0	0	0	0	0
13.00	3148307	4	0	0	0	0	0	0	0	0	0
13.10	3119834	4	0	0	0	0	0	0	0	0	0
13.20	3091390	4	0	0	0	0	0	0	0	0	0
13.30	3062976	4	0	0	0	0	0	0	0	0	0
13.40	3034591	4	0	0	0	0	0	0	0	0	0
13.50	3006237	4	0	0	0	0	0	0	0	0	0
13.60	2977912	4	0	0	0	0	0	0	0	0	0
13.70	2949618	4	0	0	0	0	0	0	0	0	0
13.80	2921355	4	0	0	0	0	0	0	0	0	0
13.90	2893123	4	0	0	0	0	0	0	0	0	0
14.00	2864922	4	0	0	0	0	0	0	0	0	0
14.10	2836752	4	0	0	0	0	0	0	0	0	0
14.20	2808613	4	0	0	0	0	0	0	0	0	0
14.30	2780507	4	0	0	0	0	0	0	0	0	0
14.40	2752433	4	0	0	0	0	0	0	0	0	0
14.50	2724391	4	0	0	0	0	0	0	0	0	0
14.60	2696381	4	0	0	0	0	0	0	0	0	0
14.70	2668405	4	0	0	0	0	0	0	0	0	0
14.80	2640461	4	0	0	0	0	0	0	0	0	0
14.90	2612551	4	0	0	0	0	0	0	0	0	0
15.00	2584675	4	0	0	0	0	0	0	0	0	0
15.10	2556832	4	0	0	0	0	0	0	0	0	0
15.20	2529024	4	0	0	0	0	0	0	0	0	0
15.30	2501251	4	0	0	0	0	0	0	0	0	0
15.40	2473512	4	0	0	0	0	0	0	0	0	0
15.50	2445808	4	0	0	0	0	0	0	0	0	0
15.60	2418140	4	0	0	0	0	0	0	0	0	0
15.70	2390508	4	0	0	0	0	0	0	0	0	0
15.80	2362911	4	0	0	0	0	0	0	0	0	0
15.90	2335351	4	0	0	0	0	0	0	0	0	0
16.00	2307828	4	0	0	0	0	0	0	0	0	0
16.10	2280342	4	0	0	0	0	0	0	0	0	0
16.20	2252893	4	0	0	0	0	0	0	0	0	0
16.30	2225482	4	0	0	0	0	0	0	0	0	0
16.40	2198109	4	0	0	0	0	0	0	0	0	0
16.50	2170775	4	0	0	0	0	0	0	0	0	0
16.60	2143479	4	0	0	0	0	0	0	0	0	0
16.70	2116223	4	0	0	0	0	0	0	0	0	0
16.80	2089007	4	0	0	0	0	0	0	0	0	0
16.90	2061830	4	0	0	0	0	0	0	0	0	0
17.00	2034694	4	0	0	0	0	0	0	0	0	0
17.10	2007599	4	0	0	0	0	0	0	0	0	0
17.20	1980545	4	0	0	0	0	0	0	0	0	0
17.30	1953533	4	0	0	0	0	0	0	0	0	0
17.40	1926562	4	0	0	0	0	0	0	0	0	0
17.50	1899635	4	0	0	0	0	0	0	0	0	0
17.60	1872751	4	0	0	0	0	0	0	0	0	0
17.70	1845910	4	0	0	0	0	0	0	0	0	0
17.80	1819113	4	0	0	0	0	0	0	0	0	0
17.90	1792361	4	0	0	0	0	0	0	0	0	0
18.00	1765654	4	0	0	0	0	0	0	0	0	0
18.10	1738993	4	0	0	0	0	0	0	0	0	0
18.20	1712377	4	0	0	0	0	0	0	0	0	0
18.30	1685809	4	0	0	0	0	0	0	0	0	0
18.40	1659287	4	0	0	0	0	0	0	0	0	0
18.50	1632814	4	0	0	0	0	0	0	0	0	0
18.60	1606389	4	0	0	0	0	0	0	0	0	0
18.70	1580013	4	0	0	0	0	0	0	0	0	0
18.80	1553687	4	0	0	0	0	0	0	0	0	0
18.90	1527411	4	0	0	0	0	0	0	0	0	0
19.00	1501186	4	0	0	0	0	0	0	0	0	0
19.10	1475013	4	0	0	0	0	0	0	0	0	0
19.20	1448892	4	0	0	0	0	0	0	0	0	0
19.30	1422824	4	0	0	0	0	0	0	0	0	0
19.40	1396811	4	0	0	0	0	0	0	0	0	0
19.50	1370852	4	0	0	0	0	0	0	0	0	0
19.60	1344948	4	0	0	0	0	0	0	0	0	0
19.70	1319101	4	0	0	0	0	0	0	0	0	0
19.80	1293311	4	0	0	0	0	0	0	0	0	0
19.90	1267579	4	0	0	0	0	0	0	0	0	0
20.00	1241906	4	0	0	0	0	0	0	0	0	0
20.10	1216292	4	0	0	0	0	0	0	0	0	0
20.20	1190740	4	0	0	0	0	0	0	0	0	0
20.30	1165249	4	0	0	0	0	0	0	0	0	0
20.40	1139822	4	0	0	0	0	0	0	0	0	0
20.50	1114458	4	0	0	0	0	0	0	0	0	0
20.60	1089159	4	0	0	0	0	0	0	0	0	0
20.70	1063927	4	0	0	0	0	0	0	0	0	0
20.80	1038762	4	0	0	0	0	0	0	0	0	0
20.90	1013666	4	0	0	0	0	0	0	0	0	0
21.00	988641	4	0	0	0	0	0	0	0	0	0
21.10	963686	4	0	0	0	0	0	0	0	0	0
21.20	938804	4	0	0	0	0	0	0	0	0	0
21.30	913997	4	0	0	0	0	0	0	0	0	0
21.40	889266	4	0	0	0	0	0	0	0	0	0
21.50	864612	4	0	0	0	0	0	0	0	0	0
21.60	840037	4	0	0	0	0	0	0	0	0	0
21.70	815544	4	0	0	0	0	0	0	0	0	0
21.80	791133	4	0	0	0	0	0	0	0	0	0
21.90	766808	4	0	0	0	0	0	0	0	0	0
22.00	742569	4	0	0	0	0	0	0	0	0	0
22.10	718419	4	0	0	0	0	0	0	0	0	0
22.20	694361	4	0	0	0	0	0	0	0	0	0
22.30	670397	4	0	0	0	0	0	0	0	0	0
22.40	646529	4	0	0	0	0	0	0	0	0	0
22.50	622761	4	0	0	0	0	0	0	0	0	0
22.60	599094	4	0	0	0	0	0	0	0	0	0
22.70	575533	4	0	0	0	0	0	0	0	0	0
22.80	552081	4	0	0	0	0	0	0	0	0	0
22.90	528741	4	0	0	0	0	0	0	0	0	0
23.00	505516	4	0	0	0	0	0	0	0	0	0
23.10	482412	4	0	0	0	0	0	0	0	0	0
23.20	459432	4	0	0	0	0	0	0	0	0	0
23.30	436582	4	0	0	0	0	0	0	0	0	0
23.40	413866	4	0	0	0	0	0	0	0	0	0
23.50	391290	4	0	0	0	0	0	0	0	0	0
23.60	368861	4	0	0	0	0	0	0	0	0	0
23.70	346585	4	0	0	0	0	0	0	0	0	0
23.80	324470	4	0	0	0	0	0	0	0	0	0
23.90	302524	4	0	0	0	0	0	0	0	0	0
24.00	280756	4	0	0	0	0	0	0	0	0	0
24.10	259178	4	0	0	0	0	0	0	0	0	0
24.20	237802	4	0	0	0	0	0	0	0	0	0
24.30	216641	4	0	0	0	0	0	0	0	0	0
24.40	195711	4	0	0	0	0	0	0	0	0	0
24.50	175032	4	0	0	0	0	0	0	0	0	0
24.60	154626	4	0	0	0	0	0	0	0	0	0
24.70	134520	4	0	0	0	0	0	0	0	0	0
24.80	114750	4	0	0	0	0	0	0	0	0	0
24.90	95360	4	0	0	0	0	0	0	0	0	0
25.00	76407	4	0	0	0	0	0	0	0	0	0
25.10	57976	4	0	0	0	0	0	0	0	0	0
25.20	40193	4	0	0	0	0	0	0	0	0	0
25.30	23280	4	0	0	0	0	0	0	0	0	0
25.40	7748	4	0	0	0	0	0	0	0	0	0
25.46	0	4	0	0	0	0	0	0	0	0	0