-999	"MyLake init"
Z (m)	Az (m2)	Tz (deg C)	Cz	Sz (kg/m3)	TPz (mg/m3)	DOPz (mg/m3)	Chlaz (mg/m3)	DOCz (mg/m3)	TPz_sed (mg/m3)	Chlaz_sed (mg/m3)	"Fvol_IM (m3/m3	 dry w.)"	Hice (m)	Hsnow (m)
0.00	63672487	4	0	0	0	0	0	0	0	0	0	0	0
0.10	63517971	4	0	0	0	0	0	0	0	0	0
0.20	63363342	4	0	0	0	0	0	0	0	0	0
0.30	63208598	4	0	0	0	0	0	0	0	0	0
0.40	63053739	4	0	0	0	0	0	0	0	0	0
0.50	62898766	4	0	0	0	0	0	0	0	0	0
0.60	62743676	4	0	0	0	0	0	0	0	0	0
0.70	62588471	4	0	0	0	0	0	0	0	0	0
0.80	62433149	4	0	0	0	0	0	0	0	0	0
0.90	62277711	4	0	0	0	0	0	0	0	0	0
1.00	62122155	4	0	0	0	0	0	0	0	0	0
1.10	61966481	4	0	0	0	0	0	0	0	0	0
1.20	61810688	4	0	0	0	0	0	0	0	0	0
1.30	61654777	4	0	0	0	0	0	0	0	0	0
1.40	61498746	4	0	0	0	0	0	0	0	0	0
1.50	61342596	4	0	0	0	0	0	0	0	0	0
1.60	61186325	4	0	0	0	0	0	0	0	0	0
1.70	61029933	4	0	0	0	0	0	0	0	0	0
1.80	60873421	4	0	0	0	0	0	0	0	0	0
1.90	60716786	4	0	0	0	0	0	0	0	0	0
2.00	60560029	4	0	0	0	0	0	0	0	0	0
2.10	60403149	4	0	0	0	0	0	0	0	0	0
2.20	60246146	4	0	0	0	0	0	0	0	0	0
2.30	60089019	4	0	0	0	0	0	0	0	0	0
2.40	59931767	4	0	0	0	0	0	0	0	0	0
2.50	59774391	4	0	0	0	0	0	0	0	0	0
2.60	59616889	4	0	0	0	0	0	0	0	0	0
2.70	59459261	4	0	0	0	0	0	0	0	0	0
2.80	59301507	4	0	0	0	0	0	0	0	0	0
2.90	59143626	4	0	0	0	0	0	0	0	0	0
3.00	58985617	4	0	0	0	0	0	0	0	0	0
3.10	58827480	4	0	0	0	0	0	0	0	0	0
3.20	58669214	4	0	0	0	0	0	0	0	0	0
3.30	58510820	4	0	0	0	0	0	0	0	0	0
3.40	58352295	4	0	0	0	0	0	0	0	0	0
3.50	58193640	4	0	0	0	0	0	0	0	0	0
3.60	58034854	4	0	0	0	0	0	0	0	0	0
3.70	57875936	4	0	0	0	0	0	0	0	0	0
3.80	57716887	4	0	0	0	0	0	0	0	0	0
3.90	57557704	4	0	0	0	0	0	0	0	0	0
4.00	57398389	4	0	0	0	0	0	0	0	0	0
4.10	57238939	4	0	0	0	0	0	0	0	0	0
4.20	57079355	4	0	0	0	0	0	0	0	0	0
4.30	56919637	4	0	0	0	0	0	0	0	0	0
4.40	56759782	4	0	0	0	0	0	0	0	0	0
4.50	56599791	4	0	0	0	0	0	0	0	0	0
4.60	56439663	4	0	0	0	0	0	0	0	0	0
4.70	56279398	4	0	0	0	0	0	0	0	0	0
4.80	56118994	4	0	0	0	0	0	0	0	0	0
4.90	55958452	4	0	0	0	0	0	0	0	0	0
5.00	55797770	4	0	0	0	0	0	0	0	0	0
5.10	55636948	4	0	0	0	0	0	0	0	0	0
5.20	55475986	4	0	0	0	0	0	0	0	0	0
5.30	55314882	4	0	0	0	0	0	0	0	0	0
5.40	55153636	4	0	0	0	0	0	0	0	0	0
5.50	54992247	4	0	0	0	0	0	0	0	0	0
5.60	54830715	4	0	0	0	0	0	0	0	0	0
5.70	54669039	4	0	0	0	0	0	0	0	0	0
5.80	54507218	4	0	0	0	0	0	0	0	0	0
5.90	54345251	4	0	0	0	0	0	0	0	0	0
6.00	54183139	4	0	0	0	0	0	0	0	0	0
6.10	54020879	4	0	0	0	0	0	0	0	0	0
6.20	53858473	4	0	0	0	0	0	0	0	0	0
6.30	53695917	4	0	0	0	0	0	0	0	0	0
6.40	53533213	4	0	0	0	0	0	0	0	0	0
6.50	53370359	4	0	0	0	0	0	0	0	0	0
6.60	53207355	4	0	0	0	0	0	0	0	0	0
6.70	53044200	4	0	0	0	0	0	0	0	0	0
6.80	52880892	4	0	0	0	0	0	0	0	0	0
6.90	52717432	4	0	0	0	0	0	0	0	0	0
7.00	52553818	4	0	0	0	0	0	0	0	0	0
7.10	52390051	4	0	0	0	0	0	0	0	0	0
7.20	52226128	4	0	0	0	0	0	0	0	0	0
7.30	52062049	4	0	0	0	0	0	0	0	0	0
7.40	51897814	4	0	0	0	0	0	0	0	0	0
7.50	51733422	4	0	0	0	0	0	0	0	0	0
7.60	51568871	4	0	0	0	0	0	0	0	0	0
7.70	51404162	4	0	0	0	0	0	0	0	0	0
7.80	51239292	4	0	0	0	0	0	0	0	0	0
7.90	51074262	4	0	0	0	0	0	0	0	0	0
8.00	50909071	4	0	0	0	0	0	0	0	0	0
8.10	50743717	4	0	0	0	0	0	0	0	0	0
8.20	50578200	4	0	0	0	0	0	0	0	0	0
8.30	50412519	4	0	0	0	0	0	0	0	0	0
8.40	50246673	4	0	0	0	0	0	0	0	0	0
8.50	50080662	4	0	0	0	0	0	0	0	0	0
8.60	49914484	4	0	0	0	0	0	0	0	0	0
8.70	49748138	4	0	0	0	0	0	0	0	0	0
8.80	49581624	4	0	0	0	0	0	0	0	0	0
8.90	49414941	4	0	0	0	0	0	0	0	0	0
9.00	49248087	4	0	0	0	0	0	0	0	0	0
9.10	49081063	4	0	0	0	0	0	0	0	0	0
9.20	48913866	4	0	0	0	0	0	0	0	0	0
9.30	48746496	4	0	0	0	0	0	0	0	0	0
9.40	48578952	4	0	0	0	0	0	0	0	0	0
9.50	48411233	4	0	0	0	0	0	0	0	0	0
9.60	48243339	4	0	0	0	0	0	0	0	0	0
9.70	48075267	4	0	0	0	0	0	0	0	0	0
9.80	47907017	4	0	0	0	0	0	0	0	0	0
9.90	47738589	4	0	0	0	0	0	0	0	0	0
10.00	47569980	4	0	0	0	0	0	0	0	0	0
10.10	47401191	4	0	0	0	0	0	0	0	0	0
10.20	47232219	4	0	0	0	0	0	0	0	0	0
10.30	47063065	4	0	0	0	0	0	0	0	0	0
10.40	46893726	4	0	0	0	0	0	0	0	0	0
10.50	46724203	4	0	0	0	0	0	0	0	0	0
10.60	46554493	4	0	0	0	0	0	0	0	0	0
10.70	46384595	4	0	0	0	0	0	0	0	0	0
10.80	46214510	4	0	0	0	0	0	0	0	0	0
10.90	46044234	4	0	0	0	0	0	0	0	0	0
11.00	45873769	4	0	0	0	0	0	0	0	0	0
11.10	45703111	4	0	0	0	0	0	0	0	0	0
11.20	45532260	4	0	0	0	0	0	0	0	0	0
11.30	45361215	4	0	0	0	0	0	0	0	0	0
11.40	45189975	4	0	0	0	0	0	0	0	0	0
11.50	45018538	4	0	0	0	0	0	0	0	0	0
11.60	44846904	4	0	0	0	0	0	0	0	0	0
11.70	44675071	4	0	0	0	0	0	0	0	0	0
11.80	44503037	4	0	0	0	0	0	0	0	0	0
11.90	44330802	4	0	0	0	0	0	0	0	0	0
12.00	44158365	4	0	0	0	0	0	0	0	0	0
12.10	43985724	4	0	0	0	0	0	0	0	0	0
12.20	43812877	4	0	0	0	0	0	0	0	0	0
12.30	43639824	4	0	0	0	0	0	0	0	0	0
12.40	43466563	4	0	0	0	0	0	0	0	0	0
12.50	43293093	4	0	0	0	0	0	0	0	0	0
12.60	43119413	4	0	0	0	0	0	0	0	0	0
12.70	42945520	4	0	0	0	0	0	0	0	0	0
12.80	42771415	4	0	0	0	0	0	0	0	0	0
12.90	42597094	4	0	0	0	0	0	0	0	0	0
13.00	42422558	4	0	0	0	0	0	0	0	0	0
13.10	42247804	4	0	0	0	0	0	0	0	0	0
13.20	42072832	4	0	0	0	0	0	0	0	0	0
13.30	41897639	4	0	0	0	0	0	0	0	0	0
13.40	41722224	4	0	0	0	0	0	0	0	0	0
13.50	41546585	4	0	0	0	0	0	0	0	0	0
13.60	41370722	4	0	0	0	0	0	0	0	0	0
13.70	41194633	4	0	0	0	0	0	0	0	0	0
13.80	41018315	4	0	0	0	0	0	0	0	0	0
13.90	40841768	4	0	0	0	0	0	0	0	0	0
14.00	40664990	4	0	0	0	0	0	0	0	0	0
14.10	40487979	4	0	0	0	0	0	0	0	0	0
14.20	40310734	4	0	0	0	0	0	0	0	0	0
14.30	40133252	4	0	0	0	0	0	0	0	0	0
14.40	39955533	4	0	0	0	0	0	0	0	0	0
14.50	39777575	4	0	0	0	0	0	0	0	0	0
14.60	39599375	4	0	0	0	0	0	0	0	0	0
14.70	39420932	4	0	0	0	0	0	0	0	0	0
14.80	39242245	4	0	0	0	0	0	0	0	0	0
14.90	39063311	4	0	0	0	0	0	0	0	0	0
15.00	38884129	4	0	0	0	0	0	0	0	0	0
15.10	38704697	4	0	0	0	0	0	0	0	0	0
15.20	38525013	4	0	0	0	0	0	0	0	0	0
15.30	38345076	4	0	0	0	0	0	0	0	0	0
15.40	38164882	4	0	0	0	0	0	0	0	0	0
15.50	37984431	4	0	0	0	0	0	0	0	0	0
15.60	37803720	4	0	0	0	0	0	0	0	0	0
15.70	37622747	4	0	0	0	0	0	0	0	0	0
15.80	37441511	4	0	0	0	0	0	0	0	0	0
15.90	37260009	4	0	0	0	0	0	0	0	0	0
16.00	37078239	4	0	0	0	0	0	0	0	0	0
16.10	36896199	4	0	0	0	0	0	0	0	0	0
16.20	36713887	4	0	0	0	0	0	0	0	0	0
16.30	36531301	4	0	0	0	0	0	0	0	0	0
16.40	36348439	4	0	0	0	0	0	0	0	0	0
16.50	36165297	4	0	0	0	0	0	0	0	0	0
16.60	35981875	4	0	0	0	0	0	0	0	0	0
16.70	35798170	4	0	0	0	0	0	0	0	0	0
16.80	35614179	4	0	0	0	0	0	0	0	0	0
16.90	35429900	4	0	0	0	0	0	0	0	0	0
17.00	35245330	4	0	0	0	0	0	0	0	0	0
17.10	35060468	4	0	0	0	0	0	0	0	0	0
17.20	34875310	4	0	0	0	0	0	0	0	0	0
17.30	34689855	4	0	0	0	0	0	0	0	0	0
17.40	34504099	4	0	0	0	0	0	0	0	0	0
17.50	34318041	4	0	0	0	0	0	0	0	0	0
17.60	34131676	4	0	0	0	0	0	0	0	0	0
17.70	33945004	4	0	0	0	0	0	0	0	0	0
17.80	33758020	4	0	0	0	0	0	0	0	0	0
17.90	33570723	4	0	0	0	0	0	0	0	0	0
18.00	33383109	4	0	0	0	0	0	0	0	0	0
18.10	33195175	4	0	0	0	0	0	0	0	0	0
18.20	33006920	4	0	0	0	0	0	0	0	0	0
18.30	32818338	4	0	0	0	0	0	0	0	0	0
18.40	32629429	4	0	0	0	0	0	0	0	0	0
18.50	32440188	4	0	0	0	0	0	0	0	0	0
18.60	32250612	4	0	0	0	0	0	0	0	0	0
18.70	32060699	4	0	0	0	0	0	0	0	0	0
18.80	31870445	4	0	0	0	0	0	0	0	0	0
18.90	31679847	4	0	0	0	0	0	0	0	0	0
19.00	31488902	4	0	0	0	0	0	0	0	0	0
19.10	31297605	4	0	0	0	0	0	0	0	0	0
19.20	31105954	4	0	0	0	0	0	0	0	0	0
19.30	30913946	4	0	0	0	0	0	0	0	0	0
19.40	30721576	4	0	0	0	0	0	0	0	0	0
19.50	30528841	4	0	0	0	0	0	0	0	0	0
19.60	30335737	4	0	0	0	0	0	0	0	0	0
19.70	30142260	4	0	0	0	0	0	0	0	0	0
19.80	29948408	4	0	0	0	0	0	0	0	0	0
19.90	29754175	4	0	0	0	0	0	0	0	0	0
20.00	29559557	4	0	0	0	0	0	0	0	0	0
20.10	29364552	4	0	0	0	0	0	0	0	0	0
20.20	29169154	4	0	0	0	0	0	0	0	0	0
20.30	28973359	4	0	0	0	0	0	0	0	0	0
20.40	28777163	4	0	0	0	0	0	0	0	0	0
20.50	28580562	4	0	0	0	0	0	0	0	0	0
20.60	28383551	4	0	0	0	0	0	0	0	0	0
20.70	28186125	4	0	0	0	0	0	0	0	0	0
20.80	27988280	4	0	0	0	0	0	0	0	0	0
20.90	27790011	4	0	0	0	0	0	0	0	0	0
21.00	27591314	4	0	0	0	0	0	0	0	0	0
21.10	27392182	4	0	0	0	0	0	0	0	0	0
21.20	27192612	4	0	0	0	0	0	0	0	0	0
21.30	26992598	4	0	0	0	0	0	0	0	0	0
21.40	26792134	4	0	0	0	0	0	0	0	0	0
21.50	26591216	4	0	0	0	0	0	0	0	0	0
21.60	26389838	4	0	0	0	0	0	0	0	0	0
21.70	26187993	4	0	0	0	0	0	0	0	0	0
21.80	25985677	4	0	0	0	0	0	0	0	0	0
21.90	25782884	4	0	0	0	0	0	0	0	0	0
22.00	25579607	4	0	0	0	0	0	0	0	0	0
22.10	25375840	4	0	0	0	0	0	0	0	0	0
22.20	25171577	4	0	0	0	0	0	0	0	0	0
22.30	24966811	4	0	0	0	0	0	0	0	0	0
22.40	24761536	4	0	0	0	0	0	0	0	0	0
22.50	24555745	4	0	0	0	0	0	0	0	0	0
22.60	24349431	4	0	0	0	0	0	0	0	0	0
22.70	24142587	4	0	0	0	0	0	0	0	0	0
22.80	23935205	4	0	0	0	0	0	0	0	0	0
22.90	23727279	4	0	0	0	0	0	0	0	0	0
23.00	23518800	4	0	0	0	0	0	0	0	0	0
23.10	23309760	4	0	0	0	0	0	0	0	0	0
23.20	23100152	4	0	0	0	0	0	0	0	0	0
23.30	22889967	4	0	0	0	0	0	0	0	0	0
23.40	22679197	4	0	0	0	0	0	0	0	0	0
23.50	22467832	4	0	0	0	0	0	0	0	0	0
23.60	22255864	4	0	0	0	0	0	0	0	0	0
23.70	22043284	4	0	0	0	0	0	0	0	0	0
23.80	21830082	4	0	0	0	0	0	0	0	0	0
23.90	21616248	4	0	0	0	0	0	0	0	0	0
24.00	21401773	4	0	0	0	0	0	0	0	0	0
24.10	21186645	4	0	0	0	0	0	0	0	0	0
24.20	20970855	4	0	0	0	0	0	0	0	0	0
24.30	20754391	4	0	0	0	0	0	0	0	0	0
24.40	20537242	4	0	0	0	0	0	0	0	0	0
24.50	20319396	4	0	0	0	0	0	0	0	0	0
24.60	20100841	4	0	0	0	0	0	0	0	0	0
24.70	19881565	4	0	0	0	0	0	0	0	0	0
24.80	19661555	4	0	0	0	0	0	0	0	0	0
24.90	19440798	4	0	0	0	0	0	0	0	0	0
25.00	19219281	4	0	0	0	0	0	0	0	0	0
25.10	18996988	4	0	0	0	0	0	0	0	0	0
25.20	18773905	4	0	0	0	0	0	0	0	0	0
25.30	18550018	4	0	0	0	0	0	0	0	0	0
25.40	18325311	4	0	0	0	0	0	0	0	0	0
25.50	18099767	4	0	0	0	0	0	0	0	0	0
25.60	17873369	4	0	0	0	0	0	0	0	0	0
25.70	17646101	4	0	0	0	0	0	0	0	0	0
25.80	17417944	4	0	0	0	0	0	0	0	0	0
25.90	17188879	4	0	0	0	0	0	0	0	0	0
26.00	16958888	4	0	0	0	0	0	0	0	0	0
26.10	16727949	4	0	0	0	0	0	0	0	0	0
26.20	16496041	4	0	0	0	0	0	0	0	0	0
26.30	16263143	4	0	0	0	0	0	0	0	0	0
26.40	16029232	4	0	0	0	0	0	0	0	0	0
26.50	15794284	4	0	0	0	0	0	0	0	0	0
26.60	15558273	4	0	0	0	0	0	0	0	0	0
26.70	15321175	4	0	0	0	0	0	0	0	0	0
26.80	15082962	4	0	0	0	0	0	0	0	0	0
26.90	14843605	4	0	0	0	0	0	0	0	0	0
27.00	14603075	4	0	0	0	0	0	0	0	0	0
27.10	14361341	4	0	0	0	0	0	0	0	0	0
27.20	14118369	4	0	0	0	0	0	0	0	0	0
27.30	13874126	4	0	0	0	0	0	0	0	0	0
27.40	13628576	4	0	0	0	0	0	0	0	0	0
27.50	13381679	4	0	0	0	0	0	0	0	0	0
27.60	13133397	4	0	0	0	0	0	0	0	0	0
27.70	12883687	4	0	0	0	0	0	0	0	0	0
27.80	12632505	4	0	0	0	0	0	0	0	0	0
27.90	12379802	4	0	0	0	0	0	0	0	0	0
28.00	12125530	4	0	0	0	0	0	0	0	0	0
28.10	11869634	4	0	0	0	0	0	0	0	0	0
28.20	11612058	4	0	0	0	0	0	0	0	0	0
28.30	11352742	4	0	0	0	0	0	0	0	0	0
28.40	11091622	4	0	0	0	0	0	0	0	0	0
28.50	10828629	4	0	0	0	0	0	0	0	0	0
28.60	10563689	4	0	0	0	0	0	0	0	0	0
28.70	10296724	4	0	0	0	0	0	0	0	0	0
28.80	10027648	4	0	0	0	0	0	0	0	0	0
28.90	9756370	4	0	0	0	0	0	0	0	0	0
29.00	9482791	4	0	0	0	0	0	0	0	0	0
29.10	9206803	4	0	0	0	0	0	0	0	0	0
29.20	8928289	4	0	0	0	0	0	0	0	0	0
29.30	8647121	4	0	0	0	0	0	0	0	0	0
29.40	8363160	4	0	0	0	0	0	0	0	0	0
29.50	8076252	4	0	0	0	0	0	0	0	0	0
29.60	7786226	4	0	0	0	0	0	0	0	0	0
29.70	7492894	4	0	0	0	0	0	0	0	0	0
29.80	7196046	4	0	0	0	0	0	0	0	0	0
29.90	6895445	4	0	0	0	0	0	0	0	0	0
30.00	6590826	4	0	0	0	0	0	0	0	0	0
30.10	6281886	4	0	0	0	0	0	0	0	0	0
30.20	5968277	4	0	0	0	0	0	0	0	0	0
30.30	5649600	4	0	0	0	0	0	0	0	0	0
30.40	5325388	4	0	0	0	0	0	0	0	0	0
30.50	4995087	4	0	0	0	0	0	0	0	0	0
30.60	4658037	4	0	0	0	0	0	0	0	0	0
30.70	4313435	4	0	0	0	0	0	0	0	0	0
30.80	3960285	4	0	0	0	0	0	0	0	0	0
30.90	3597325	4	0	0	0	0	0	0	0	0	0
31.00	3222909	4	0	0	0	0	0	0	0	0	0
31.10	2834807	4	0	0	0	0	0	0	0	0	0
31.20	2429853	4	0	0	0	0	0	0	0	0	0
31.30	2003233	4	0	0	0	0	0	0	0	0	0
31.40	1546849	4	0	0	0	0	0	0	0	0	0
31.50	1044496	4	0	0	0	0	0	0	0	0	0
31.60	448255	4	0	0	0	0	0	0	0	0	0
31.65	0	4	0	0	0	0	0	0	0	0	0