-999	"MyLake init"
Z (m)	Az (m2)	Tz (deg C)	Cz	Sz (kg/m3)	TPz (mg/m3)	DOPz (mg/m3)	Chlaz (mg/m3)	DOCz (mg/m3)	TPz_sed (mg/m3)	Chlaz_sed (mg/m3)	"Fvol_IM (m3/m3	 dry w.)"	Hice (m)	Hsnow (m)
0.00	11944109	4	0	0	0	0	0	0	0	0	0	0	0
0.10	11906818	4	0	0	0	0	0	0	0	0	0
0.20	11869472	4	0	0	0	0	0	0	0	0	0
0.30	11832072	4	0	0	0	0	0	0	0	0	0
0.40	11794617	4	0	0	0	0	0	0	0	0	0
0.50	11757106	4	0	0	0	0	0	0	0	0	0
0.60	11719540	4	0	0	0	0	0	0	0	0	0
0.70	11681918	4	0	0	0	0	0	0	0	0	0
0.80	11644240	4	0	0	0	0	0	0	0	0	0
0.90	11606505	4	0	0	0	0	0	0	0	0	0
1.00	11568713	4	0	0	0	0	0	0	0	0	0
1.10	11530863	4	0	0	0	0	0	0	0	0	0
1.20	11492956	4	0	0	0	0	0	0	0	0	0
1.30	11454991	4	0	0	0	0	0	0	0	0	0
1.40	11416967	4	0	0	0	0	0	0	0	0	0
1.50	11378885	4	0	0	0	0	0	0	0	0	0
1.60	11340743	4	0	0	0	0	0	0	0	0	0
1.70	11302542	4	0	0	0	0	0	0	0	0	0
1.80	11264280	4	0	0	0	0	0	0	0	0	0
1.90	11225959	4	0	0	0	0	0	0	0	0	0
2.00	11187576	4	0	0	0	0	0	0	0	0	0
2.10	11149132	4	0	0	0	0	0	0	0	0	0
2.20	11110627	4	0	0	0	0	0	0	0	0	0
2.30	11072059	4	0	0	0	0	0	0	0	0	0
2.40	11033429	4	0	0	0	0	0	0	0	0	0
2.50	10994737	4	0	0	0	0	0	0	0	0	0
2.60	10955981	4	0	0	0	0	0	0	0	0	0
2.70	10917161	4	0	0	0	0	0	0	0	0	0
2.80	10878277	4	0	0	0	0	0	0	0	0	0
2.90	10839328	4	0	0	0	0	0	0	0	0	0
3.00	10800315	4	0	0	0	0	0	0	0	0	0
3.10	10761236	4	0	0	0	0	0	0	0	0	0
3.20	10722091	4	0	0	0	0	0	0	0	0	0
3.30	10682879	4	0	0	0	0	0	0	0	0	0
3.40	10643601	4	0	0	0	0	0	0	0	0	0
3.50	10604255	4	0	0	0	0	0	0	0	0	0
3.60	10564841	4	0	0	0	0	0	0	0	0	0
3.70	10525359	4	0	0	0	0	0	0	0	0	0
3.80	10485809	4	0	0	0	0	0	0	0	0	0
3.90	10446188	4	0	0	0	0	0	0	0	0	0
4.00	10406498	4	0	0	0	0	0	0	0	0	0
4.10	10366738	4	0	0	0	0	0	0	0	0	0
4.20	10326907	4	0	0	0	0	0	0	0	0	0
4.30	10287004	4	0	0	0	0	0	0	0	0	0
4.40	10247029	4	0	0	0	0	0	0	0	0	0
4.50	10206982	4	0	0	0	0	0	0	0	0	0
4.60	10166862	4	0	0	0	0	0	0	0	0	0
4.70	10126668	4	0	0	0	0	0	0	0	0	0
4.80	10086400	4	0	0	0	0	0	0	0	0	0
4.90	10046058	4	0	0	0	0	0	0	0	0	0
5.00	10005640	4	0	0	0	0	0	0	0	0	0
5.10	9965146	4	0	0	0	0	0	0	0	0	0
5.20	9924575	4	0	0	0	0	0	0	0	0	0
5.30	9883928	4	0	0	0	0	0	0	0	0	0
5.40	9843203	4	0	0	0	0	0	0	0	0	0
5.50	9802399	4	0	0	0	0	0	0	0	0	0
5.60	9761516	4	0	0	0	0	0	0	0	0	0
5.70	9720554	4	0	0	0	0	0	0	0	0	0
5.80	9679512	4	0	0	0	0	0	0	0	0	0
5.90	9638389	4	0	0	0	0	0	0	0	0	0
6.00	9597184	4	0	0	0	0	0	0	0	0	0
6.10	9555897	4	0	0	0	0	0	0	0	0	0
6.20	9514526	4	0	0	0	0	0	0	0	0	0
6.30	9473073	4	0	0	0	0	0	0	0	0	0
6.40	9431535	4	0	0	0	0	0	0	0	0	0
6.50	9389911	4	0	0	0	0	0	0	0	0	0
6.60	9348202	4	0	0	0	0	0	0	0	0	0
6.70	9306407	4	0	0	0	0	0	0	0	0	0
6.80	9264524	4	0	0	0	0	0	0	0	0	0
6.90	9222553	4	0	0	0	0	0	0	0	0	0
7.00	9180494	4	0	0	0	0	0	0	0	0	0
7.10	9138345	4	0	0	0	0	0	0	0	0	0
7.20	9096105	4	0	0	0	0	0	0	0	0	0
7.30	9053774	4	0	0	0	0	0	0	0	0	0
7.40	9011351	4	0	0	0	0	0	0	0	0	0
7.50	8968835	4	0	0	0	0	0	0	0	0	0
7.60	8926226	4	0	0	0	0	0	0	0	0	0
7.70	8883522	4	0	0	0	0	0	0	0	0	0
7.80	8840722	4	0	0	0	0	0	0	0	0	0
7.90	8797826	4	0	0	0	0	0	0	0	0	0
8.00	8754833	4	0	0	0	0	0	0	0	0	0
8.10	8711742	4	0	0	0	0	0	0	0	0	0
8.20	8668551	4	0	0	0	0	0	0	0	0	0
8.30	8625260	4	0	0	0	0	0	0	0	0	0
8.40	8581869	4	0	0	0	0	0	0	0	0	0
8.50	8538375	4	0	0	0	0	0	0	0	0	0
8.60	8494778	4	0	0	0	0	0	0	0	0	0
8.70	8451077	4	0	0	0	0	0	0	0	0	0
8.80	8407271	4	0	0	0	0	0	0	0	0	0
8.90	8363359	4	0	0	0	0	0	0	0	0	0
9.00	8319340	4	0	0	0	0	0	0	0	0	0
9.10	8275212	4	0	0	0	0	0	0	0	0	0
9.20	8230975	4	0	0	0	0	0	0	0	0	0
9.30	8186627	4	0	0	0	0	0	0	0	0	0
9.40	8142167	4	0	0	0	0	0	0	0	0	0
9.50	8097595	4	0	0	0	0	0	0	0	0	0
9.60	8052908	4	0	0	0	0	0	0	0	0	0
9.70	8008106	4	0	0	0	0	0	0	0	0	0
9.80	7963187	4	0	0	0	0	0	0	0	0	0
9.90	7918151	4	0	0	0	0	0	0	0	0	0
10.00	7872995	4	0	0	0	0	0	0	0	0	0
10.10	7827719	4	0	0	0	0	0	0	0	0	0
10.20	7782321	4	0	0	0	0	0	0	0	0	0
10.30	7736800	4	0	0	0	0	0	0	0	0	0
10.40	7691154	4	0	0	0	0	0	0	0	0	0
10.50	7645382	4	0	0	0	0	0	0	0	0	0
10.60	7599482	4	0	0	0	0	0	0	0	0	0
10.70	7553454	4	0	0	0	0	0	0	0	0	0
10.80	7507295	4	0	0	0	0	0	0	0	0	0
10.90	7461004	4	0	0	0	0	0	0	0	0	0
11.00	7414579	4	0	0	0	0	0	0	0	0	0
11.10	7368019	4	0	0	0	0	0	0	0	0	0
11.20	7321322	4	0	0	0	0	0	0	0	0	0
11.30	7274486	4	0	0	0	0	0	0	0	0	0
11.40	7227510	4	0	0	0	0	0	0	0	0	0
11.50	7180392	4	0	0	0	0	0	0	0	0	0
11.60	7133130	4	0	0	0	0	0	0	0	0	0
11.70	7085722	4	0	0	0	0	0	0	0	0	0
11.80	7038167	4	0	0	0	0	0	0	0	0	0
11.90	6990462	4	0	0	0	0	0	0	0	0	0
12.00	6942606	4	0	0	0	0	0	0	0	0	0
12.10	6894596	4	0	0	0	0	0	0	0	0	0
12.20	6846430	4	0	0	0	0	0	0	0	0	0
12.30	6798106	4	0	0	0	0	0	0	0	0	0
12.40	6749623	4	0	0	0	0	0	0	0	0	0
12.50	6700977	4	0	0	0	0	0	0	0	0	0
12.60	6652167	4	0	0	0	0	0	0	0	0	0
12.70	6603191	4	0	0	0	0	0	0	0	0	0
12.80	6554045	4	0	0	0	0	0	0	0	0	0
12.90	6504727	4	0	0	0	0	0	0	0	0	0
13.00	6455236	4	0	0	0	0	0	0	0	0	0
13.10	6405567	4	0	0	0	0	0	0	0	0	0
13.20	6355720	4	0	0	0	0	0	0	0	0	0
13.30	6305690	4	0	0	0	0	0	0	0	0	0
13.40	6255475	4	0	0	0	0	0	0	0	0	0
13.50	6205073	4	0	0	0	0	0	0	0	0	0
13.60	6154480	4	0	0	0	0	0	0	0	0	0
13.70	6103693	4	0	0	0	0	0	0	0	0	0
13.80	6052709	4	0	0	0	0	0	0	0	0	0
13.90	6001526	4	0	0	0	0	0	0	0	0	0
14.00	5950139	4	0	0	0	0	0	0	0	0	0
14.10	5898545	4	0	0	0	0	0	0	0	0	0
14.20	5846740	4	0	0	0	0	0	0	0	0	0
14.30	5794722	4	0	0	0	0	0	0	0	0	0
14.40	5742487	4	0	0	0	0	0	0	0	0	0
14.50	5690030	4	0	0	0	0	0	0	0	0	0
14.60	5637347	4	0	0	0	0	0	0	0	0	0
14.70	5584435	4	0	0	0	0	0	0	0	0	0
14.80	5531290	4	0	0	0	0	0	0	0	0	0
14.90	5477906	4	0	0	0	0	0	0	0	0	0
15.00	5424280	4	0	0	0	0	0	0	0	0	0
15.10	5370407	4	0	0	0	0	0	0	0	0	0
15.20	5316282	4	0	0	0	0	0	0	0	0	0
15.30	5261900	4	0	0	0	0	0	0	0	0	0
15.40	5207255	4	0	0	0	0	0	0	0	0	0
15.50	5152344	4	0	0	0	0	0	0	0	0	0
15.60	5097159	4	0	0	0	0	0	0	0	0	0
15.70	5041696	4	0	0	0	0	0	0	0	0	0
15.80	4985948	4	0	0	0	0	0	0	0	0	0
15.90	4929910	4	0	0	0	0	0	0	0	0	0
16.00	4873574	4	0	0	0	0	0	0	0	0	0
16.10	4816934	4	0	0	0	0	0	0	0	0	0
16.20	4759984	4	0	0	0	0	0	0	0	0	0
16.30	4702716	4	0	0	0	0	0	0	0	0	0
16.40	4645122	4	0	0	0	0	0	0	0	0	0
16.50	4587195	4	0	0	0	0	0	0	0	0	0
16.60	4528927	4	0	0	0	0	0	0	0	0	0
16.70	4470308	4	0	0	0	0	0	0	0	0	0
16.80	4411331	4	0	0	0	0	0	0	0	0	0
16.90	4351985	4	0	0	0	0	0	0	0	0	0
17.00	4292262	4	0	0	0	0	0	0	0	0	0
17.10	4232150	4	0	0	0	0	0	0	0	0	0
17.20	4171640	4	0	0	0	0	0	0	0	0	0
17.30	4110719	4	0	0	0	0	0	0	0	0	0
17.40	4049377	4	0	0	0	0	0	0	0	0	0
17.50	3987600	4	0	0	0	0	0	0	0	0	0
17.60	3925376	4	0	0	0	0	0	0	0	0	0
17.70	3862691	4	0	0	0	0	0	0	0	0	0
17.80	3799530	4	0	0	0	0	0	0	0	0	0
17.90	3735878	4	0	0	0	0	0	0	0	0	0
18.00	3671719	4	0	0	0	0	0	0	0	0	0
18.10	3607035	4	0	0	0	0	0	0	0	0	0
18.20	3541809	4	0	0	0	0	0	0	0	0	0
18.30	3476020	4	0	0	0	0	0	0	0	0	0
18.40	3409648	4	0	0	0	0	0	0	0	0	0
18.50	3342671	4	0	0	0	0	0	0	0	0	0
18.60	3275066	4	0	0	0	0	0	0	0	0	0
18.70	3206806	4	0	0	0	0	0	0	0	0	0
18.80	3137866	4	0	0	0	0	0	0	0	0	0
18.90	3068215	4	0	0	0	0	0	0	0	0	0
19.00	2997823	4	0	0	0	0	0	0	0	0	0
19.10	2926655	4	0	0	0	0	0	0	0	0	0
19.20	2854674	4	0	0	0	0	0	0	0	0	0
19.30	2781842	4	0	0	0	0	0	0	0	0	0
19.40	2708113	4	0	0	0	0	0	0	0	0	0
19.50	2633441	4	0	0	0	0	0	0	0	0	0
19.60	2557773	4	0	0	0	0	0	0	0	0	0
19.70	2481052	4	0	0	0	0	0	0	0	0	0
19.80	2403213	4	0	0	0	0	0	0	0	0	0
19.90	2324186	4	0	0	0	0	0	0	0	0	0
20.00	2243892	4	0	0	0	0	0	0	0	0	0
20.10	2162241	4	0	0	0	0	0	0	0	0	0
20.20	2079134	4	0	0	0	0	0	0	0	0	0
20.30	1994455	4	0	0	0	0	0	0	0	0	0
20.40	1908073	4	0	0	0	0	0	0	0	0	0
20.50	1819836	4	0	0	0	0	0	0	0	0	0
20.60	1729567	4	0	0	0	0	0	0	0	0	0
20.70	1637056	4	0	0	0	0	0	0	0	0	0
20.80	1542051	4	0	0	0	0	0	0	0	0	0
20.90	1444246	4	0	0	0	0	0	0	0	0	0
21.00	1343264	4	0	0	0	0	0	0	0	0	0
21.10	1238625	4	0	0	0	0	0	0	0	0	0
21.20	1129706	4	0	0	0	0	0	0	0	0	0
21.30	1015671	4	0	0	0	0	0	0	0	0	0
21.40	895341	4	0	0	0	0	0	0	0	0	0
21.50	766958	4	0	0	0	0	0	0	0	0	0
21.60	627653	4	0	0	0	0	0	0	0	0	0
21.70	472046	4	0	0	0	0	0	0	0	0	0
21.80	286912	4	0	0	0	0	0	0	0	0	0
21.89	0	4	0	0	0	0	0	0	0	0	0