-999	"MyLake init"
Z (m)	Az (m2)	Tz (deg C)	Cz	Sz (kg/m3)	TPz (mg/m3)	DOPz (mg/m3)	Chlaz (mg/m3)	DOCz (mg/m3)	TPz_sed (mg/m3)	Chlaz_sed (mg/m3)	"Fvol_IM (m3/m3	 dry w.)"	Hice (m)	Hsnow (m)
0.00	37539916	4	0	0	0	0	0	0	0	0	0	0	0
0.10	37355583	4	0	0	0	0	0	0	0	0	0
0.20	37171954	4	0	0	0	0	0	0	0	0	0
0.30	36989026	4	0	0	0	0	0	0	0	0	0
0.40	36806799	4	0	0	0	0	0	0	0	0	0
0.50	36625270	4	0	0	0	0	0	0	0	0	0
0.60	36444437	4	0	0	0	0	0	0	0	0	0
0.70	36264298	4	0	0	0	0	0	0	0	0	0
0.80	36084852	4	0	0	0	0	0	0	0	0	0
0.90	35906096	4	0	0	0	0	0	0	0	0	0
1.00	35728029	4	0	0	0	0	0	0	0	0	0
1.10	35550649	4	0	0	0	0	0	0	0	0	0
1.20	35373954	4	0	0	0	0	0	0	0	0	0
1.30	35197942	4	0	0	0	0	0	0	0	0	0
1.40	35022611	4	0	0	0	0	0	0	0	0	0
1.50	34847959	4	0	0	0	0	0	0	0	0	0
1.60	34673984	4	0	0	0	0	0	0	0	0	0
1.70	34500685	4	0	0	0	0	0	0	0	0	0
1.80	34328059	4	0	0	0	0	0	0	0	0	0
1.90	34156106	4	0	0	0	0	0	0	0	0	0
2.00	33984822	4	0	0	0	0	0	0	0	0	0
2.10	33814206	4	0	0	0	0	0	0	0	0	0
2.20	33644256	4	0	0	0	0	0	0	0	0	0
2.30	33474971	4	0	0	0	0	0	0	0	0	0
2.40	33306348	4	0	0	0	0	0	0	0	0	0
2.50	33138385	4	0	0	0	0	0	0	0	0	0
2.60	32971081	4	0	0	0	0	0	0	0	0	0
2.70	32804435	4	0	0	0	0	0	0	0	0	0
2.80	32638443	4	0	0	0	0	0	0	0	0	0
2.90	32473104	4	0	0	0	0	0	0	0	0	0
3.00	32308417	4	0	0	0	0	0	0	0	0	0
3.10	32144380	4	0	0	0	0	0	0	0	0	0
3.20	31980990	4	0	0	0	0	0	0	0	0	0
3.30	31818246	4	0	0	0	0	0	0	0	0	0
3.40	31656146	4	0	0	0	0	0	0	0	0	0
3.50	31494688	4	0	0	0	0	0	0	0	0	0
3.60	31333871	4	0	0	0	0	0	0	0	0	0
3.70	31173693	4	0	0	0	0	0	0	0	0	0
3.80	31014151	4	0	0	0	0	0	0	0	0	0
3.90	30855244	4	0	0	0	0	0	0	0	0	0
4.00	30696971	4	0	0	0	0	0	0	0	0	0
4.10	30539329	4	0	0	0	0	0	0	0	0	0
4.20	30382316	4	0	0	0	0	0	0	0	0	0
4.30	30225932	4	0	0	0	0	0	0	0	0	0
4.40	30070173	4	0	0	0	0	0	0	0	0	0
4.50	29915039	4	0	0	0	0	0	0	0	0	0
4.60	29760527	4	0	0	0	0	0	0	0	0	0
4.70	29606636	4	0	0	0	0	0	0	0	0	0
4.80	29453363	4	0	0	0	0	0	0	0	0	0
4.90	29300708	4	0	0	0	0	0	0	0	0	0
5.00	29148668	4	0	0	0	0	0	0	0	0	0
5.10	28997242	4	0	0	0	0	0	0	0	0	0
5.20	28846428	4	0	0	0	0	0	0	0	0	0
5.30	28696223	4	0	0	0	0	0	0	0	0	0
5.40	28546627	4	0	0	0	0	0	0	0	0	0
5.50	28397638	4	0	0	0	0	0	0	0	0	0
5.60	28249253	4	0	0	0	0	0	0	0	0	0
5.70	28101471	4	0	0	0	0	0	0	0	0	0
5.80	27954290	4	0	0	0	0	0	0	0	0	0
5.90	27807709	4	0	0	0	0	0	0	0	0	0
6.00	27661726	4	0	0	0	0	0	0	0	0	0
6.10	27516339	4	0	0	0	0	0	0	0	0	0
6.20	27371546	4	0	0	0	0	0	0	0	0	0
6.30	27227346	4	0	0	0	0	0	0	0	0	0
6.40	27083736	4	0	0	0	0	0	0	0	0	0
6.50	26940716	4	0	0	0	0	0	0	0	0	0
6.60	26798283	4	0	0	0	0	0	0	0	0	0
6.70	26656436	4	0	0	0	0	0	0	0	0	0
6.80	26515173	4	0	0	0	0	0	0	0	0	0
6.90	26374492	4	0	0	0	0	0	0	0	0	0
7.00	26234391	4	0	0	0	0	0	0	0	0	0
7.10	26094869	4	0	0	0	0	0	0	0	0	0
7.20	25955925	4	0	0	0	0	0	0	0	0	0
7.30	25817555	4	0	0	0	0	0	0	0	0	0
7.40	25679760	4	0	0	0	0	0	0	0	0	0
7.50	25542536	4	0	0	0	0	0	0	0	0	0
7.60	25405883	4	0	0	0	0	0	0	0	0	0
7.70	25269799	4	0	0	0	0	0	0	0	0	0
7.80	25134281	4	0	0	0	0	0	0	0	0	0
7.90	24999329	4	0	0	0	0	0	0	0	0	0
8.00	24864940	4	0	0	0	0	0	0	0	0	0
8.10	24731113	4	0	0	0	0	0	0	0	0	0
8.20	24597846	4	0	0	0	0	0	0	0	0	0
8.30	24465138	4	0	0	0	0	0	0	0	0	0
8.40	24332987	4	0	0	0	0	0	0	0	0	0
8.50	24201391	4	0	0	0	0	0	0	0	0	0
8.60	24070348	4	0	0	0	0	0	0	0	0	0
8.70	23939857	4	0	0	0	0	0	0	0	0	0
8.80	23809917	4	0	0	0	0	0	0	0	0	0
8.90	23680525	4	0	0	0	0	0	0	0	0	0
9.00	23551680	4	0	0	0	0	0	0	0	0	0
9.10	23423380	4	0	0	0	0	0	0	0	0	0
9.20	23295624	4	0	0	0	0	0	0	0	0	0
9.30	23168410	4	0	0	0	0	0	0	0	0	0
9.40	23041736	4	0	0	0	0	0	0	0	0	0
9.50	22915601	4	0	0	0	0	0	0	0	0	0
9.60	22790003	4	0	0	0	0	0	0	0	0	0
9.70	22664940	4	0	0	0	0	0	0	0	0	0
9.80	22540411	4	0	0	0	0	0	0	0	0	0
9.90	22416414	4	0	0	0	0	0	0	0	0	0
10.00	22292948	4	0	0	0	0	0	0	0	0	0
10.10	22170011	4	0	0	0	0	0	0	0	0	0
10.20	22047601	4	0	0	0	0	0	0	0	0	0
10.30	21925717	4	0	0	0	0	0	0	0	0	0
10.40	21804356	4	0	0	0	0	0	0	0	0	0
10.50	21683519	4	0	0	0	0	0	0	0	0	0
10.60	21563202	4	0	0	0	0	0	0	0	0	0
10.70	21443404	4	0	0	0	0	0	0	0	0	0
10.80	21324124	4	0	0	0	0	0	0	0	0	0
10.90	21205361	4	0	0	0	0	0	0	0	0	0
11.00	21087111	4	0	0	0	0	0	0	0	0	0
11.10	20969375	4	0	0	0	0	0	0	0	0	0
11.20	20852150	4	0	0	0	0	0	0	0	0	0
11.30	20735434	4	0	0	0	0	0	0	0	0	0
11.40	20619227	4	0	0	0	0	0	0	0	0	0
11.50	20503526	4	0	0	0	0	0	0	0	0	0
11.60	20388330	4	0	0	0	0	0	0	0	0	0
11.70	20273638	4	0	0	0	0	0	0	0	0	0
11.80	20159447	4	0	0	0	0	0	0	0	0	0
11.90	20045757	4	0	0	0	0	0	0	0	0	0
12.00	19932565	4	0	0	0	0	0	0	0	0	0
12.10	19819871	4	0	0	0	0	0	0	0	0	0
12.20	19707672	4	0	0	0	0	0	0	0	0	0
12.30	19595967	4	0	0	0	0	0	0	0	0	0
12.40	19484755	4	0	0	0	0	0	0	0	0	0
12.50	19374034	4	0	0	0	0	0	0	0	0	0
12.60	19263802	4	0	0	0	0	0	0	0	0	0
12.70	19154058	4	0	0	0	0	0	0	0	0	0
12.80	19044800	4	0	0	0	0	0	0	0	0	0
12.90	18936027	4	0	0	0	0	0	0	0	0	0
13.00	18827737	4	0	0	0	0	0	0	0	0	0
13.10	18719928	4	0	0	0	0	0	0	0	0	0
13.20	18612600	4	0	0	0	0	0	0	0	0	0
13.30	18505751	4	0	0	0	0	0	0	0	0	0
13.40	18399379	4	0	0	0	0	0	0	0	0	0
13.50	18293482	4	0	0	0	0	0	0	0	0	0
13.60	18188059	4	0	0	0	0	0	0	0	0	0
13.70	18083109	4	0	0	0	0	0	0	0	0	0
13.80	17978630	4	0	0	0	0	0	0	0	0	0
13.90	17874621	4	0	0	0	0	0	0	0	0	0
14.00	17771080	4	0	0	0	0	0	0	0	0	0
14.10	17668005	4	0	0	0	0	0	0	0	0	0
14.20	17565395	4	0	0	0	0	0	0	0	0	0
14.30	17463249	4	0	0	0	0	0	0	0	0	0
14.40	17361564	4	0	0	0	0	0	0	0	0	0
14.50	17260341	4	0	0	0	0	0	0	0	0	0
14.60	17159576	4	0	0	0	0	0	0	0	0	0
14.70	17059269	4	0	0	0	0	0	0	0	0	0
14.80	16959418	4	0	0	0	0	0	0	0	0	0
14.90	16860022	4	0	0	0	0	0	0	0	0	0
15.00	16761078	4	0	0	0	0	0	0	0	0	0
15.10	16662587	4	0	0	0	0	0	0	0	0	0
15.20	16564545	4	0	0	0	0	0	0	0	0	0
15.30	16466953	4	0	0	0	0	0	0	0	0	0
15.40	16369807	4	0	0	0	0	0	0	0	0	0
15.50	16273108	4	0	0	0	0	0	0	0	0	0
15.60	16176852	4	0	0	0	0	0	0	0	0	0
15.70	16081040	4	0	0	0	0	0	0	0	0	0
15.80	15985669	4	0	0	0	0	0	0	0	0	0
15.90	15890738	4	0	0	0	0	0	0	0	0	0
16.00	15796245	4	0	0	0	0	0	0	0	0	0
16.10	15702190	4	0	0	0	0	0	0	0	0	0
16.20	15608570	4	0	0	0	0	0	0	0	0	0
16.30	15515385	4	0	0	0	0	0	0	0	0	0
16.40	15422632	4	0	0	0	0	0	0	0	0	0
16.50	15330310	4	0	0	0	0	0	0	0	0	0
16.60	15238419	4	0	0	0	0	0	0	0	0	0
16.70	15146956	4	0	0	0	0	0	0	0	0	0
16.80	15055919	4	0	0	0	0	0	0	0	0	0
16.90	14965309	4	0	0	0	0	0	0	0	0	0
17.00	14875123	4	0	0	0	0	0	0	0	0	0
17.10	14785359	4	0	0	0	0	0	0	0	0	0
17.20	14696017	4	0	0	0	0	0	0	0	0	0
17.30	14607095	4	0	0	0	0	0	0	0	0	0
17.40	14518591	4	0	0	0	0	0	0	0	0	0
17.50	14430504	4	0	0	0	0	0	0	0	0	0
17.60	14342833	4	0	0	0	0	0	0	0	0	0
17.70	14255577	4	0	0	0	0	0	0	0	0	0
17.80	14168733	4	0	0	0	0	0	0	0	0	0
17.90	14082301	4	0	0	0	0	0	0	0	0	0
18.00	13996280	4	0	0	0	0	0	0	0	0	0
18.10	13910666	4	0	0	0	0	0	0	0	0	0
18.20	13825461	4	0	0	0	0	0	0	0	0	0
18.30	13740661	4	0	0	0	0	0	0	0	0	0
18.40	13656266	4	0	0	0	0	0	0	0	0	0
18.50	13572274	4	0	0	0	0	0	0	0	0	0
18.60	13488684	4	0	0	0	0	0	0	0	0	0
18.70	13405494	4	0	0	0	0	0	0	0	0	0
18.80	13322704	4	0	0	0	0	0	0	0	0	0
18.90	13240311	4	0	0	0	0	0	0	0	0	0
19.00	13158315	4	0	0	0	0	0	0	0	0	0
19.10	13076713	4	0	0	0	0	0	0	0	0	0
19.20	12995506	4	0	0	0	0	0	0	0	0	0
19.30	12914690	4	0	0	0	0	0	0	0	0	0
19.40	12834266	4	0	0	0	0	0	0	0	0	0
19.50	12754231	4	0	0	0	0	0	0	0	0	0
19.60	12674585	4	0	0	0	0	0	0	0	0	0
19.70	12595325	4	0	0	0	0	0	0	0	0	0
19.80	12516451	4	0	0	0	0	0	0	0	0	0
19.90	12437961	4	0	0	0	0	0	0	0	0	0
20.00	12359854	4	0	0	0	0	0	0	0	0	0
20.10	12282129	4	0	0	0	0	0	0	0	0	0
20.20	12204784	4	0	0	0	0	0	0	0	0	0
20.30	12127818	4	0	0	0	0	0	0	0	0	0
20.40	12051229	4	0	0	0	0	0	0	0	0	0
20.50	11975017	4	0	0	0	0	0	0	0	0	0
20.60	11899179	4	0	0	0	0	0	0	0	0	0
20.70	11823715	4	0	0	0	0	0	0	0	0	0
20.80	11748624	4	0	0	0	0	0	0	0	0	0
20.90	11673903	4	0	0	0	0	0	0	0	0	0
21.00	11599553	4	0	0	0	0	0	0	0	0	0
21.10	11525570	4	0	0	0	0	0	0	0	0	0
21.20	11451955	4	0	0	0	0	0	0	0	0	0
21.30	11378705	4	0	0	0	0	0	0	0	0	0
21.40	11305820	4	0	0	0	0	0	0	0	0	0
21.50	11233298	4	0	0	0	0	0	0	0	0	0
21.60	11161138	4	0	0	0	0	0	0	0	0	0
21.70	11089339	4	0	0	0	0	0	0	0	0	0
21.80	11017899	4	0	0	0	0	0	0	0	0	0
21.90	10946817	4	0	0	0	0	0	0	0	0	0
22.00	10876092	4	0	0	0	0	0	0	0	0	0
22.10	10805722	4	0	0	0	0	0	0	0	0	0
22.20	10735707	4	0	0	0	0	0	0	0	0	0
22.30	10666044	4	0	0	0	0	0	0	0	0	0
22.40	10596733	4	0	0	0	0	0	0	0	0	0
22.50	10527772	4	0	0	0	0	0	0	0	0	0
22.60	10459161	4	0	0	0	0	0	0	0	0	0
22.70	10390897	4	0	0	0	0	0	0	0	0	0
22.80	10322981	4	0	0	0	0	0	0	0	0	0
22.90	10255409	4	0	0	0	0	0	0	0	0	0
23.00	10188181	4	0	0	0	0	0	0	0	0	0
23.10	10121297	4	0	0	0	0	0	0	0	0	0
23.20	10054754	4	0	0	0	0	0	0	0	0	0
23.30	9988551	4	0	0	0	0	0	0	0	0	0
23.40	9922688	4	0	0	0	0	0	0	0	0	0
23.50	9857162	4	0	0	0	0	0	0	0	0	0
23.60	9791973	4	0	0	0	0	0	0	0	0	0
23.70	9727119	4	0	0	0	0	0	0	0	0	0
23.80	9662600	4	0	0	0	0	0	0	0	0	0
23.90	9598413	4	0	0	0	0	0	0	0	0	0
24.00	9534558	4	0	0	0	0	0	0	0	0	0
24.10	9471034	4	0	0	0	0	0	0	0	0	0
24.20	9407839	4	0	0	0	0	0	0	0	0	0
24.30	9344972	4	0	0	0	0	0	0	0	0	0
24.40	9282432	4	0	0	0	0	0	0	0	0	0
24.50	9220218	4	0	0	0	0	0	0	0	0	0
24.60	9158327	4	0	0	0	0	0	0	0	0	0
24.70	9096761	4	0	0	0	0	0	0	0	0	0
24.80	9035516	4	0	0	0	0	0	0	0	0	0
24.90	8974592	4	0	0	0	0	0	0	0	0	0
25.00	8913987	4	0	0	0	0	0	0	0	0	0
25.10	8853701	4	0	0	0	0	0	0	0	0	0
25.20	8793732	4	0	0	0	0	0	0	0	0	0
25.30	8734079	4	0	0	0	0	0	0	0	0	0
25.40	8674741	4	0	0	0	0	0	0	0	0	0
25.50	8615717	4	0	0	0	0	0	0	0	0	0
25.60	8557005	4	0	0	0	0	0	0	0	0	0
25.70	8498604	4	0	0	0	0	0	0	0	0	0
25.80	8440514	4	0	0	0	0	0	0	0	0	0
25.90	8382732	4	0	0	0	0	0	0	0	0	0
26.00	8325258	4	0	0	0	0	0	0	0	0	0
26.10	8268091	4	0	0	0	0	0	0	0	0	0
26.20	8211229	4	0	0	0	0	0	0	0	0	0
26.30	8154672	4	0	0	0	0	0	0	0	0	0
26.40	8098417	4	0	0	0	0	0	0	0	0	0
26.50	8042465	4	0	0	0	0	0	0	0	0	0
26.60	7986813	4	0	0	0	0	0	0	0	0	0
26.70	7931461	4	0	0	0	0	0	0	0	0	0
26.80	7876407	4	0	0	0	0	0	0	0	0	0
26.90	7821650	4	0	0	0	0	0	0	0	0	0
27.00	7767190	4	0	0	0	0	0	0	0	0	0
27.10	7713025	4	0	0	0	0	0	0	0	0	0
27.20	7659154	4	0	0	0	0	0	0	0	0	0
27.30	7605575	4	0	0	0	0	0	0	0	0	0
27.40	7552288	4	0	0	0	0	0	0	0	0	0
27.50	7499292	4	0	0	0	0	0	0	0	0	0
27.60	7446585	4	0	0	0	0	0	0	0	0	0
27.70	7394166	4	0	0	0	0	0	0	0	0	0
27.80	7342034	4	0	0	0	0	0	0	0	0	0
27.90	7290188	4	0	0	0	0	0	0	0	0	0
28.00	7238627	4	0	0	0	0	0	0	0	0	0
28.10	7187350	4	0	0	0	0	0	0	0	0	0
28.20	7136355	4	0	0	0	0	0	0	0	0	0
28.30	7085642	4	0	0	0	0	0	0	0	0	0
28.40	7035210	4	0	0	0	0	0	0	0	0	0
28.50	6985056	4	0	0	0	0	0	0	0	0	0
28.60	6935181	4	0	0	0	0	0	0	0	0	0
28.70	6885583	4	0	0	0	0	0	0	0	0	0
28.80	6836261	4	0	0	0	0	0	0	0	0	0
28.90	6787214	4	0	0	0	0	0	0	0	0	0
29.00	6738440	4	0	0	0	0	0	0	0	0	0
29.10	6689940	4	0	0	0	0	0	0	0	0	0
29.20	6641711	4	0	0	0	0	0	0	0	0	0
29.30	6593752	4	0	0	0	0	0	0	0	0	0
29.40	6546063	4	0	0	0	0	0	0	0	0	0
29.50	6498642	4	0	0	0	0	0	0	0	0	0
29.60	6451489	4	0	0	0	0	0	0	0	0	0
29.70	6404602	4	0	0	0	0	0	0	0	0	0
29.80	6357980	4	0	0	0	0	0	0	0	0	0
29.90	6311622	4	0	0	0	0	0	0	0	0	0
30.00	6265527	4	0	0	0	0	0	0	0	0	0
30.10	6219694	4	0	0	0	0	0	0	0	0	0
30.20	6174121	4	0	0	0	0	0	0	0	0	0
30.30	6128809	4	0	0	0	0	0	0	0	0	0
30.40	6083755	4	0	0	0	0	0	0	0	0	0
30.50	6038960	4	0	0	0	0	0	0	0	0	0
30.60	5994420	4	0	0	0	0	0	0	0	0	0
30.70	5950137	4	0	0	0	0	0	0	0	0	0
30.80	5906108	4	0	0	0	0	0	0	0	0	0
30.90	5862332	4	0	0	0	0	0	0	0	0	0
31.00	5818809	4	0	0	0	0	0	0	0	0	0
31.10	5775537	4	0	0	0	0	0	0	0	0	0
31.20	5732516	4	0	0	0	0	0	0	0	0	0
31.30	5689744	4	0	0	0	0	0	0	0	0	0
31.40	5647221	4	0	0	0	0	0	0	0	0	0
31.50	5604945	4	0	0	0	0	0	0	0	0	0
31.60	5562915	4	0	0	0	0	0	0	0	0	0
31.70	5521130	4	0	0	0	0	0	0	0	0	0
31.80	5479589	4	0	0	0	0	0	0	0	0	0
31.90	5438292	4	0	0	0	0	0	0	0	0	0
32.00	5397237	4	0	0	0	0	0	0	0	0	0
32.10	5356423	4	0	0	0	0	0	0	0	0	0
32.20	5315849	4	0	0	0	0	0	0	0	0	0
32.30	5275515	4	0	0	0	0	0	0	0	0	0
32.40	5235418	4	0	0	0	0	0	0	0	0	0
32.50	5195559	4	0	0	0	0	0	0	0	0	0
32.60	5155936	4	0	0	0	0	0	0	0	0	0
32.70	5116547	4	0	0	0	0	0	0	0	0	0
32.80	5077394	4	0	0	0	0	0	0	0	0	0
32.90	5038473	4	0	0	0	0	0	0	0	0	0
33.00	4999784	4	0	0	0	0	0	0	0	0	0
33.10	4961327	4	0	0	0	0	0	0	0	0	0
33.20	4923100	4	0	0	0	0	0	0	0	0	0
33.30	4885102	4	0	0	0	0	0	0	0	0	0
33.40	4847332	4	0	0	0	0	0	0	0	0	0
33.50	4809789	4	0	0	0	0	0	0	0	0	0
33.60	4772473	4	0	0	0	0	0	0	0	0	0
33.70	4735382	4	0	0	0	0	0	0	0	0	0
33.80	4698516	4	0	0	0	0	0	0	0	0	0
33.90	4661872	4	0	0	0	0	0	0	0	0	0
34.00	4625451	4	0	0	0	0	0	0	0	0	0
34.10	4589252	4	0	0	0	0	0	0	0	0	0
34.20	4553273	4	0	0	0	0	0	0	0	0	0
34.30	4517513	4	0	0	0	0	0	0	0	0	0
34.40	4481972	4	0	0	0	0	0	0	0	0	0
34.50	4446649	4	0	0	0	0	0	0	0	0	0
34.60	4411542	4	0	0	0	0	0	0	0	0	0
34.70	4376651	4	0	0	0	0	0	0	0	0	0
34.80	4341975	4	0	0	0	0	0	0	0	0	0
34.90	4307513	4	0	0	0	0	0	0	0	0	0
35.00	4273263	4	0	0	0	0	0	0	0	0	0
35.10	4239225	4	0	0	0	0	0	0	0	0	0
35.20	4205399	4	0	0	0	0	0	0	0	0	0
35.30	4171782	4	0	0	0	0	0	0	0	0	0
35.40	4138375	4	0	0	0	0	0	0	0	0	0
35.50	4105175	4	0	0	0	0	0	0	0	0	0
35.60	4072183	4	0	0	0	0	0	0	0	0	0
35.70	4039398	4	0	0	0	0	0	0	0	0	0
35.80	4006817	4	0	0	0	0	0	0	0	0	0
35.90	3974442	4	0	0	0	0	0	0	0	0	0
36.00	3942269	4	0	0	0	0	0	0	0	0	0
36.10	3910300	4	0	0	0	0	0	0	0	0	0
36.20	3878532	4	0	0	0	0	0	0	0	0	0
36.30	3846965	4	0	0	0	0	0	0	0	0	0
36.40	3815598	4	0	0	0	0	0	0	0	0	0
36.50	3784431	4	0	0	0	0	0	0	0	0	0
36.60	3753461	4	0	0	0	0	0	0	0	0	0
36.70	3722688	4	0	0	0	0	0	0	0	0	0
36.80	3692112	4	0	0	0	0	0	0	0	0	0
36.90	3661731	4	0	0	0	0	0	0	0	0	0
37.00	3631545	4	0	0	0	0	0	0	0	0	0
37.10	3601553	4	0	0	0	0	0	0	0	0	0
37.20	3571753	4	0	0	0	0	0	0	0	0	0
37.30	3542145	4	0	0	0	0	0	0	0	0	0
37.40	3512729	4	0	0	0	0	0	0	0	0	0
37.50	3483502	4	0	0	0	0	0	0	0	0	0
37.60	3454464	4	0	0	0	0	0	0	0	0	0
37.70	3425615	4	0	0	0	0	0	0	0	0	0
37.80	3396954	4	0	0	0	0	0	0	0	0	0
37.90	3368479	4	0	0	0	0	0	0	0	0	0
38.00	3340190	4	0	0	0	0	0	0	0	0	0
38.10	3312086	4	0	0	0	0	0	0	0	0	0
38.20	3284166	4	0	0	0	0	0	0	0	0	0
38.30	3256429	4	0	0	0	0	0	0	0	0	0
38.40	3228874	4	0	0	0	0	0	0	0	0	0
38.50	3201501	4	0	0	0	0	0	0	0	0	0
38.60	3174308	4	0	0	0	0	0	0	0	0	0
38.70	3147296	4	0	0	0	0	0	0	0	0	0
38.80	3120462	4	0	0	0	0	0	0	0	0	0
38.90	3093806	4	0	0	0	0	0	0	0	0	0
39.00	3067327	4	0	0	0	0	0	0	0	0	0
39.10	3041025	4	0	0	0	0	0	0	0	0	0
39.20	3014898	4	0	0	0	0	0	0	0	0	0
39.30	2988946	4	0	0	0	0	0	0	0	0	0
39.40	2963168	4	0	0	0	0	0	0	0	0	0
39.50	2937563	4	0	0	0	0	0	0	0	0	0
39.60	2912130	4	0	0	0	0	0	0	0	0	0
39.70	2886869	4	0	0	0	0	0	0	0	0	0
39.80	2861778	4	0	0	0	0	0	0	0	0	0
39.90	2836857	4	0	0	0	0	0	0	0	0	0
40.00	2812105	4	0	0	0	0	0	0	0	0	0
40.10	2787521	4	0	0	0	0	0	0	0	0	0
40.20	2763104	4	0	0	0	0	0	0	0	0	0
40.30	2738853	4	0	0	0	0	0	0	0	0	0
40.40	2714769	4	0	0	0	0	0	0	0	0	0
40.50	2690849	4	0	0	0	0	0	0	0	0	0
40.60	2667093	4	0	0	0	0	0	0	0	0	0
40.70	2643500	4	0	0	0	0	0	0	0	0	0
40.80	2620070	4	0	0	0	0	0	0	0	0	0
40.90	2596802	4	0	0	0	0	0	0	0	0	0
41.00	2573694	4	0	0	0	0	0	0	0	0	0
41.10	2550747	4	0	0	0	0	0	0	0	0	0
41.20	2527958	4	0	0	0	0	0	0	0	0	0
41.30	2505328	4	0	0	0	0	0	0	0	0	0
41.40	2482856	4	0	0	0	0	0	0	0	0	0
41.50	2460541	4	0	0	0	0	0	0	0	0	0
41.60	2438382	4	0	0	0	0	0	0	0	0	0
41.70	2416378	4	0	0	0	0	0	0	0	0	0
41.80	2394529	4	0	0	0	0	0	0	0	0	0
41.90	2372833	4	0	0	0	0	0	0	0	0	0
42.00	2351291	4	0	0	0	0	0	0	0	0	0
42.10	2329901	4	0	0	0	0	0	0	0	0	0
42.20	2308662	4	0	0	0	0	0	0	0	0	0
42.30	2287574	4	0	0	0	0	0	0	0	0	0
42.40	2266636	4	0	0	0	0	0	0	0	0	0
42.50	2245847	4	0	0	0	0	0	0	0	0	0
42.60	2225207	4	0	0	0	0	0	0	0	0	0
42.70	2204714	4	0	0	0	0	0	0	0	0	0
42.80	2184368	4	0	0	0	0	0	0	0	0	0
42.90	2164168	4	0	0	0	0	0	0	0	0	0
43.00	2144114	4	0	0	0	0	0	0	0	0	0
43.10	2124204	4	0	0	0	0	0	0	0	0	0
43.20	2104438	4	0	0	0	0	0	0	0	0	0
43.30	2084816	4	0	0	0	0	0	0	0	0	0
43.40	2065336	4	0	0	0	0	0	0	0	0	0
43.50	2045997	4	0	0	0	0	0	0	0	0	0
43.60	2026800	4	0	0	0	0	0	0	0	0	0
43.70	2007742	4	0	0	0	0	0	0	0	0	0
43.80	1988825	4	0	0	0	0	0	0	0	0	0
43.90	1970046	4	0	0	0	0	0	0	0	0	0
44.00	1951405	4	0	0	0	0	0	0	0	0	0
44.10	1932901	4	0	0	0	0	0	0	0	0	0
44.20	1914534	4	0	0	0	0	0	0	0	0	0
44.30	1896303	4	0	0	0	0	0	0	0	0	0
44.40	1878207	4	0	0	0	0	0	0	0	0	0
44.50	1860245	4	0	0	0	0	0	0	0	0	0
44.60	1842417	4	0	0	0	0	0	0	0	0	0
44.70	1824722	4	0	0	0	0	0	0	0	0	0
44.80	1807160	4	0	0	0	0	0	0	0	0	0
44.90	1789729	4	0	0	0	0	0	0	0	0	0
45.00	1772429	4	0	0	0	0	0	0	0	0	0
45.10	1755259	4	0	0	0	0	0	0	0	0	0
45.20	1738218	4	0	0	0	0	0	0	0	0	0
45.30	1721307	4	0	0	0	0	0	0	0	0	0
45.40	1704523	4	0	0	0	0	0	0	0	0	0
45.50	1687867	4	0	0	0	0	0	0	0	0	0
45.60	1671338	4	0	0	0	0	0	0	0	0	0
45.70	1654934	4	0	0	0	0	0	0	0	0	0
45.80	1638656	4	0	0	0	0	0	0	0	0	0
45.90	1622503	4	0	0	0	0	0	0	0	0	0
46.00	1606474	4	0	0	0	0	0	0	0	0	0
46.10	1590568	4	0	0	0	0	0	0	0	0	0
46.20	1574784	4	0	0	0	0	0	0	0	0	0
46.30	1559122	4	0	0	0	0	0	0	0	0	0
46.40	1543582	4	0	0	0	0	0	0	0	0	0
46.50	1528162	4	0	0	0	0	0	0	0	0	0
46.60	1512863	4	0	0	0	0	0	0	0	0	0
46.70	1497682	4	0	0	0	0	0	0	0	0	0
46.80	1482620	4	0	0	0	0	0	0	0	0	0
46.90	1467676	4	0	0	0	0	0	0	0	0	0
47.00	1452850	4	0	0	0	0	0	0	0	0	0
47.10	1438140	4	0	0	0	0	0	0	0	0	0
47.20	1423545	4	0	0	0	0	0	0	0	0	0
47.30	1409067	4	0	0	0	0	0	0	0	0	0
47.40	1394703	4	0	0	0	0	0	0	0	0	0
47.50	1380452	4	0	0	0	0	0	0	0	0	0
47.60	1366316	4	0	0	0	0	0	0	0	0	0
47.70	1352292	4	0	0	0	0	0	0	0	0	0
47.80	1338380	4	0	0	0	0	0	0	0	0	0
47.90	1324579	4	0	0	0	0	0	0	0	0	0
48.00	1310889	4	0	0	0	0	0	0	0	0	0
48.10	1297310	4	0	0	0	0	0	0	0	0	0
48.20	1283840	4	0	0	0	0	0	0	0	0	0
48.30	1270479	4	0	0	0	0	0	0	0	0	0
48.40	1257226	4	0	0	0	0	0	0	0	0	0
48.50	1244081	4	0	0	0	0	0	0	0	0	0
48.60	1231042	4	0	0	0	0	0	0	0	0	0
48.70	1218111	4	0	0	0	0	0	0	0	0	0
48.80	1205285	4	0	0	0	0	0	0	0	0	0
48.90	1192564	4	0	0	0	0	0	0	0	0	0
49.00	1179947	4	0	0	0	0	0	0	0	0	0
49.10	1167435	4	0	0	0	0	0	0	0	0	0
49.20	1155026	4	0	0	0	0	0	0	0	0	0
49.30	1142720	4	0	0	0	0	0	0	0	0	0
49.40	1130515	4	0	0	0	0	0	0	0	0	0
49.50	1118413	4	0	0	0	0	0	0	0	0	0
49.60	1106411	4	0	0	0	0	0	0	0	0	0
49.70	1094509	4	0	0	0	0	0	0	0	0	0
49.80	1082707	4	0	0	0	0	0	0	0	0	0
49.90	1071004	4	0	0	0	0	0	0	0	0	0
50.00	1059400	4	0	0	0	0	0	0	0	0	0
50.10	1047894	4	0	0	0	0	0	0	0	0	0
50.20	1036485	4	0	0	0	0	0	0	0	0	0
50.30	1025172	4	0	0	0	0	0	0	0	0	0
50.40	1013956	4	0	0	0	0	0	0	0	0	0
50.50	1002836	4	0	0	0	0	0	0	0	0	0
50.60	991810	4	0	0	0	0	0	0	0	0	0
50.70	980879	4	0	0	0	0	0	0	0	0	0
50.80	970041	4	0	0	0	0	0	0	0	0	0
50.90	959297	4	0	0	0	0	0	0	0	0	0
51.00	948646	4	0	0	0	0	0	0	0	0	0
51.10	938086	4	0	0	0	0	0	0	0	0	0
51.20	927619	4	0	0	0	0	0	0	0	0	0
51.30	917242	4	0	0	0	0	0	0	0	0	0
51.40	906955	4	0	0	0	0	0	0	0	0	0
51.50	896759	4	0	0	0	0	0	0	0	0	0
51.60	886651	4	0	0	0	0	0	0	0	0	0
51.70	876633	4	0	0	0	0	0	0	0	0	0
51.80	866702	4	0	0	0	0	0	0	0	0	0
51.90	856859	4	0	0	0	0	0	0	0	0	0
52.00	847103	4	0	0	0	0	0	0	0	0	0
52.10	837434	4	0	0	0	0	0	0	0	0	0
52.20	827851	4	0	0	0	0	0	0	0	0	0
52.30	818353	4	0	0	0	0	0	0	0	0	0
52.40	808940	4	0	0	0	0	0	0	0	0	0
52.50	799611	4	0	0	0	0	0	0	0	0	0
52.60	790366	4	0	0	0	0	0	0	0	0	0
52.70	781204	4	0	0	0	0	0	0	0	0	0
52.80	772125	4	0	0	0	0	0	0	0	0	0
52.90	763129	4	0	0	0	0	0	0	0	0	0
53.00	754213	4	0	0	0	0	0	0	0	0	0
53.10	745379	4	0	0	0	0	0	0	0	0	0
53.20	736626	4	0	0	0	0	0	0	0	0	0
53.30	727953	4	0	0	0	0	0	0	0	0	0
53.40	719359	4	0	0	0	0	0	0	0	0	0
53.50	710844	4	0	0	0	0	0	0	0	0	0
53.60	702408	4	0	0	0	0	0	0	0	0	0
53.70	694049	4	0	0	0	0	0	0	0	0	0
53.80	685768	4	0	0	0	0	0	0	0	0	0
53.90	677565	4	0	0	0	0	0	0	0	0	0
54.00	669437	4	0	0	0	0	0	0	0	0	0
54.10	661386	4	0	0	0	0	0	0	0	0	0
54.20	653410	4	0	0	0	0	0	0	0	0	0
54.30	645508	4	0	0	0	0	0	0	0	0	0
54.40	637682	4	0	0	0	0	0	0	0	0	0
54.50	629929	4	0	0	0	0	0	0	0	0	0
54.60	622249	4	0	0	0	0	0	0	0	0	0
54.70	614643	4	0	0	0	0	0	0	0	0	0
54.80	607109	4	0	0	0	0	0	0	0	0	0
54.90	599647	4	0	0	0	0	0	0	0	0	0
55.00	592256	4	0	0	0	0	0	0	0	0	0
55.10	584936	4	0	0	0	0	0	0	0	0	0
55.20	577687	4	0	0	0	0	0	0	0	0	0
55.30	570508	4	0	0	0	0	0	0	0	0	0
55.40	563398	4	0	0	0	0	0	0	0	0	0
55.50	556358	4	0	0	0	0	0	0	0	0	0
55.60	549385	4	0	0	0	0	0	0	0	0	0
55.70	542481	4	0	0	0	0	0	0	0	0	0
55.80	535645	4	0	0	0	0	0	0	0	0	0
55.90	528875	4	0	0	0	0	0	0	0	0	0
56.00	522173	4	0	0	0	0	0	0	0	0	0
56.10	515536	4	0	0	0	0	0	0	0	0	0
56.20	508965	4	0	0	0	0	0	0	0	0	0
56.30	502460	4	0	0	0	0	0	0	0	0	0
56.40	496019	4	0	0	0	0	0	0	0	0	0
56.50	489642	4	0	0	0	0	0	0	0	0	0
56.60	483330	4	0	0	0	0	0	0	0	0	0
56.70	477080	4	0	0	0	0	0	0	0	0	0
56.80	470894	4	0	0	0	0	0	0	0	0	0
56.90	464770	4	0	0	0	0	0	0	0	0	0
57.00	458708	4	0	0	0	0	0	0	0	0	0
57.10	452708	4	0	0	0	0	0	0	0	0	0
57.20	446769	4	0	0	0	0	0	0	0	0	0
57.30	440891	4	0	0	0	0	0	0	0	0	0
57.40	435073	4	0	0	0	0	0	0	0	0	0
57.50	429315	4	0	0	0	0	0	0	0	0	0
57.60	423616	4	0	0	0	0	0	0	0	0	0
57.70	417976	4	0	0	0	0	0	0	0	0	0
57.80	412395	4	0	0	0	0	0	0	0	0	0
57.90	406871	4	0	0	0	0	0	0	0	0	0
58.00	401406	4	0	0	0	0	0	0	0	0	0
58.10	395997	4	0	0	0	0	0	0	0	0	0
58.20	390645	4	0	0	0	0	0	0	0	0	0
58.30	385350	4	0	0	0	0	0	0	0	0	0
58.40	380111	4	0	0	0	0	0	0	0	0	0
58.50	374927	4	0	0	0	0	0	0	0	0	0
58.60	369798	4	0	0	0	0	0	0	0	0	0
58.70	364724	4	0	0	0	0	0	0	0	0	0
58.80	359704	4	0	0	0	0	0	0	0	0	0
58.90	354738	4	0	0	0	0	0	0	0	0	0
59.00	349825	4	0	0	0	0	0	0	0	0	0
59.10	344966	4	0	0	0	0	0	0	0	0	0
59.20	340159	4	0	0	0	0	0	0	0	0	0
59.30	335404	4	0	0	0	0	0	0	0	0	0
59.40	330701	4	0	0	0	0	0	0	0	0	0
59.50	326049	4	0	0	0	0	0	0	0	0	0
59.60	321449	4	0	0	0	0	0	0	0	0	0
59.70	316898	4	0	0	0	0	0	0	0	0	0
59.80	312399	4	0	0	0	0	0	0	0	0	0
59.90	307949	4	0	0	0	0	0	0	0	0	0
60.00	303548	4	0	0	0	0	0	0	0	0	0
60.10	299196	4	0	0	0	0	0	0	0	0	0
60.20	294893	4	0	0	0	0	0	0	0	0	0
60.30	290638	4	0	0	0	0	0	0	0	0	0
60.40	286431	4	0	0	0	0	0	0	0	0	0
60.50	282272	4	0	0	0	0	0	0	0	0	0
60.60	278160	4	0	0	0	0	0	0	0	0	0
60.70	274094	4	0	0	0	0	0	0	0	0	0
60.80	270074	4	0	0	0	0	0	0	0	0	0
60.90	266101	4	0	0	0	0	0	0	0	0	0
61.00	262173	4	0	0	0	0	0	0	0	0	0
61.10	258290	4	0	0	0	0	0	0	0	0	0
61.20	254452	4	0	0	0	0	0	0	0	0	0
61.30	250659	4	0	0	0	0	0	0	0	0	0
61.40	246910	4	0	0	0	0	0	0	0	0	0
61.50	243204	4	0	0	0	0	0	0	0	0	0
61.60	239542	4	0	0	0	0	0	0	0	0	0
61.70	235922	4	0	0	0	0	0	0	0	0	0
61.80	232346	4	0	0	0	0	0	0	0	0	0
61.90	228811	4	0	0	0	0	0	0	0	0	0
62.00	225319	4	0	0	0	0	0	0	0	0	0
62.10	221868	4	0	0	0	0	0	0	0	0	0
62.20	218458	4	0	0	0	0	0	0	0	0	0
62.30	215089	4	0	0	0	0	0	0	0	0	0
62.40	211761	4	0	0	0	0	0	0	0	0	0
62.50	208472	4	0	0	0	0	0	0	0	0	0
62.60	205224	4	0	0	0	0	0	0	0	0	0
62.70	202015	4	0	0	0	0	0	0	0	0	0
62.80	198845	4	0	0	0	0	0	0	0	0	0
62.90	195714	4	0	0	0	0	0	0	0	0	0
63.00	192621	4	0	0	0	0	0	0	0	0	0
63.10	189567	4	0	0	0	0	0	0	0	0	0
63.20	186550	4	0	0	0	0	0	0	0	0	0
63.30	183570	4	0	0	0	0	0	0	0	0	0
63.40	180628	4	0	0	0	0	0	0	0	0	0
63.50	177723	4	0	0	0	0	0	0	0	0	0
63.60	174853	4	0	0	0	0	0	0	0	0	0
63.70	172020	4	0	0	0	0	0	0	0	0	0
63.80	169223	4	0	0	0	0	0	0	0	0	0
63.90	166462	4	0	0	0	0	0	0	0	0	0
64.00	163735	4	0	0	0	0	0	0	0	0	0
64.10	161043	4	0	0	0	0	0	0	0	0	0
64.20	158386	4	0	0	0	0	0	0	0	0	0
64.30	155763	4	0	0	0	0	0	0	0	0	0
64.40	153174	4	0	0	0	0	0	0	0	0	0
64.50	150618	4	0	0	0	0	0	0	0	0	0
64.60	148096	4	0	0	0	0	0	0	0	0	0
64.70	145606	4	0	0	0	0	0	0	0	0	0
64.80	143149	4	0	0	0	0	0	0	0	0	0
64.90	140725	4	0	0	0	0	0	0	0	0	0
65.00	138332	4	0	0	0	0	0	0	0	0	0
65.10	135972	4	0	0	0	0	0	0	0	0	0
65.20	133642	4	0	0	0	0	0	0	0	0	0
65.30	131344	4	0	0	0	0	0	0	0	0	0
65.40	129077	4	0	0	0	0	0	0	0	0	0
65.50	126840	4	0	0	0	0	0	0	0	0	0
65.60	124633	4	0	0	0	0	0	0	0	0	0
65.70	122456	4	0	0	0	0	0	0	0	0	0
65.80	120309	4	0	0	0	0	0	0	0	0	0
65.90	118192	4	0	0	0	0	0	0	0	0	0
66.00	116103	4	0	0	0	0	0	0	0	0	0
66.10	114043	4	0	0	0	0	0	0	0	0	0
66.20	112012	4	0	0	0	0	0	0	0	0	0
66.30	110009	4	0	0	0	0	0	0	0	0	0
66.40	108034	4	0	0	0	0	0	0	0	0	0
66.50	106086	4	0	0	0	0	0	0	0	0	0
66.60	104166	4	0	0	0	0	0	0	0	0	0
66.70	102273	4	0	0	0	0	0	0	0	0	0
66.80	100407	4	0	0	0	0	0	0	0	0	0
66.90	98567	4	0	0	0	0	0	0	0	0	0
67.00	96754	4	0	0	0	0	0	0	0	0	0
67.10	94966	4	0	0	0	0	0	0	0	0	0
67.20	93205	4	0	0	0	0	0	0	0	0	0
67.30	91469	4	0	0	0	0	0	0	0	0	0
67.40	89758	4	0	0	0	0	0	0	0	0	0
67.50	88072	4	0	0	0	0	0	0	0	0	0
67.60	86411	4	0	0	0	0	0	0	0	0	0
67.70	84774	4	0	0	0	0	0	0	0	0	0
67.80	83162	4	0	0	0	0	0	0	0	0	0
67.90	81573	4	0	0	0	0	0	0	0	0	0
68.00	80008	4	0	0	0	0	0	0	0	0	0
68.10	78466	4	0	0	0	0	0	0	0	0	0
68.20	76948	4	0	0	0	0	0	0	0	0	0
68.30	75453	4	0	0	0	0	0	0	0	0	0
68.40	73980	4	0	0	0	0	0	0	0	0	0
68.50	72530	4	0	0	0	0	0	0	0	0	0
68.60	71102	4	0	0	0	0	0	0	0	0	0
68.70	69695	4	0	0	0	0	0	0	0	0	0
68.80	68311	4	0	0	0	0	0	0	0	0	0
68.90	66948	4	0	0	0	0	0	0	0	0	0
69.00	65606	4	0	0	0	0	0	0	0	0	0
69.10	64285	4	0	0	0	0	0	0	0	0	0
69.20	62985	4	0	0	0	0	0	0	0	0	0
69.30	61705	4	0	0	0	0	0	0	0	0	0
69.40	60446	4	0	0	0	0	0	0	0	0	0
69.50	59207	4	0	0	0	0	0	0	0	0	0
69.60	57988	4	0	0	0	0	0	0	0	0	0
69.70	56788	4	0	0	0	0	0	0	0	0	0
69.80	55607	4	0	0	0	0	0	0	0	0	0
69.90	54446	4	0	0	0	0	0	0	0	0	0
70.00	53304	4	0	0	0	0	0	0	0	0	0
70.10	52180	4	0	0	0	0	0	0	0	0	0
70.20	51075	4	0	0	0	0	0	0	0	0	0
70.30	49988	4	0	0	0	0	0	0	0	0	0
70.40	48919	4	0	0	0	0	0	0	0	0	0
70.50	47868	4	0	0	0	0	0	0	0	0	0
70.60	46835	4	0	0	0	0	0	0	0	0	0
70.70	45819	4	0	0	0	0	0	0	0	0	0
70.80	44820	4	0	0	0	0	0	0	0	0	0
70.90	43839	4	0	0	0	0	0	0	0	0	0
71.00	42874	4	0	0	0	0	0	0	0	0	0
71.10	41925	4	0	0	0	0	0	0	0	0	0
71.20	40993	4	0	0	0	0	0	0	0	0	0
71.30	40077	4	0	0	0	0	0	0	0	0	0
71.40	39178	4	0	0	0	0	0	0	0	0	0
71.50	38293	4	0	0	0	0	0	0	0	0	0
71.60	37425	4	0	0	0	0	0	0	0	0	0
71.70	36572	4	0	0	0	0	0	0	0	0	0
71.80	35734	4	0	0	0	0	0	0	0	0	0
71.90	34911	4	0	0	0	0	0	0	0	0	0
72.00	34103	4	0	0	0	0	0	0	0	0	0
72.10	33309	4	0	0	0	0	0	0	0	0	0
72.20	32530	4	0	0	0	0	0	0	0	0	0
72.30	31765	4	0	0	0	0	0	0	0	0	0
72.40	31014	4	0	0	0	0	0	0	0	0	0
72.50	30277	4	0	0	0	0	0	0	0	0	0
72.60	29554	4	0	0	0	0	0	0	0	0	0
72.70	28844	4	0	0	0	0	0	0	0	0	0
72.80	28148	4	0	0	0	0	0	0	0	0	0
72.90	27464	4	0	0	0	0	0	0	0	0	0
73.00	26794	4	0	0	0	0	0	0	0	0	0
73.10	26136	4	0	0	0	0	0	0	0	0	0
73.20	25491	4	0	0	0	0	0	0	0	0	0
73.30	24859	4	0	0	0	0	0	0	0	0	0
73.40	24239	4	0	0	0	0	0	0	0	0	0
73.50	23630	4	0	0	0	0	0	0	0	0	0
73.60	23034	4	0	0	0	0	0	0	0	0	0
73.70	22449	4	0	0	0	0	0	0	0	0	0
73.80	21877	4	0	0	0	0	0	0	0	0	0
73.90	21315	4	0	0	0	0	0	0	0	0	0
74.00	20765	4	0	0	0	0	0	0	0	0	0
74.10	20226	4	0	0	0	0	0	0	0	0	0
74.20	19697	4	0	0	0	0	0	0	0	0	0
74.30	19180	4	0	0	0	0	0	0	0	0	0
74.40	18673	4	0	0	0	0	0	0	0	0	0
74.50	18177	4	0	0	0	0	0	0	0	0	0
74.60	17691	4	0	0	0	0	0	0	0	0	0
74.70	17215	4	0	0	0	0	0	0	0	0	0
74.80	16749	4	0	0	0	0	0	0	0	0	0
74.90	16293	4	0	0	0	0	0	0	0	0	0
75.00	15847	4	0	0	0	0	0	0	0	0	0
75.10	15410	4	0	0	0	0	0	0	0	0	0
75.20	14982	4	0	0	0	0	0	0	0	0	0
75.30	14564	4	0	0	0	0	0	0	0	0	0
75.40	14155	4	0	0	0	0	0	0	0	0	0
75.50	13755	4	0	0	0	0	0	0	0	0	0
75.60	13364	4	0	0	0	0	0	0	0	0	0
75.70	12982	4	0	0	0	0	0	0	0	0	0
75.80	12608	4	0	0	0	0	0	0	0	0	0
75.90	12242	4	0	0	0	0	0	0	0	0	0
76.00	11885	4	0	0	0	0	0	0	0	0	0
76.10	11536	4	0	0	0	0	0	0	0	0	0
76.20	11195	4	0	0	0	0	0	0	0	0	0
76.30	10862	4	0	0	0	0	0	0	0	0	0
76.40	10536	4	0	0	0	0	0	0	0	0	0
76.50	10219	4	0	0	0	0	0	0	0	0	0
76.60	9908	4	0	0	0	0	0	0	0	0	0
76.70	9605	4	0	0	0	0	0	0	0	0	0
76.80	9310	4	0	0	0	0	0	0	0	0	0
76.90	9021	4	0	0	0	0	0	0	0	0	0
77.00	8740	4	0	0	0	0	0	0	0	0	0
77.10	8465	4	0	0	0	0	0	0	0	0	0
77.20	8197	4	0	0	0	0	0	0	0	0	0
77.30	7936	4	0	0	0	0	0	0	0	0	0
77.40	7681	4	0	0	0	0	0	0	0	0	0
77.50	7433	4	0	0	0	0	0	0	0	0	0
77.60	7191	4	0	0	0	0	0	0	0	0	0
77.70	6955	4	0	0	0	0	0	0	0	0	0
77.80	6725	4	0	0	0	0	0	0	0	0	0
77.90	6501	4	0	0	0	0	0	0	0	0	0
78.00	6283	4	0	0	0	0	0	0	0	0	0
78.10	6070	4	0	0	0	0	0	0	0	0	0
78.20	5864	4	0	0	0	0	0	0	0	0	0
78.30	5663	4	0	0	0	0	0	0	0	0	0
78.40	5467	4	0	0	0	0	0	0	0	0	0
78.50	5276	4	0	0	0	0	0	0	0	0	0
78.60	5091	4	0	0	0	0	0	0	0	0	0
78.70	4911	4	0	0	0	0	0	0	0	0	0
78.80	4735	4	0	0	0	0	0	0	0	0	0
78.90	4565	4	0	0	0	0	0	0	0	0	0
79.00	4400	4	0	0	0	0	0	0	0	0	0
79.10	4239	4	0	0	0	0	0	0	0	0	0
79.20	4082	4	0	0	0	0	0	0	0	0	0
79.30	3931	4	0	0	0	0	0	0	0	0	0
79.40	3783	4	0	0	0	0	0	0	0	0	0
79.50	3641	4	0	0	0	0	0	0	0	0	0
79.60	3502	4	0	0	0	0	0	0	0	0	0
79.70	3367	4	0	0	0	0	0	0	0	0	0
79.80	3237	4	0	0	0	0	0	0	0	0	0
79.90	3110	4	0	0	0	0	0	0	0	0	0
80.00	2987	4	0	0	0	0	0	0	0	0	0
80.10	2868	4	0	0	0	0	0	0	0	0	0
80.20	2753	4	0	0	0	0	0	0	0	0	0
80.30	2642	4	0	0	0	0	0	0	0	0	0
80.40	2534	4	0	0	0	0	0	0	0	0	0
80.50	2429	4	0	0	0	0	0	0	0	0	0
80.60	2328	4	0	0	0	0	0	0	0	0	0
80.70	2230	4	0	0	0	0	0	0	0	0	0
80.80	2135	4	0	0	0	0	0	0	0	0	0
80.90	2044	4	0	0	0	0	0	0	0	0	0
81.00	1955	4	0	0	0	0	0	0	0	0	0
81.10	1870	4	0	0	0	0	0	0	0	0	0
81.20	1788	4	0	0	0	0	0	0	0	0	0
81.30	1708	4	0	0	0	0	0	0	0	0	0
81.40	1631	4	0	0	0	0	0	0	0	0	0
81.50	1557	4	0	0	0	0	0	0	0	0	0
81.60	1485	4	0	0	0	0	0	0	0	0	0
81.70	1417	4	0	0	0	0	0	0	0	0	0
81.80	1350	4	0	0	0	0	0	0	0	0	0
81.90	1286	4	0	0	0	0	0	0	0	0	0
82.00	1225	4	0	0	0	0	0	0	0	0	0
82.10	1165	4	0	0	0	0	0	0	0	0	0
82.20	1108	4	0	0	0	0	0	0	0	0	0
82.30	1053	4	0	0	0	0	0	0	0	0	0
82.40	1001	4	0	0	0	0	0	0	0	0	0
82.50	950	4	0	0	0	0	0	0	0	0	0
82.60	902	4	0	0	0	0	0	0	0	0	0
82.70	855	4	0	0	0	0	0	0	0	0	0
82.80	810	4	0	0	0	0	0	0	0	0	0
82.90	767	4	0	0	0	0	0	0	0	0	0
83.00	726	4	0	0	0	0	0	0	0	0	0
83.10	687	4	0	0	0	0	0	0	0	0	0
83.20	649	4	0	0	0	0	0	0	0	0	0
83.30	613	4	0	0	0	0	0	0	0	0	0
83.40	578	4	0	0	0	0	0	0	0	0	0
83.50	545	4	0	0	0	0	0	0	0	0	0
83.60	514	4	0	0	0	0	0	0	0	0	0
83.70	484	4	0	0	0	0	0	0	0	0	0
83.80	455	4	0	0	0	0	0	0	0	0	0
83.90	428	4	0	0	0	0	0	0	0	0	0
84.00	402	4	0	0	0	0	0	0	0	0	0
84.10	377	4	0	0	0	0	0	0	0	0	0
84.20	353	4	0	0	0	0	0	0	0	0	0
84.30	331	4	0	0	0	0	0	0	0	0	0
84.40	310	4	0	0	0	0	0	0	0	0	0
84.50	289	4	0	0	0	0	0	0	0	0	0
84.60	270	4	0	0	0	0	0	0	0	0	0
84.70	252	4	0	0	0	0	0	0	0	0	0
84.80	235	4	0	0	0	0	0	0	0	0	0
84.90	219	4	0	0	0	0	0	0	0	0	0
85.00	203	4	0	0	0	0	0	0	0	0	0
85.10	189	4	0	0	0	0	0	0	0	0	0
85.20	175	4	0	0	0	0	0	0	0	0	0
85.30	162	4	0	0	0	0	0	0	0	0	0
85.40	150	4	0	0	0	0	0	0	0	0	0
85.50	138	4	0	0	0	0	0	0	0	0	0
85.60	128	4	0	0	0	0	0	0	0	0	0
85.70	117	4	0	0	0	0	0	0	0	0	0
85.80	108	4	0	0	0	0	0	0	0	0	0
85.90	99	4	0	0	0	0	0	0	0	0	0
86.00	91	4	0	0	0	0	0	0	0	0	0
86.10	83	4	0	0	0	0	0	0	0	0	0
86.20	76	4	0	0	0	0	0	0	0	0	0
86.30	69	4	0	0	0	0	0	0	0	0	0
86.40	63	4	0	0	0	0	0	0	0	0	0
86.50	57	4	0	0	0	0	0	0	0	0	0
86.60	52	4	0	0	0	0	0	0	0	0	0
86.70	47	4	0	0	0	0	0	0	0	0	0
86.80	42	4	0	0	0	0	0	0	0	0	0
86.90	38	4	0	0	0	0	0	0	0	0	0
87.00	34	4	0	0	0	0	0	0	0	0	0
87.10	30	4	0	0	0	0	0	0	0	0	0
87.20	27	4	0	0	0	0	0	0	0	0	0
87.30	24	4	0	0	0	0	0	0	0	0	0
87.40	21	4	0	0	0	0	0	0	0	0	0
87.50	19	4	0	0	0	0	0	0	0	0	0
87.60	17	4	0	0	0	0	0	0	0	0	0
87.70	15	4	0	0	0	0	0	0	0	0	0
87.80	13	4	0	0	0	0	0	0	0	0	0
87.90	11	4	0	0	0	0	0	0	0	0	0
88.00	10	4	0	0	0	0	0	0	0	0	0
88.10	8	4	0	0	0	0	0	0	0	0	0
88.20	7	4	0	0	0	0	0	0	0	0	0
88.30	6	4	0	0	0	0	0	0	0	0	0
88.40	5	4	0	0	0	0	0	0	0	0	0
88.50	4	4	0	0	0	0	0	0	0	0	0
88.60	4	4	0	0	0	0	0	0	0	0	0
88.70	3	4	0	0	0	0	0	0	0	0	0
88.80	3	4	0	0	0	0	0	0	0	0	0
88.90	2	4	0	0	0	0	0	0	0	0	0
89.00	2	4	0	0	0	0	0	0	0	0	0
89.10	1	4	0	0	0	0	0	0	0	0	0
89.20	1	4	0	0	0	0	0	0	0	0	0
89.30	1	4	0	0	0	0	0	0	0	0	0
89.40	1	4	0	0	0	0	0	0	0	0	0
89.50	0	4	0	0	0	0	0	0	0	0	0
89.60	0	4	0	0	0	0	0	0	0	0	0
89.70	0	4	0	0	0	0	0	0	0	0	0
89.80	0	4	0	0	0	0	0	0	0	0	0
89.90	0	4	0	0	0	0	0	0	0	0	0
90.00	0	4	0	0	0	0	0	0	0	0	0
90.10	0	4	0	0	0	0	0	0	0	0	0
90.20	0	4	0	0	0	0	0	0	0	0	0
90.30	0	4	0	0	0	0	0	0	0	0	0
90.40	0	4	0	0	0	0	0	0	0	0	0
90.50	0	4	0	0	0	0	0	0	0	0	0
90.60	0	4	0	0	0	0	0	0	0	0	0
90.70	0	4	0	0	0	0	0	0	0	0	0
90.80	0	4	0	0	0	0	0	0	0	0	0
90.90	0	4	0	0	0	0	0	0	0	0	0
91.00	0	4	0	0	0	0	0	0	0	0	0
91.08	0	4	0	0	0	0	0	0	0	0	0