-999	"MyLake init"
Z (m)	Az (m2)	Tz (deg C)	Cz	Sz (kg/m3)	TPz (mg/m3)	DOPz (mg/m3)	Chlaz (mg/m3)	DOCz (mg/m3)	TPz_sed (mg/m3)	Chlaz_sed (mg/m3)	"Fvol_IM (m3/m3	 dry w.)"	Hice (m)	Hsnow (m)
0.00	2692589	4	0	0	0	0	0	0	0	0	0	0	0
0.10	2673149	4	0	0	0	0	0	0	0	0	0
0.20	2653799	4	0	0	0	0	0	0	0	0	0
0.30	2634539	4	0	0	0	0	0	0	0	0	0
0.40	2615368	4	0	0	0	0	0	0	0	0	0
0.50	2596286	4	0	0	0	0	0	0	0	0	0
0.60	2577294	4	0	0	0	0	0	0	0	0	0
0.70	2558390	4	0	0	0	0	0	0	0	0	0
0.80	2539576	4	0	0	0	0	0	0	0	0	0
0.90	2520850	4	0	0	0	0	0	0	0	0	0
1.00	2502213	4	0	0	0	0	0	0	0	0	0
1.10	2483663	4	0	0	0	0	0	0	0	0	0
1.20	2465202	4	0	0	0	0	0	0	0	0	0
1.30	2446829	4	0	0	0	0	0	0	0	0	0
1.40	2428544	4	0	0	0	0	0	0	0	0	0
1.50	2410346	4	0	0	0	0	0	0	0	0	0
1.60	2392236	4	0	0	0	0	0	0	0	0	0
1.70	2374212	4	0	0	0	0	0	0	0	0	0
1.80	2356276	4	0	0	0	0	0	0	0	0	0
1.90	2338426	4	0	0	0	0	0	0	0	0	0
2.00	2320664	4	0	0	0	0	0	0	0	0	0
2.10	2302987	4	0	0	0	0	0	0	0	0	0
2.20	2285397	4	0	0	0	0	0	0	0	0	0
2.30	2267893	4	0	0	0	0	0	0	0	0	0
2.40	2250475	4	0	0	0	0	0	0	0	0	0
2.50	2233142	4	0	0	0	0	0	0	0	0	0
2.60	2215895	4	0	0	0	0	0	0	0	0	0
2.70	2198734	4	0	0	0	0	0	0	0	0	0
2.80	2181657	4	0	0	0	0	0	0	0	0	0
2.90	2164666	4	0	0	0	0	0	0	0	0	0
3.00	2147759	4	0	0	0	0	0	0	0	0	0
3.10	2130937	4	0	0	0	0	0	0	0	0	0
3.20	2114199	4	0	0	0	0	0	0	0	0	0
3.30	2097546	4	0	0	0	0	0	0	0	0	0
3.40	2080977	4	0	0	0	0	0	0	0	0	0
3.50	2064491	4	0	0	0	0	0	0	0	0	0
3.60	2048089	4	0	0	0	0	0	0	0	0	0
3.70	2031771	4	0	0	0	0	0	0	0	0	0
3.80	2015536	4	0	0	0	0	0	0	0	0	0
3.90	1999384	4	0	0	0	0	0	0	0	0	0
4.00	1983315	4	0	0	0	0	0	0	0	0	0
4.10	1967329	4	0	0	0	0	0	0	0	0	0
4.20	1951426	4	0	0	0	0	0	0	0	0	0
4.30	1935604	4	0	0	0	0	0	0	0	0	0
4.40	1919865	4	0	0	0	0	0	0	0	0	0
4.50	1904209	4	0	0	0	0	0	0	0	0	0
4.60	1888633	4	0	0	0	0	0	0	0	0	0
4.70	1873140	4	0	0	0	0	0	0	0	0	0
4.80	1857728	4	0	0	0	0	0	0	0	0	0
4.90	1842397	4	0	0	0	0	0	0	0	0	0
5.00	1827147	4	0	0	0	0	0	0	0	0	0
5.10	1811978	4	0	0	0	0	0	0	0	0	0
5.20	1796890	4	0	0	0	0	0	0	0	0	0
5.30	1781883	4	0	0	0	0	0	0	0	0	0
5.40	1766955	4	0	0	0	0	0	0	0	0	0
5.50	1752108	4	0	0	0	0	0	0	0	0	0
5.60	1737341	4	0	0	0	0	0	0	0	0	0
5.70	1722653	4	0	0	0	0	0	0	0	0	0
5.80	1708046	4	0	0	0	0	0	0	0	0	0
5.90	1693517	4	0	0	0	0	0	0	0	0	0
6.00	1679068	4	0	0	0	0	0	0	0	0	0
6.10	1664698	4	0	0	0	0	0	0	0	0	0
6.20	1650406	4	0	0	0	0	0	0	0	0	0
6.30	1636193	4	0	0	0	0	0	0	0	0	0
6.40	1622059	4	0	0	0	0	0	0	0	0	0
6.50	1608003	4	0	0	0	0	0	0	0	0	0
6.60	1594025	4	0	0	0	0	0	0	0	0	0
6.70	1580125	4	0	0	0	0	0	0	0	0	0
6.80	1566302	4	0	0	0	0	0	0	0	0	0
6.90	1552557	4	0	0	0	0	0	0	0	0	0
7.00	1538890	4	0	0	0	0	0	0	0	0	0
7.10	1525299	4	0	0	0	0	0	0	0	0	0
7.20	1511786	4	0	0	0	0	0	0	0	0	0
7.30	1498349	4	0	0	0	0	0	0	0	0	0
7.40	1484989	4	0	0	0	0	0	0	0	0	0
7.50	1471705	4	0	0	0	0	0	0	0	0	0
7.60	1458497	4	0	0	0	0	0	0	0	0	0
7.70	1445365	4	0	0	0	0	0	0	0	0	0
7.80	1432309	4	0	0	0	0	0	0	0	0	0
7.90	1419329	4	0	0	0	0	0	0	0	0	0
8.00	1406424	4	0	0	0	0	0	0	0	0	0
8.10	1393594	4	0	0	0	0	0	0	0	0	0
8.20	1380839	4	0	0	0	0	0	0	0	0	0
8.30	1368160	4	0	0	0	0	0	0	0	0	0
8.40	1355554	4	0	0	0	0	0	0	0	0	0
8.50	1343024	4	0	0	0	0	0	0	0	0	0
8.60	1330567	4	0	0	0	0	0	0	0	0	0
8.70	1318185	4	0	0	0	0	0	0	0	0	0
8.80	1305876	4	0	0	0	0	0	0	0	0	0
8.90	1293641	4	0	0	0	0	0	0	0	0	0
9.00	1281480	4	0	0	0	0	0	0	0	0	0
9.10	1269392	4	0	0	0	0	0	0	0	0	0
9.20	1257376	4	0	0	0	0	0	0	0	0	0
9.30	1245434	4	0	0	0	0	0	0	0	0	0
9.40	1233565	4	0	0	0	0	0	0	0	0	0
9.50	1221768	4	0	0	0	0	0	0	0	0	0
9.60	1210044	4	0	0	0	0	0	0	0	0	0
9.70	1198391	4	0	0	0	0	0	0	0	0	0
9.80	1186811	4	0	0	0	0	0	0	0	0	0
9.90	1175302	4	0	0	0	0	0	0	0	0	0
10.00	1163865	4	0	0	0	0	0	0	0	0	0
10.10	1152499	4	0	0	0	0	0	0	0	0	0
10.20	1141205	4	0	0	0	0	0	0	0	0	0
10.30	1129981	4	0	0	0	0	0	0	0	0	0
10.40	1118828	4	0	0	0	0	0	0	0	0	0
10.50	1107746	4	0	0	0	0	0	0	0	0	0
10.60	1096734	4	0	0	0	0	0	0	0	0	0
10.70	1085792	4	0	0	0	0	0	0	0	0	0
10.80	1074921	4	0	0	0	0	0	0	0	0	0
10.90	1064119	4	0	0	0	0	0	0	0	0	0
11.00	1053386	4	0	0	0	0	0	0	0	0	0
11.10	1042724	4	0	0	0	0	0	0	0	0	0
11.20	1032130	4	0	0	0	0	0	0	0	0	0
11.30	1021605	4	0	0	0	0	0	0	0	0	0
11.40	1011150	4	0	0	0	0	0	0	0	0	0
11.50	1000762	4	0	0	0	0	0	0	0	0	0
11.60	990444	4	0	0	0	0	0	0	0	0	0
11.70	980193	4	0	0	0	0	0	0	0	0	0
11.80	970011	4	0	0	0	0	0	0	0	0	0
11.90	959896	4	0	0	0	0	0	0	0	0	0
12.00	949849	4	0	0	0	0	0	0	0	0	0
12.10	939870	4	0	0	0	0	0	0	0	0	0
12.20	929957	4	0	0	0	0	0	0	0	0	0
12.30	920112	4	0	0	0	0	0	0	0	0	0
12.40	910334	4	0	0	0	0	0	0	0	0	0
12.50	900622	4	0	0	0	0	0	0	0	0	0
12.60	890977	4	0	0	0	0	0	0	0	0	0
12.70	881398	4	0	0	0	0	0	0	0	0	0
12.80	871885	4	0	0	0	0	0	0	0	0	0
12.90	862437	4	0	0	0	0	0	0	0	0	0
13.00	853056	4	0	0	0	0	0	0	0	0	0
13.10	843740	4	0	0	0	0	0	0	0	0	0
13.20	834489	4	0	0	0	0	0	0	0	0	0
13.30	825304	4	0	0	0	0	0	0	0	0	0
13.40	816183	4	0	0	0	0	0	0	0	0	0
13.50	807127	4	0	0	0	0	0	0	0	0	0
13.60	798135	4	0	0	0	0	0	0	0	0	0
13.70	789208	4	0	0	0	0	0	0	0	0	0
13.80	780344	4	0	0	0	0	0	0	0	0	0
13.90	771545	4	0	0	0	0	0	0	0	0	0
14.00	762809	4	0	0	0	0	0	0	0	0	0
14.10	754137	4	0	0	0	0	0	0	0	0	0
14.20	745527	4	0	0	0	0	0	0	0	0	0
14.30	736981	4	0	0	0	0	0	0	0	0	0
14.40	728498	4	0	0	0	0	0	0	0	0	0
14.50	720078	4	0	0	0	0	0	0	0	0	0
14.60	711719	4	0	0	0	0	0	0	0	0	0
14.70	703424	4	0	0	0	0	0	0	0	0	0
14.80	695190	4	0	0	0	0	0	0	0	0	0
14.90	687018	4	0	0	0	0	0	0	0	0	0
15.00	678907	4	0	0	0	0	0	0	0	0	0
15.10	670859	4	0	0	0	0	0	0	0	0	0
15.20	662871	4	0	0	0	0	0	0	0	0	0
15.30	654944	4	0	0	0	0	0	0	0	0	0
15.40	647078	4	0	0	0	0	0	0	0	0	0
15.50	639273	4	0	0	0	0	0	0	0	0	0
15.60	631528	4	0	0	0	0	0	0	0	0	0
15.70	623844	4	0	0	0	0	0	0	0	0	0
15.80	616219	4	0	0	0	0	0	0	0	0	0
15.90	608655	4	0	0	0	0	0	0	0	0	0
16.00	601149	4	0	0	0	0	0	0	0	0	0
16.10	593704	4	0	0	0	0	0	0	0	0	0
16.20	586317	4	0	0	0	0	0	0	0	0	0
16.30	578990	4	0	0	0	0	0	0	0	0	0
16.40	571721	4	0	0	0	0	0	0	0	0	0
16.50	564511	4	0	0	0	0	0	0	0	0	0
16.60	557359	4	0	0	0	0	0	0	0	0	0
16.70	550265	4	0	0	0	0	0	0	0	0	0
16.80	543229	4	0	0	0	0	0	0	0	0	0
16.90	536251	4	0	0	0	0	0	0	0	0	0
17.00	529331	4	0	0	0	0	0	0	0	0	0
17.10	522468	4	0	0	0	0	0	0	0	0	0
17.20	515662	4	0	0	0	0	0	0	0	0	0
17.30	508913	4	0	0	0	0	0	0	0	0	0
17.40	502220	4	0	0	0	0	0	0	0	0	0
17.50	495584	4	0	0	0	0	0	0	0	0	0
17.60	489005	4	0	0	0	0	0	0	0	0	0
17.70	482481	4	0	0	0	0	0	0	0	0	0
17.80	476013	4	0	0	0	0	0	0	0	0	0
17.90	469602	4	0	0	0	0	0	0	0	0	0
18.00	463245	4	0	0	0	0	0	0	0	0	0
18.10	456944	4	0	0	0	0	0	0	0	0	0
18.20	450697	4	0	0	0	0	0	0	0	0	0
18.30	444506	4	0	0	0	0	0	0	0	0	0
18.40	438369	4	0	0	0	0	0	0	0	0	0
18.50	432287	4	0	0	0	0	0	0	0	0	0
18.60	426259	4	0	0	0	0	0	0	0	0	0
18.70	420284	4	0	0	0	0	0	0	0	0	0
18.80	414364	4	0	0	0	0	0	0	0	0	0
18.90	408497	4	0	0	0	0	0	0	0	0	0
19.00	402684	4	0	0	0	0	0	0	0	0	0
19.10	396923	4	0	0	0	0	0	0	0	0	0
19.20	391216	4	0	0	0	0	0	0	0	0	0
19.30	385561	4	0	0	0	0	0	0	0	0	0
19.40	379959	4	0	0	0	0	0	0	0	0	0
19.50	374409	4	0	0	0	0	0	0	0	0	0
19.60	368911	4	0	0	0	0	0	0	0	0	0
19.70	363465	4	0	0	0	0	0	0	0	0	0
19.80	358070	4	0	0	0	0	0	0	0	0	0
19.90	352727	4	0	0	0	0	0	0	0	0	0
20.00	347436	4	0	0	0	0	0	0	0	0	0
20.10	342195	4	0	0	0	0	0	0	0	0	0
20.20	337005	4	0	0	0	0	0	0	0	0	0
20.30	331865	4	0	0	0	0	0	0	0	0	0
20.40	326776	4	0	0	0	0	0	0	0	0	0
20.50	321737	4	0	0	0	0	0	0	0	0	0
20.60	316748	4	0	0	0	0	0	0	0	0	0
20.70	311809	4	0	0	0	0	0	0	0	0	0
20.80	306919	4	0	0	0	0	0	0	0	0	0
20.90	302079	4	0	0	0	0	0	0	0	0	0
21.00	297287	4	0	0	0	0	0	0	0	0	0
21.10	292545	4	0	0	0	0	0	0	0	0	0
21.20	287851	4	0	0	0	0	0	0	0	0	0
21.30	283205	4	0	0	0	0	0	0	0	0	0
21.40	278608	4	0	0	0	0	0	0	0	0	0
21.50	274058	4	0	0	0	0	0	0	0	0	0
21.60	269557	4	0	0	0	0	0	0	0	0	0
21.70	265103	4	0	0	0	0	0	0	0	0	0
21.80	260696	4	0	0	0	0	0	0	0	0	0
21.90	256336	4	0	0	0	0	0	0	0	0	0
22.00	252023	4	0	0	0	0	0	0	0	0	0
22.10	247757	4	0	0	0	0	0	0	0	0	0
22.20	243537	4	0	0	0	0	0	0	0	0	0
22.30	239363	4	0	0	0	0	0	0	0	0	0
22.40	235236	4	0	0	0	0	0	0	0	0	0
22.50	231154	4	0	0	0	0	0	0	0	0	0
22.60	227118	4	0	0	0	0	0	0	0	0	0
22.70	223127	4	0	0	0	0	0	0	0	0	0
22.80	219181	4	0	0	0	0	0	0	0	0	0
22.90	215280	4	0	0	0	0	0	0	0	0	0
23.00	211423	4	0	0	0	0	0	0	0	0	0
23.10	207611	4	0	0	0	0	0	0	0	0	0
23.20	203844	4	0	0	0	0	0	0	0	0	0
23.30	200120	4	0	0	0	0	0	0	0	0	0
23.40	196440	4	0	0	0	0	0	0	0	0	0
23.50	192803	4	0	0	0	0	0	0	0	0	0
23.60	189210	4	0	0	0	0	0	0	0	0	0
23.70	185660	4	0	0	0	0	0	0	0	0	0
23.80	182153	4	0	0	0	0	0	0	0	0	0
23.90	178688	4	0	0	0	0	0	0	0	0	0
24.00	175266	4	0	0	0	0	0	0	0	0	0
24.10	171886	4	0	0	0	0	0	0	0	0	0
24.20	168548	4	0	0	0	0	0	0	0	0	0
24.30	165251	4	0	0	0	0	0	0	0	0	0
24.40	161996	4	0	0	0	0	0	0	0	0	0
24.50	158783	4	0	0	0	0	0	0	0	0	0
24.60	155610	4	0	0	0	0	0	0	0	0	0
24.70	152478	4	0	0	0	0	0	0	0	0	0
24.80	149387	4	0	0	0	0	0	0	0	0	0
24.90	146336	4	0	0	0	0	0	0	0	0	0
25.00	143325	4	0	0	0	0	0	0	0	0	0
25.10	140354	4	0	0	0	0	0	0	0	0	0
25.20	137423	4	0	0	0	0	0	0	0	0	0
25.30	134531	4	0	0	0	0	0	0	0	0	0
25.40	131678	4	0	0	0	0	0	0	0	0	0
25.50	128864	4	0	0	0	0	0	0	0	0	0
25.60	126089	4	0	0	0	0	0	0	0	0	0
25.70	123353	4	0	0	0	0	0	0	0	0	0
25.80	120655	4	0	0	0	0	0	0	0	0	0
25.90	117994	4	0	0	0	0	0	0	0	0	0
26.00	115372	4	0	0	0	0	0	0	0	0	0
26.10	112787	4	0	0	0	0	0	0	0	0	0
26.20	110239	4	0	0	0	0	0	0	0	0	0
26.30	107728	4	0	0	0	0	0	0	0	0	0
26.40	105255	4	0	0	0	0	0	0	0	0	0
26.50	102818	4	0	0	0	0	0	0	0	0	0
26.60	100417	4	0	0	0	0	0	0	0	0	0
26.70	98052	4	0	0	0	0	0	0	0	0	0
26.80	95723	4	0	0	0	0	0	0	0	0	0
26.90	93430	4	0	0	0	0	0	0	0	0	0
27.00	91172	4	0	0	0	0	0	0	0	0	0
27.10	88950	4	0	0	0	0	0	0	0	0	0
27.20	86762	4	0	0	0	0	0	0	0	0	0
27.30	84609	4	0	0	0	0	0	0	0	0	0
27.40	82491	4	0	0	0	0	0	0	0	0	0
27.50	80406	4	0	0	0	0	0	0	0	0	0
27.60	78356	4	0	0	0	0	0	0	0	0	0
27.70	76339	4	0	0	0	0	0	0	0	0	0
27.80	74356	4	0	0	0	0	0	0	0	0	0
27.90	72406	4	0	0	0	0	0	0	0	0	0
28.00	70489	4	0	0	0	0	0	0	0	0	0
28.10	68605	4	0	0	0	0	0	0	0	0	0
28.20	66753	4	0	0	0	0	0	0	0	0	0
28.30	64934	4	0	0	0	0	0	0	0	0	0
28.40	63147	4	0	0	0	0	0	0	0	0	0
28.50	61391	4	0	0	0	0	0	0	0	0	0
28.60	59667	4	0	0	0	0	0	0	0	0	0
28.70	57974	4	0	0	0	0	0	0	0	0	0
28.80	56312	4	0	0	0	0	0	0	0	0	0
28.90	54681	4	0	0	0	0	0	0	0	0	0
29.00	53080	4	0	0	0	0	0	0	0	0	0
29.10	51510	4	0	0	0	0	0	0	0	0	0
29.20	49969	4	0	0	0	0	0	0	0	0	0
29.30	48458	4	0	0	0	0	0	0	0	0	0
29.40	46977	4	0	0	0	0	0	0	0	0	0
29.50	45525	4	0	0	0	0	0	0	0	0	0
29.60	44103	4	0	0	0	0	0	0	0	0	0
29.70	42708	4	0	0	0	0	0	0	0	0	0
29.80	41343	4	0	0	0	0	0	0	0	0	0
29.90	40005	4	0	0	0	0	0	0	0	0	0
30.00	38696	4	0	0	0	0	0	0	0	0	0
30.10	37414	4	0	0	0	0	0	0	0	0	0
30.20	36160	4	0	0	0	0	0	0	0	0	0
30.30	34933	4	0	0	0	0	0	0	0	0	0
30.40	33733	4	0	0	0	0	0	0	0	0	0
30.50	32559	4	0	0	0	0	0	0	0	0	0
30.60	31412	4	0	0	0	0	0	0	0	0	0
30.70	30291	4	0	0	0	0	0	0	0	0	0
30.80	29196	4	0	0	0	0	0	0	0	0	0
30.90	28127	4	0	0	0	0	0	0	0	0	0
31.00	27083	4	0	0	0	0	0	0	0	0	0
31.10	26064	4	0	0	0	0	0	0	0	0	0
31.20	25070	4	0	0	0	0	0	0	0	0	0
31.30	24100	4	0	0	0	0	0	0	0	0	0
31.40	23155	4	0	0	0	0	0	0	0	0	0
31.50	22234	4	0	0	0	0	0	0	0	0	0
31.60	21336	4	0	0	0	0	0	0	0	0	0
31.70	20462	4	0	0	0	0	0	0	0	0	0
31.80	19612	4	0	0	0	0	0	0	0	0	0
31.90	18784	4	0	0	0	0	0	0	0	0	0
32.00	17979	4	0	0	0	0	0	0	0	0	0
32.10	17196	4	0	0	0	0	0	0	0	0	0
32.20	16435	4	0	0	0	0	0	0	0	0	0
32.30	15697	4	0	0	0	0	0	0	0	0	0
32.40	14979	4	0	0	0	0	0	0	0	0	0
32.50	14283	4	0	0	0	0	0	0	0	0	0
32.60	13609	4	0	0	0	0	0	0	0	0	0
32.70	12954	4	0	0	0	0	0	0	0	0	0
32.80	12321	4	0	0	0	0	0	0	0	0	0
32.90	11707	4	0	0	0	0	0	0	0	0	0
33.00	11114	4	0	0	0	0	0	0	0	0	0
33.10	10539	4	0	0	0	0	0	0	0	0	0
33.20	9985	4	0	0	0	0	0	0	0	0	0
33.30	9449	4	0	0	0	0	0	0	0	0	0
33.40	8932	4	0	0	0	0	0	0	0	0	0
33.50	8433	4	0	0	0	0	0	0	0	0	0
33.60	7953	4	0	0	0	0	0	0	0	0	0
33.70	7490	4	0	0	0	0	0	0	0	0	0
33.80	7045	4	0	0	0	0	0	0	0	0	0
33.90	6618	4	0	0	0	0	0	0	0	0	0
34.00	6207	4	0	0	0	0	0	0	0	0	0
34.10	5813	4	0	0	0	0	0	0	0	0	0
34.20	5435	4	0	0	0	0	0	0	0	0	0
34.30	5073	4	0	0	0	0	0	0	0	0	0
34.40	4728	4	0	0	0	0	0	0	0	0	0
34.50	4397	4	0	0	0	0	0	0	0	0	0
34.60	4082	4	0	0	0	0	0	0	0	0	0
34.70	3781	4	0	0	0	0	0	0	0	0	0
34.80	3495	4	0	0	0	0	0	0	0	0	0
34.90	3224	4	0	0	0	0	0	0	0	0	0
35.00	2966	4	0	0	0	0	0	0	0	0	0
35.10	2721	4	0	0	0	0	0	0	0	0	0
35.20	2490	4	0	0	0	0	0	0	0	0	0
35.30	2272	4	0	0	0	0	0	0	0	0	0
35.40	2067	4	0	0	0	0	0	0	0	0	0
35.50	1874	4	0	0	0	0	0	0	0	0	0
35.60	1692	4	0	0	0	0	0	0	0	0	0
35.70	1523	4	0	0	0	0	0	0	0	0	0
35.80	1364	4	0	0	0	0	0	0	0	0	0
35.90	1217	4	0	0	0	0	0	0	0	0	0
36.00	1080	4	0	0	0	0	0	0	0	0	0
36.10	953	4	0	0	0	0	0	0	0	0	0
36.20	837	4	0	0	0	0	0	0	0	0	0
36.30	730	4	0	0	0	0	0	0	0	0	0
36.40	632	4	0	0	0	0	0	0	0	0	0
36.50	543	4	0	0	0	0	0	0	0	0	0
36.60	462	4	0	0	0	0	0	0	0	0	0
36.70	389	4	0	0	0	0	0	0	0	0	0
36.80	325	4	0	0	0	0	0	0	0	0	0
36.90	267	4	0	0	0	0	0	0	0	0	0
37.00	217	4	0	0	0	0	0	0	0	0	0
37.10	173	4	0	0	0	0	0	0	0	0	0
37.20	135	4	0	0	0	0	0	0	0	0	0
37.30	103	4	0	0	0	0	0	0	0	0	0
37.40	76	4	0	0	0	0	0	0	0	0	0
37.50	54	4	0	0	0	0	0	0	0	0	0
37.60	37	4	0	0	0	0	0	0	0	0	0
37.70	24	4	0	0	0	0	0	0	0	0	0
37.80	14	4	0	0	0	0	0	0	0	0	0
37.90	7	4	0	0	0	0	0	0	0	0	0
38.00	3	4	0	0	0	0	0	0	0	0	0
38.10	1	4	0	0	0	0	0	0	0	0	0
38.20	0	4	0	0	0	0	0	0	0	0	0
38.27	0	4	0	0	0	0	0	0	0	0	0