-999	"MyLake init"
Z (m)	Az (m2)	Tz (deg C)	Cz	Sz (kg/m3)	TPz (mg/m3)	DOPz (mg/m3)	Chlaz (mg/m3)	DOCz (mg/m3)	TPz_sed (mg/m3)	Chlaz_sed (mg/m3)	"Fvol_IM (m3/m3	 dry w.)"	Hice (m)	Hsnow (m)
0.00	10684443	4	0	0	0	0	0	0	0	0	0	0	0
0.10	10637195	4	0	0	0	0	0	0	0	0	0
0.20	10589999	4	0	0	0	0	0	0	0	0	0
0.30	10542853	4	0	0	0	0	0	0	0	0	0
0.40	10495759	4	0	0	0	0	0	0	0	0	0
0.50	10448717	4	0	0	0	0	0	0	0	0	0
0.60	10401726	4	0	0	0	0	0	0	0	0	0
0.70	10354787	4	0	0	0	0	0	0	0	0	0
0.80	10307900	4	0	0	0	0	0	0	0	0	0
0.90	10261065	4	0	0	0	0	0	0	0	0	0
1.00	10214282	4	0	0	0	0	0	0	0	0	0
1.10	10167551	4	0	0	0	0	0	0	0	0	0
1.20	10120873	4	0	0	0	0	0	0	0	0	0
1.30	10074247	4	0	0	0	0	0	0	0	0	0
1.40	10027674	4	0	0	0	0	0	0	0	0	0
1.50	9981153	4	0	0	0	0	0	0	0	0	0
1.60	9934685	4	0	0	0	0	0	0	0	0	0
1.70	9888271	4	0	0	0	0	0	0	0	0	0
1.80	9841909	4	0	0	0	0	0	0	0	0	0
1.90	9795601	4	0	0	0	0	0	0	0	0	0
2.00	9749346	4	0	0	0	0	0	0	0	0	0
2.10	9703145	4	0	0	0	0	0	0	0	0	0
2.20	9656997	4	0	0	0	0	0	0	0	0	0
2.30	9610903	4	0	0	0	0	0	0	0	0	0
2.40	9564863	4	0	0	0	0	0	0	0	0	0
2.50	9518877	4	0	0	0	0	0	0	0	0	0
2.60	9472945	4	0	0	0	0	0	0	0	0	0
2.70	9427068	4	0	0	0	0	0	0	0	0	0
2.80	9381245	4	0	0	0	0	0	0	0	0	0
2.90	9335476	4	0	0	0	0	0	0	0	0	0
3.00	9289763	4	0	0	0	0	0	0	0	0	0
3.10	9244104	4	0	0	0	0	0	0	0	0	0
3.20	9198500	4	0	0	0	0	0	0	0	0	0
3.30	9152951	4	0	0	0	0	0	0	0	0	0
3.40	9107457	4	0	0	0	0	0	0	0	0	0
3.50	9062019	4	0	0	0	0	0	0	0	0	0
3.60	9016637	4	0	0	0	0	0	0	0	0	0
3.70	8971310	4	0	0	0	0	0	0	0	0	0
3.80	8926039	4	0	0	0	0	0	0	0	0	0
3.90	8880824	4	0	0	0	0	0	0	0	0	0
4.00	8835665	4	0	0	0	0	0	0	0	0	0
4.10	8790562	4	0	0	0	0	0	0	0	0	0
4.20	8745516	4	0	0	0	0	0	0	0	0	0
4.30	8700526	4	0	0	0	0	0	0	0	0	0
4.40	8655594	4	0	0	0	0	0	0	0	0	0
4.50	8610717	4	0	0	0	0	0	0	0	0	0
4.60	8565898	4	0	0	0	0	0	0	0	0	0
4.70	8521137	4	0	0	0	0	0	0	0	0	0
4.80	8476432	4	0	0	0	0	0	0	0	0	0
4.90	8431785	4	0	0	0	0	0	0	0	0	0
5.00	8387196	4	0	0	0	0	0	0	0	0	0
5.10	8342664	4	0	0	0	0	0	0	0	0	0
5.20	8298190	4	0	0	0	0	0	0	0	0	0
5.30	8253775	4	0	0	0	0	0	0	0	0	0
5.40	8209418	4	0	0	0	0	0	0	0	0	0
5.50	8165119	4	0	0	0	0	0	0	0	0	0
5.60	8120879	4	0	0	0	0	0	0	0	0	0
5.70	8076697	4	0	0	0	0	0	0	0	0	0
5.80	8032575	4	0	0	0	0	0	0	0	0	0
5.90	7988511	4	0	0	0	0	0	0	0	0	0
6.00	7944507	4	0	0	0	0	0	0	0	0	0
6.10	7900562	4	0	0	0	0	0	0	0	0	0
6.20	7856677	4	0	0	0	0	0	0	0	0	0
6.30	7812852	4	0	0	0	0	0	0	0	0	0
6.40	7769086	4	0	0	0	0	0	0	0	0	0
6.50	7725381	4	0	0	0	0	0	0	0	0	0
6.60	7681736	4	0	0	0	0	0	0	0	0	0
6.70	7638151	4	0	0	0	0	0	0	0	0	0
6.80	7594627	4	0	0	0	0	0	0	0	0	0
6.90	7551164	4	0	0	0	0	0	0	0	0	0
7.00	7507762	4	0	0	0	0	0	0	0	0	0
7.10	7464421	4	0	0	0	0	0	0	0	0	0
7.20	7421141	4	0	0	0	0	0	0	0	0	0
7.30	7377923	4	0	0	0	0	0	0	0	0	0
7.40	7334766	4	0	0	0	0	0	0	0	0	0
7.50	7291672	4	0	0	0	0	0	0	0	0	0
7.60	7248639	4	0	0	0	0	0	0	0	0	0
7.70	7205669	4	0	0	0	0	0	0	0	0	0
7.80	7162761	4	0	0	0	0	0	0	0	0	0
7.90	7119916	4	0	0	0	0	0	0	0	0	0
8.00	7077134	4	0	0	0	0	0	0	0	0	0
8.10	7034415	4	0	0	0	0	0	0	0	0	0
8.20	6991759	4	0	0	0	0	0	0	0	0	0
8.30	6949167	4	0	0	0	0	0	0	0	0	0
8.40	6906638	4	0	0	0	0	0	0	0	0	0
8.50	6864173	4	0	0	0	0	0	0	0	0	0
8.60	6821772	4	0	0	0	0	0	0	0	0	0
8.70	6779435	4	0	0	0	0	0	0	0	0	0
8.80	6737163	4	0	0	0	0	0	0	0	0	0
8.90	6694955	4	0	0	0	0	0	0	0	0	0
9.00	6652812	4	0	0	0	0	0	0	0	0	0
9.10	6610735	4	0	0	0	0	0	0	0	0	0
9.20	6568722	4	0	0	0	0	0	0	0	0	0
9.30	6526775	4	0	0	0	0	0	0	0	0	0
9.40	6484894	4	0	0	0	0	0	0	0	0	0
9.50	6443079	4	0	0	0	0	0	0	0	0	0
9.60	6401330	4	0	0	0	0	0	0	0	0	0
9.70	6359647	4	0	0	0	0	0	0	0	0	0
9.80	6318031	4	0	0	0	0	0	0	0	0	0
9.90	6276481	4	0	0	0	0	0	0	0	0	0
10.00	6234999	4	0	0	0	0	0	0	0	0	0
10.10	6193584	4	0	0	0	0	0	0	0	0	0
10.20	6152237	4	0	0	0	0	0	0	0	0	0
10.30	6110957	4	0	0	0	0	0	0	0	0	0
10.40	6069745	4	0	0	0	0	0	0	0	0	0
10.50	6028601	4	0	0	0	0	0	0	0	0	0
10.60	5987526	4	0	0	0	0	0	0	0	0	0
10.70	5946519	4	0	0	0	0	0	0	0	0	0
10.80	5905582	4	0	0	0	0	0	0	0	0	0
10.90	5864713	4	0	0	0	0	0	0	0	0	0
11.00	5823914	4	0	0	0	0	0	0	0	0	0
11.10	5783185	4	0	0	0	0	0	0	0	0	0
11.20	5742525	4	0	0	0	0	0	0	0	0	0
11.30	5701936	4	0	0	0	0	0	0	0	0	0
11.40	5661417	4	0	0	0	0	0	0	0	0	0
11.50	5620969	4	0	0	0	0	0	0	0	0	0
11.60	5580592	4	0	0	0	0	0	0	0	0	0
11.70	5540286	4	0	0	0	0	0	0	0	0	0
11.80	5500051	4	0	0	0	0	0	0	0	0	0
11.90	5459888	4	0	0	0	0	0	0	0	0	0
12.00	5419797	4	0	0	0	0	0	0	0	0	0
12.10	5379778	4	0	0	0	0	0	0	0	0	0
12.20	5339832	4	0	0	0	0	0	0	0	0	0
12.30	5299959	4	0	0	0	0	0	0	0	0	0
12.40	5260159	4	0	0	0	0	0	0	0	0	0
12.50	5220432	4	0	0	0	0	0	0	0	0	0
12.60	5180779	4	0	0	0	0	0	0	0	0	0
12.70	5141200	4	0	0	0	0	0	0	0	0	0
12.80	5101695	4	0	0	0	0	0	0	0	0	0
12.90	5062264	4	0	0	0	0	0	0	0	0	0
13.00	5022909	4	0	0	0	0	0	0	0	0	0
13.10	4983628	4	0	0	0	0	0	0	0	0	0
13.20	4944423	4	0	0	0	0	0	0	0	0	0
13.30	4905294	4	0	0	0	0	0	0	0	0	0
13.40	4866241	4	0	0	0	0	0	0	0	0	0
13.50	4827264	4	0	0	0	0	0	0	0	0	0
13.60	4788364	4	0	0	0	0	0	0	0	0	0
13.70	4749541	4	0	0	0	0	0	0	0	0	0
13.80	4710795	4	0	0	0	0	0	0	0	0	0
13.90	4672127	4	0	0	0	0	0	0	0	0	0
14.00	4633537	4	0	0	0	0	0	0	0	0	0
14.10	4595025	4	0	0	0	0	0	0	0	0	0
14.20	4556591	4	0	0	0	0	0	0	0	0	0
14.30	4518237	4	0	0	0	0	0	0	0	0	0
14.40	4479962	4	0	0	0	0	0	0	0	0	0
14.50	4441767	4	0	0	0	0	0	0	0	0	0
14.60	4403652	4	0	0	0	0	0	0	0	0	0
14.70	4365617	4	0	0	0	0	0	0	0	0	0
14.80	4327662	4	0	0	0	0	0	0	0	0	0
14.90	4289789	4	0	0	0	0	0	0	0	0	0
15.00	4251998	4	0	0	0	0	0	0	0	0	0
15.10	4214288	4	0	0	0	0	0	0	0	0	0
15.20	4176660	4	0	0	0	0	0	0	0	0	0
15.30	4139115	4	0	0	0	0	0	0	0	0	0
15.40	4101653	4	0	0	0	0	0	0	0	0	0
15.50	4064274	4	0	0	0	0	0	0	0	0	0
15.60	4026979	4	0	0	0	0	0	0	0	0	0
15.70	3989768	4	0	0	0	0	0	0	0	0	0
15.80	3952642	4	0	0	0	0	0	0	0	0	0
15.90	3915601	4	0	0	0	0	0	0	0	0	0
16.00	3878645	4	0	0	0	0	0	0	0	0	0
16.10	3841774	4	0	0	0	0	0	0	0	0	0
16.20	3804990	4	0	0	0	0	0	0	0	0	0
16.30	3768293	4	0	0	0	0	0	0	0	0	0
16.40	3731682	4	0	0	0	0	0	0	0	0	0
16.50	3695159	4	0	0	0	0	0	0	0	0	0
16.60	3658724	4	0	0	0	0	0	0	0	0	0
16.70	3622378	4	0	0	0	0	0	0	0	0	0
16.80	3586120	4	0	0	0	0	0	0	0	0	0
16.90	3549951	4	0	0	0	0	0	0	0	0	0
17.00	3513872	4	0	0	0	0	0	0	0	0	0
17.10	3477884	4	0	0	0	0	0	0	0	0	0
17.20	3441986	4	0	0	0	0	0	0	0	0	0
17.30	3406179	4	0	0	0	0	0	0	0	0	0
17.40	3370464	4	0	0	0	0	0	0	0	0	0
17.50	3334841	4	0	0	0	0	0	0	0	0	0
17.60	3299310	4	0	0	0	0	0	0	0	0	0
17.70	3263873	4	0	0	0	0	0	0	0	0	0
17.80	3228530	4	0	0	0	0	0	0	0	0	0
17.90	3193281	4	0	0	0	0	0	0	0	0	0
18.00	3158126	4	0	0	0	0	0	0	0	0	0
18.10	3123067	4	0	0	0	0	0	0	0	0	0
18.20	3088103	4	0	0	0	0	0	0	0	0	0
18.30	3053236	4	0	0	0	0	0	0	0	0	0
18.40	3018466	4	0	0	0	0	0	0	0	0	0
18.50	2983794	4	0	0	0	0	0	0	0	0	0
18.60	2949219	4	0	0	0	0	0	0	0	0	0
18.70	2914743	4	0	0	0	0	0	0	0	0	0
18.80	2880367	4	0	0	0	0	0	0	0	0	0
18.90	2846090	4	0	0	0	0	0	0	0	0	0
19.00	2811914	4	0	0	0	0	0	0	0	0	0
19.10	2777839	4	0	0	0	0	0	0	0	0	0
19.20	2743865	4	0	0	0	0	0	0	0	0	0
19.30	2709994	4	0	0	0	0	0	0	0	0	0
19.40	2676226	4	0	0	0	0	0	0	0	0	0
19.50	2642562	4	0	0	0	0	0	0	0	0	0
19.60	2609002	4	0	0	0	0	0	0	0	0	0
19.70	2575547	4	0	0	0	0	0	0	0	0	0
19.80	2542198	4	0	0	0	0	0	0	0	0	0
19.90	2508956	4	0	0	0	0	0	0	0	0	0
20.00	2475820	4	0	0	0	0	0	0	0	0	0
20.10	2442793	4	0	0	0	0	0	0	0	0	0
20.20	2409874	4	0	0	0	0	0	0	0	0	0
20.30	2377064	4	0	0	0	0	0	0	0	0	0
20.40	2344365	4	0	0	0	0	0	0	0	0	0
20.50	2311777	4	0	0	0	0	0	0	0	0	0
20.60	2279300	4	0	0	0	0	0	0	0	0	0
20.70	2246936	4	0	0	0	0	0	0	0	0	0
20.80	2214686	4	0	0	0	0	0	0	0	0	0
20.90	2182550	4	0	0	0	0	0	0	0	0	0
21.00	2150528	4	0	0	0	0	0	0	0	0	0
21.10	2118623	4	0	0	0	0	0	0	0	0	0
21.20	2086835	4	0	0	0	0	0	0	0	0	0
21.30	2055164	4	0	0	0	0	0	0	0	0	0
21.40	2023612	4	0	0	0	0	0	0	0	0	0
21.50	1992180	4	0	0	0	0	0	0	0	0	0
21.60	1960869	4	0	0	0	0	0	0	0	0	0
21.70	1929679	4	0	0	0	0	0	0	0	0	0
21.80	1898611	4	0	0	0	0	0	0	0	0	0
21.90	1867668	4	0	0	0	0	0	0	0	0	0
22.00	1836848	4	0	0	0	0	0	0	0	0	0
22.10	1806155	4	0	0	0	0	0	0	0	0	0
22.20	1775588	4	0	0	0	0	0	0	0	0	0
22.30	1745150	4	0	0	0	0	0	0	0	0	0
22.40	1714840	4	0	0	0	0	0	0	0	0	0
22.50	1684661	4	0	0	0	0	0	0	0	0	0
22.60	1654613	4	0	0	0	0	0	0	0	0	0
22.70	1624698	4	0	0	0	0	0	0	0	0	0
22.80	1594916	4	0	0	0	0	0	0	0	0	0
22.90	1565270	4	0	0	0	0	0	0	0	0	0
23.00	1535760	4	0	0	0	0	0	0	0	0	0
23.10	1506388	4	0	0	0	0	0	0	0	0	0
23.20	1477155	4	0	0	0	0	0	0	0	0	0
23.30	1448063	4	0	0	0	0	0	0	0	0	0
23.40	1419113	4	0	0	0	0	0	0	0	0	0
23.50	1390306	4	0	0	0	0	0	0	0	0	0
23.60	1361644	4	0	0	0	0	0	0	0	0	0
23.70	1333128	4	0	0	0	0	0	0	0	0	0
23.80	1304761	4	0	0	0	0	0	0	0	0	0
23.90	1276544	4	0	0	0	0	0	0	0	0	0
24.00	1248478	4	0	0	0	0	0	0	0	0	0
24.10	1220565	4	0	0	0	0	0	0	0	0	0
24.20	1192807	4	0	0	0	0	0	0	0	0	0
24.30	1165207	4	0	0	0	0	0	0	0	0	0
24.40	1137764	4	0	0	0	0	0	0	0	0	0
24.50	1110483	4	0	0	0	0	0	0	0	0	0
24.60	1083364	4	0	0	0	0	0	0	0	0	0
24.70	1056410	4	0	0	0	0	0	0	0	0	0
24.80	1029622	4	0	0	0	0	0	0	0	0	0
24.90	1003004	4	0	0	0	0	0	0	0	0	0
25.00	976557	4	0	0	0	0	0	0	0	0	0
25.10	950284	4	0	0	0	0	0	0	0	0	0
25.20	924187	4	0	0	0	0	0	0	0	0	0
25.30	898268	4	0	0	0	0	0	0	0	0	0
25.40	872531	4	0	0	0	0	0	0	0	0	0
25.50	846978	4	0	0	0	0	0	0	0	0	0
25.60	821612	4	0	0	0	0	0	0	0	0	0
25.70	796436	4	0	0	0	0	0	0	0	0	0
25.80	771452	4	0	0	0	0	0	0	0	0	0
25.90	746665	4	0	0	0	0	0	0	0	0	0
26.00	722077	4	0	0	0	0	0	0	0	0	0
26.10	697691	4	0	0	0	0	0	0	0	0	0
26.20	673512	4	0	0	0	0	0	0	0	0	0
26.30	649543	4	0	0	0	0	0	0	0	0	0
26.40	625788	4	0	0	0	0	0	0	0	0	0
26.50	602251	4	0	0	0	0	0	0	0	0	0
26.60	578937	4	0	0	0	0	0	0	0	0	0
26.70	555849	4	0	0	0	0	0	0	0	0	0
26.80	532994	4	0	0	0	0	0	0	0	0	0
26.90	510375	4	0	0	0	0	0	0	0	0	0
27.00	487998	4	0	0	0	0	0	0	0	0	0
27.10	465870	4	0	0	0	0	0	0	0	0	0
27.20	443994	4	0	0	0	0	0	0	0	0	0
27.30	422379	4	0	0	0	0	0	0	0	0	0
27.40	401031	4	0	0	0	0	0	0	0	0	0
27.50	379957	4	0	0	0	0	0	0	0	0	0
27.60	359164	4	0	0	0	0	0	0	0	0	0
27.70	338662	4	0	0	0	0	0	0	0	0	0
27.80	318457	4	0	0	0	0	0	0	0	0	0
27.90	298562	4	0	0	0	0	0	0	0	0	0
28.00	278985	4	0	0	0	0	0	0	0	0	0
28.10	259737	4	0	0	0	0	0	0	0	0	0
28.20	240832	4	0	0	0	0	0	0	0	0	0
28.30	222283	4	0	0	0	0	0	0	0	0	0
28.40	204105	4	0	0	0	0	0	0	0	0	0
28.50	186313	4	0	0	0	0	0	0	0	0	0
28.60	168927	4	0	0	0	0	0	0	0	0	0
28.70	151968	4	0	0	0	0	0	0	0	0	0
28.80	135459	4	0	0	0	0	0	0	0	0	0
28.90	119428	4	0	0	0	0	0	0	0	0	0
29.00	103907	4	0	0	0	0	0	0	0	0	0
29.10	88933	4	0	0	0	0	0	0	0	0	0
29.20	74552	4	0	0	0	0	0	0	0	0	0
29.30	60820	4	0	0	0	0	0	0	0	0	0
29.40	47809	4	0	0	0	0	0	0	0	0	0
29.50	35615	4	0	0	0	0	0	0	0	0	0
29.60	24372	4	0	0	0	0	0	0	0	0	0
29.70	14289	4	0	0	0	0	0	0	0	0	0
29.80	5755	4	0	0	0	0	0	0	0	0	0
29.90	15	4	0	0	0	0	0	0	0	0	0
29.90	0	4	0	0	0	0	0	0	0	0	0