-999	"MyLake init"
Z (m)	Az (m2)	Tz (deg C)	Cz	Sz (kg/m3)	TPz (mg/m3)	DOPz (mg/m3)	Chlaz (mg/m3)	DOCz (mg/m3)	TPz_sed (mg/m3)	Chlaz_sed (mg/m3)	"Fvol_IM (m3/m3	 dry w.)"	Hice (m)	Hsnow (m)
0.00	4355549	4	0	0	0	0	0	0	0	0	0	0	0
0.10	4338482	4	0	0	0	0	0	0	0	0	0
0.20	4321393	4	0	0	0	0	0	0	0	0	0
0.30	4304283	4	0	0	0	0	0	0	0	0	0
0.40	4287151	4	0	0	0	0	0	0	0	0	0
0.50	4269997	4	0	0	0	0	0	0	0	0	0
0.60	4252820	4	0	0	0	0	0	0	0	0	0
0.70	4235622	4	0	0	0	0	0	0	0	0	0
0.80	4218401	4	0	0	0	0	0	0	0	0	0
0.90	4201157	4	0	0	0	0	0	0	0	0	0
1.00	4183890	4	0	0	0	0	0	0	0	0	0
1.10	4166600	4	0	0	0	0	0	0	0	0	0
1.20	4149288	4	0	0	0	0	0	0	0	0	0
1.30	4131952	4	0	0	0	0	0	0	0	0	0
1.40	4114592	4	0	0	0	0	0	0	0	0	0
1.50	4097209	4	0	0	0	0	0	0	0	0	0
1.60	4079803	4	0	0	0	0	0	0	0	0	0
1.70	4062372	4	0	0	0	0	0	0	0	0	0
1.80	4044917	4	0	0	0	0	0	0	0	0	0
1.90	4027438	4	0	0	0	0	0	0	0	0	0
2.00	4009935	4	0	0	0	0	0	0	0	0	0
2.10	3992407	4	0	0	0	0	0	0	0	0	0
2.20	3974854	4	0	0	0	0	0	0	0	0	0
2.30	3957276	4	0	0	0	0	0	0	0	0	0
2.40	3939673	4	0	0	0	0	0	0	0	0	0
2.50	3922045	4	0	0	0	0	0	0	0	0	0
2.60	3904391	4	0	0	0	0	0	0	0	0	0
2.70	3886712	4	0	0	0	0	0	0	0	0	0
2.80	3869006	4	0	0	0	0	0	0	0	0	0
2.90	3851275	4	0	0	0	0	0	0	0	0	0
3.00	3833517	4	0	0	0	0	0	0	0	0	0
3.10	3815733	4	0	0	0	0	0	0	0	0	0
3.20	3797922	4	0	0	0	0	0	0	0	0	0
3.30	3780084	4	0	0	0	0	0	0	0	0	0
3.40	3762219	4	0	0	0	0	0	0	0	0	0
3.50	3744326	4	0	0	0	0	0	0	0	0	0
3.60	3726407	4	0	0	0	0	0	0	0	0	0
3.70	3708459	4	0	0	0	0	0	0	0	0	0
3.80	3690483	4	0	0	0	0	0	0	0	0	0
3.90	3672479	4	0	0	0	0	0	0	0	0	0
4.00	3654447	4	0	0	0	0	0	0	0	0	0
4.10	3636386	4	0	0	0	0	0	0	0	0	0
4.20	3618296	4	0	0	0	0	0	0	0	0	0
4.30	3600177	4	0	0	0	0	0	0	0	0	0
4.40	3582029	4	0	0	0	0	0	0	0	0	0
4.50	3563851	4	0	0	0	0	0	0	0	0	0
4.60	3545643	4	0	0	0	0	0	0	0	0	0
4.70	3527405	4	0	0	0	0	0	0	0	0	0
4.80	3509137	4	0	0	0	0	0	0	0	0	0
4.90	3490838	4	0	0	0	0	0	0	0	0	0
5.00	3472508	4	0	0	0	0	0	0	0	0	0
5.10	3454147	4	0	0	0	0	0	0	0	0	0
5.20	3435754	4	0	0	0	0	0	0	0	0	0
5.30	3417330	4	0	0	0	0	0	0	0	0	0
5.40	3398874	4	0	0	0	0	0	0	0	0	0
5.50	3380385	4	0	0	0	0	0	0	0	0	0
5.60	3361864	4	0	0	0	0	0	0	0	0	0
5.70	3343310	4	0	0	0	0	0	0	0	0	0
5.80	3324723	4	0	0	0	0	0	0	0	0	0
5.90	3306102	4	0	0	0	0	0	0	0	0	0
6.00	3287448	4	0	0	0	0	0	0	0	0	0
6.10	3268759	4	0	0	0	0	0	0	0	0	0
6.20	3250037	4	0	0	0	0	0	0	0	0	0
6.30	3231279	4	0	0	0	0	0	0	0	0	0
6.40	3212486	4	0	0	0	0	0	0	0	0	0
6.50	3193658	4	0	0	0	0	0	0	0	0	0
6.60	3174794	4	0	0	0	0	0	0	0	0	0
6.70	3155894	4	0	0	0	0	0	0	0	0	0
6.80	3136957	4	0	0	0	0	0	0	0	0	0
6.90	3117983	4	0	0	0	0	0	0	0	0	0
7.00	3098973	4	0	0	0	0	0	0	0	0	0
7.10	3079924	4	0	0	0	0	0	0	0	0	0
7.20	3060838	4	0	0	0	0	0	0	0	0	0
7.30	3041714	4	0	0	0	0	0	0	0	0	0
7.40	3022550	4	0	0	0	0	0	0	0	0	0
7.50	3003348	4	0	0	0	0	0	0	0	0	0
7.60	2984106	4	0	0	0	0	0	0	0	0	0
7.70	2964824	4	0	0	0	0	0	0	0	0	0
7.80	2945501	4	0	0	0	0	0	0	0	0	0
7.90	2926138	4	0	0	0	0	0	0	0	0	0
8.00	2906733	4	0	0	0	0	0	0	0	0	0
8.10	2887287	4	0	0	0	0	0	0	0	0	0
8.20	2867798	4	0	0	0	0	0	0	0	0	0
8.30	2848267	4	0	0	0	0	0	0	0	0	0
8.40	2828693	4	0	0	0	0	0	0	0	0	0
8.50	2809074	4	0	0	0	0	0	0	0	0	0
8.60	2789412	4	0	0	0	0	0	0	0	0	0
8.70	2769705	4	0	0	0	0	0	0	0	0	0
8.80	2749953	4	0	0	0	0	0	0	0	0	0
8.90	2730155	4	0	0	0	0	0	0	0	0	0
9.00	2710311	4	0	0	0	0	0	0	0	0	0
9.10	2690420	4	0	0	0	0	0	0	0	0	0
9.20	2670481	4	0	0	0	0	0	0	0	0	0
9.30	2650495	4	0	0	0	0	0	0	0	0	0
9.40	2630460	4	0	0	0	0	0	0	0	0	0
9.50	2610375	4	0	0	0	0	0	0	0	0	0
9.60	2590241	4	0	0	0	0	0	0	0	0	0
9.70	2570057	4	0	0	0	0	0	0	0	0	0
9.80	2549821	4	0	0	0	0	0	0	0	0	0
9.90	2529534	4	0	0	0	0	0	0	0	0	0
10.00	2509194	4	0	0	0	0	0	0	0	0	0
10.10	2488801	4	0	0	0	0	0	0	0	0	0
10.20	2468354	4	0	0	0	0	0	0	0	0	0
10.30	2447852	4	0	0	0	0	0	0	0	0	0
10.40	2427295	4	0	0	0	0	0	0	0	0	0
10.50	2406682	4	0	0	0	0	0	0	0	0	0
10.60	2386012	4	0	0	0	0	0	0	0	0	0
10.70	2365284	4	0	0	0	0	0	0	0	0	0
10.80	2344498	4	0	0	0	0	0	0	0	0	0
10.90	2323652	4	0	0	0	0	0	0	0	0	0
11.00	2302746	4	0	0	0	0	0	0	0	0	0
11.10	2281778	4	0	0	0	0	0	0	0	0	0
11.20	2260749	4	0	0	0	0	0	0	0	0	0
11.30	2239656	4	0	0	0	0	0	0	0	0	0
11.40	2218499	4	0	0	0	0	0	0	0	0	0
11.50	2197277	4	0	0	0	0	0	0	0	0	0
11.60	2175989	4	0	0	0	0	0	0	0	0	0
11.70	2154634	4	0	0	0	0	0	0	0	0	0
11.80	2133211	4	0	0	0	0	0	0	0	0	0
11.90	2111718	4	0	0	0	0	0	0	0	0	0
12.00	2090154	4	0	0	0	0	0	0	0	0	0
12.10	2068519	4	0	0	0	0	0	0	0	0	0
12.20	2046810	4	0	0	0	0	0	0	0	0	0
12.30	2025028	4	0	0	0	0	0	0	0	0	0
12.40	2003170	4	0	0	0	0	0	0	0	0	0
12.50	1981234	4	0	0	0	0	0	0	0	0	0
12.60	1959221	4	0	0	0	0	0	0	0	0	0
12.70	1937127	4	0	0	0	0	0	0	0	0	0
12.80	1914952	4	0	0	0	0	0	0	0	0	0
12.90	1892695	4	0	0	0	0	0	0	0	0	0
13.00	1870352	4	0	0	0	0	0	0	0	0	0
13.10	1847924	4	0	0	0	0	0	0	0	0	0
13.20	1825407	4	0	0	0	0	0	0	0	0	0
13.30	1802801	4	0	0	0	0	0	0	0	0	0
13.40	1780104	4	0	0	0	0	0	0	0	0	0
13.50	1757313	4	0	0	0	0	0	0	0	0	0
13.60	1734426	4	0	0	0	0	0	0	0	0	0
13.70	1711442	4	0	0	0	0	0	0	0	0	0
13.80	1688358	4	0	0	0	0	0	0	0	0	0
13.90	1665173	4	0	0	0	0	0	0	0	0	0
14.00	1641883	4	0	0	0	0	0	0	0	0	0
14.10	1618486	4	0	0	0	0	0	0	0	0	0
14.20	1594980	4	0	0	0	0	0	0	0	0	0
14.30	1571362	4	0	0	0	0	0	0	0	0	0
14.40	1547629	4	0	0	0	0	0	0	0	0	0
14.50	1523778	4	0	0	0	0	0	0	0	0	0
14.60	1499807	4	0	0	0	0	0	0	0	0	0
14.70	1475712	4	0	0	0	0	0	0	0	0	0
14.80	1451490	4	0	0	0	0	0	0	0	0	0
14.90	1427137	4	0	0	0	0	0	0	0	0	0
15.00	1402650	4	0	0	0	0	0	0	0	0	0
15.10	1378024	4	0	0	0	0	0	0	0	0	0
15.20	1353256	4	0	0	0	0	0	0	0	0	0
15.30	1328341	4	0	0	0	0	0	0	0	0	0
15.40	1303275	4	0	0	0	0	0	0	0	0	0
15.50	1278053	4	0	0	0	0	0	0	0	0	0
15.60	1252670	4	0	0	0	0	0	0	0	0	0
15.70	1227120	4	0	0	0	0	0	0	0	0	0
15.80	1201399	4	0	0	0	0	0	0	0	0	0
15.90	1175498	4	0	0	0	0	0	0	0	0	0
16.00	1149413	4	0	0	0	0	0	0	0	0	0
16.10	1123136	4	0	0	0	0	0	0	0	0	0
16.20	1096660	4	0	0	0	0	0	0	0	0	0
16.30	1069976	4	0	0	0	0	0	0	0	0	0
16.40	1043077	4	0	0	0	0	0	0	0	0	0
16.50	1015953	4	0	0	0	0	0	0	0	0	0
16.60	988593	4	0	0	0	0	0	0	0	0	0
16.70	960988	4	0	0	0	0	0	0	0	0	0
16.80	933126	4	0	0	0	0	0	0	0	0	0
16.90	904993	4	0	0	0	0	0	0	0	0	0
17.00	876576	4	0	0	0	0	0	0	0	0	0
17.10	847859	4	0	0	0	0	0	0	0	0	0
17.20	818827	4	0	0	0	0	0	0	0	0	0
17.30	789459	4	0	0	0	0	0	0	0	0	0
17.40	759735	4	0	0	0	0	0	0	0	0	0
17.50	729632	4	0	0	0	0	0	0	0	0	0
17.60	699125	4	0	0	0	0	0	0	0	0	0
17.70	668182	4	0	0	0	0	0	0	0	0	0
17.80	636772	4	0	0	0	0	0	0	0	0	0
17.90	604855	4	0	0	0	0	0	0	0	0	0
18.00	572387	4	0	0	0	0	0	0	0	0	0
18.10	539315	4	0	0	0	0	0	0	0	0	0
18.20	505576	4	0	0	0	0	0	0	0	0	0
18.30	471097	4	0	0	0	0	0	0	0	0	0
18.40	435785	4	0	0	0	0	0	0	0	0	0
18.50	399527	4	0	0	0	0	0	0	0	0	0
18.60	362176	4	0	0	0	0	0	0	0	0	0
18.70	323540	4	0	0	0	0	0	0	0	0	0
18.80	283354	4	0	0	0	0	0	0	0	0	0
18.90	241237	4	0	0	0	0	0	0	0	0	0
19.00	196591	4	0	0	0	0	0	0	0	0	0
19.10	148372	4	0	0	0	0	0	0	0	0	0
19.20	94318	4	0	0	0	0	0	0	0	0	0
19.30	25784	4	0	0	0	0	0	0	0	0	0
19.32	0	4	0	0	0	0	0	0	0	0	0