-999	"MyLake init"
Z (m)	Az (m2)	Tz (deg C)	Cz	Sz (kg/m3)	TPz (mg/m3)	DOPz (mg/m3)	Chlaz (mg/m3)	DOCz (mg/m3)	TPz_sed (mg/m3)	Chlaz_sed (mg/m3)	"Fvol_IM (m3/m3	 dry w.)"	Hice (m)	Hsnow (m)
0.00	4147256	4	0	0	0	0	0	0	0	0	0	0	0
0.10	4133054	4	0	0	0	0	0	0	0	0	0
0.20	4118823	4	0	0	0	0	0	0	0	0	0
0.30	4104561	4	0	0	0	0	0	0	0	0	0
0.40	4090268	4	0	0	0	0	0	0	0	0	0
0.50	4075943	4	0	0	0	0	0	0	0	0	0
0.60	4061588	4	0	0	0	0	0	0	0	0	0
0.70	4047200	4	0	0	0	0	0	0	0	0	0
0.80	4032781	4	0	0	0	0	0	0	0	0	0
0.90	4018330	4	0	0	0	0	0	0	0	0	0
1.00	4003846	4	0	0	0	0	0	0	0	0	0
1.10	3989330	4	0	0	0	0	0	0	0	0	0
1.20	3974780	4	0	0	0	0	0	0	0	0	0
1.30	3960197	4	0	0	0	0	0	0	0	0	0
1.40	3945581	4	0	0	0	0	0	0	0	0	0
1.50	3930931	4	0	0	0	0	0	0	0	0	0
1.60	3916247	4	0	0	0	0	0	0	0	0	0
1.70	3901529	4	0	0	0	0	0	0	0	0	0
1.80	3886776	4	0	0	0	0	0	0	0	0	0
1.90	3871988	4	0	0	0	0	0	0	0	0	0
2.00	3857165	4	0	0	0	0	0	0	0	0	0
2.10	3842306	4	0	0	0	0	0	0	0	0	0
2.20	3827412	4	0	0	0	0	0	0	0	0	0
2.30	3812481	4	0	0	0	0	0	0	0	0	0
2.40	3797514	4	0	0	0	0	0	0	0	0	0
2.50	3782510	4	0	0	0	0	0	0	0	0	0
2.60	3767469	4	0	0	0	0	0	0	0	0	0
2.70	3752390	4	0	0	0	0	0	0	0	0	0
2.80	3737274	4	0	0	0	0	0	0	0	0	0
2.90	3722119	4	0	0	0	0	0	0	0	0	0
3.00	3706926	4	0	0	0	0	0	0	0	0	0
3.10	3691695	4	0	0	0	0	0	0	0	0	0
3.20	3676423	4	0	0	0	0	0	0	0	0	0
3.30	3661113	4	0	0	0	0	0	0	0	0	0
3.40	3645762	4	0	0	0	0	0	0	0	0	0
3.50	3630371	4	0	0	0	0	0	0	0	0	0
3.60	3614939	4	0	0	0	0	0	0	0	0	0
3.70	3599467	4	0	0	0	0	0	0	0	0	0
3.80	3583952	4	0	0	0	0	0	0	0	0	0
3.90	3568396	4	0	0	0	0	0	0	0	0	0
4.00	3552798	4	0	0	0	0	0	0	0	0	0
4.10	3537156	4	0	0	0	0	0	0	0	0	0
4.20	3521472	4	0	0	0	0	0	0	0	0	0
4.30	3505744	4	0	0	0	0	0	0	0	0	0
4.40	3489972	4	0	0	0	0	0	0	0	0	0
4.50	3474155	4	0	0	0	0	0	0	0	0	0
4.60	3458294	4	0	0	0	0	0	0	0	0	0
4.70	3442387	4	0	0	0	0	0	0	0	0	0
4.80	3426434	4	0	0	0	0	0	0	0	0	0
4.90	3410435	4	0	0	0	0	0	0	0	0	0
5.00	3394389	4	0	0	0	0	0	0	0	0	0
5.10	3378296	4	0	0	0	0	0	0	0	0	0
5.20	3362154	4	0	0	0	0	0	0	0	0	0
5.30	3345965	4	0	0	0	0	0	0	0	0	0
5.40	3329726	4	0	0	0	0	0	0	0	0	0
5.50	3313438	4	0	0	0	0	0	0	0	0	0
5.60	3297101	4	0	0	0	0	0	0	0	0	0
5.70	3280712	4	0	0	0	0	0	0	0	0	0
5.80	3264273	4	0	0	0	0	0	0	0	0	0
5.90	3247781	4	0	0	0	0	0	0	0	0	0
6.00	3231238	4	0	0	0	0	0	0	0	0	0
6.10	3214641	4	0	0	0	0	0	0	0	0	0
6.20	3197991	4	0	0	0	0	0	0	0	0	0
6.30	3181287	4	0	0	0	0	0	0	0	0	0
6.40	3164529	4	0	0	0	0	0	0	0	0	0
6.50	3147714	4	0	0	0	0	0	0	0	0	0
6.60	3130844	4	0	0	0	0	0	0	0	0	0
6.70	3113917	4	0	0	0	0	0	0	0	0	0
6.80	3096932	4	0	0	0	0	0	0	0	0	0
6.90	3079890	4	0	0	0	0	0	0	0	0	0
7.00	3062788	4	0	0	0	0	0	0	0	0	0
7.10	3045627	4	0	0	0	0	0	0	0	0	0
7.20	3028405	4	0	0	0	0	0	0	0	0	0
7.30	3011122	4	0	0	0	0	0	0	0	0	0
7.40	2993778	4	0	0	0	0	0	0	0	0	0
7.50	2976370	4	0	0	0	0	0	0	0	0	0
7.60	2958899	4	0	0	0	0	0	0	0	0	0
7.70	2941363	4	0	0	0	0	0	0	0	0	0
7.80	2923762	4	0	0	0	0	0	0	0	0	0
7.90	2906095	4	0	0	0	0	0	0	0	0	0
8.00	2888361	4	0	0	0	0	0	0	0	0	0
8.10	2870559	4	0	0	0	0	0	0	0	0	0
8.20	2852688	4	0	0	0	0	0	0	0	0	0
8.30	2834747	4	0	0	0	0	0	0	0	0	0
8.40	2816735	4	0	0	0	0	0	0	0	0	0
8.50	2798651	4	0	0	0	0	0	0	0	0	0
8.60	2780493	4	0	0	0	0	0	0	0	0	0
8.70	2762262	4	0	0	0	0	0	0	0	0	0
8.80	2743956	4	0	0	0	0	0	0	0	0	0
8.90	2725573	4	0	0	0	0	0	0	0	0	0
9.00	2707113	4	0	0	0	0	0	0	0	0	0
9.10	2688574	4	0	0	0	0	0	0	0	0	0
9.20	2669955	4	0	0	0	0	0	0	0	0	0
9.30	2651255	4	0	0	0	0	0	0	0	0	0
9.40	2632473	4	0	0	0	0	0	0	0	0	0
9.50	2613607	4	0	0	0	0	0	0	0	0	0
9.60	2594655	4	0	0	0	0	0	0	0	0	0
9.70	2575618	4	0	0	0	0	0	0	0	0	0
9.80	2556492	4	0	0	0	0	0	0	0	0	0
9.90	2537276	4	0	0	0	0	0	0	0	0	0
10.00	2517970	4	0	0	0	0	0	0	0	0	0
10.10	2498571	4	0	0	0	0	0	0	0	0	0
10.20	2479078	4	0	0	0	0	0	0	0	0	0
10.30	2459489	4	0	0	0	0	0	0	0	0	0
10.40	2439803	4	0	0	0	0	0	0	0	0	0
10.50	2420017	4	0	0	0	0	0	0	0	0	0
10.60	2400130	4	0	0	0	0	0	0	0	0	0
10.70	2380139	4	0	0	0	0	0	0	0	0	0
10.80	2360044	4	0	0	0	0	0	0	0	0	0
10.90	2339842	4	0	0	0	0	0	0	0	0	0
11.00	2319530	4	0	0	0	0	0	0	0	0	0
11.10	2299108	4	0	0	0	0	0	0	0	0	0
11.20	2278571	4	0	0	0	0	0	0	0	0	0
11.30	2257919	4	0	0	0	0	0	0	0	0	0
11.40	2237149	4	0	0	0	0	0	0	0	0	0
11.50	2216258	4	0	0	0	0	0	0	0	0	0
11.60	2195243	4	0	0	0	0	0	0	0	0	0
11.70	2174103	4	0	0	0	0	0	0	0	0	0
11.80	2152834	4	0	0	0	0	0	0	0	0	0
11.90	2131433	4	0	0	0	0	0	0	0	0	0
12.00	2109898	4	0	0	0	0	0	0	0	0	0
12.10	2088225	4	0	0	0	0	0	0	0	0	0
12.20	2066411	4	0	0	0	0	0	0	0	0	0
12.30	2044453	4	0	0	0	0	0	0	0	0	0
12.40	2022347	4	0	0	0	0	0	0	0	0	0
12.50	2000090	4	0	0	0	0	0	0	0	0	0
12.60	1977678	4	0	0	0	0	0	0	0	0	0
12.70	1955106	4	0	0	0	0	0	0	0	0	0
12.80	1932371	4	0	0	0	0	0	0	0	0	0
12.90	1909468	4	0	0	0	0	0	0	0	0	0
13.00	1886393	4	0	0	0	0	0	0	0	0	0
13.10	1863141	4	0	0	0	0	0	0	0	0	0
13.20	1839707	4	0	0	0	0	0	0	0	0	0
13.30	1816085	4	0	0	0	0	0	0	0	0	0
13.40	1792271	4	0	0	0	0	0	0	0	0	0
13.50	1768258	4	0	0	0	0	0	0	0	0	0
13.60	1744041	4	0	0	0	0	0	0	0	0	0
13.70	1719612	4	0	0	0	0	0	0	0	0	0
13.80	1694966	4	0	0	0	0	0	0	0	0	0
13.90	1670094	4	0	0	0	0	0	0	0	0	0
14.00	1644990	4	0	0	0	0	0	0	0	0	0
14.10	1619645	4	0	0	0	0	0	0	0	0	0
14.20	1594050	4	0	0	0	0	0	0	0	0	0
14.30	1568197	4	0	0	0	0	0	0	0	0	0
14.40	1542077	4	0	0	0	0	0	0	0	0	0
14.50	1515678	4	0	0	0	0	0	0	0	0	0
14.60	1488989	4	0	0	0	0	0	0	0	0	0
14.70	1462000	4	0	0	0	0	0	0	0	0	0
14.80	1434696	4	0	0	0	0	0	0	0	0	0
14.90	1407066	4	0	0	0	0	0	0	0	0	0
15.00	1379093	4	0	0	0	0	0	0	0	0	0
15.10	1350763	4	0	0	0	0	0	0	0	0	0
15.20	1322058	4	0	0	0	0	0	0	0	0	0
15.30	1292960	4	0	0	0	0	0	0	0	0	0
15.40	1263448	4	0	0	0	0	0	0	0	0	0
15.50	1233501	4	0	0	0	0	0	0	0	0	0
15.60	1203094	4	0	0	0	0	0	0	0	0	0
15.70	1172201	4	0	0	0	0	0	0	0	0	0
15.80	1140793	4	0	0	0	0	0	0	0	0	0
15.90	1108838	4	0	0	0	0	0	0	0	0	0
16.00	1076298	4	0	0	0	0	0	0	0	0	0
16.10	1043134	4	0	0	0	0	0	0	0	0	0
16.20	1009301	4	0	0	0	0	0	0	0	0	0
16.30	974746	4	0	0	0	0	0	0	0	0	0
16.40	939412	4	0	0	0	0	0	0	0	0	0
16.50	903230	4	0	0	0	0	0	0	0	0	0
16.60	866122	4	0	0	0	0	0	0	0	0	0
16.70	827997	4	0	0	0	0	0	0	0	0	0
16.80	788746	4	0	0	0	0	0	0	0	0	0
16.90	748240	4	0	0	0	0	0	0	0	0	0
17.00	706320	4	0	0	0	0	0	0	0	0	0
17.10	662789	4	0	0	0	0	0	0	0	0	0
17.20	617401	4	0	0	0	0	0	0	0	0	0
17.30	569831	4	0	0	0	0	0	0	0	0	0
17.40	519648	4	0	0	0	0	0	0	0	0	0
17.50	466243	4	0	0	0	0	0	0	0	0	0
17.60	408716	4	0	0	0	0	0	0	0	0	0
17.70	345619	4	0	0	0	0	0	0	0	0	0
17.80	274308	4	0	0	0	0	0	0	0	0	0
17.90	188725	4	0	0	0	0	0	0	0	0	0
18.00	62303	4	0	0	0	0	0	0	0	0	0
18.02	0	4	0	0	0	0	0	0	0	0	0