-999	"MyLake init"
Z (m)	Az (m2)	Tz (deg C)	Cz	Sz (kg/m3)	TPz (mg/m3)	DOPz (mg/m3)	Chlaz (mg/m3)	DOCz (mg/m3)	TPz_sed (mg/m3)	Chlaz_sed (mg/m3)	"Fvol_IM (m3/m3	 dry w.)"	Hice (m)	Hsnow (m)
0.00	2194265	4	0	0	0	0	0	0	0	0	0	0	0
0.10	2181849	4	0	0	0	0	0	0	0	0	0
0.20	2169443	4	0	0	0	0	0	0	0	0	0
0.30	2157047	4	0	0	0	0	0	0	0	0	0
0.40	2144662	4	0	0	0	0	0	0	0	0	0
0.50	2132287	4	0	0	0	0	0	0	0	0	0
0.60	2119923	4	0	0	0	0	0	0	0	0	0
0.70	2107569	4	0	0	0	0	0	0	0	0	0
0.80	2095226	4	0	0	0	0	0	0	0	0	0
0.90	2082894	4	0	0	0	0	0	0	0	0	0
1.00	2070573	4	0	0	0	0	0	0	0	0	0
1.10	2058262	4	0	0	0	0	0	0	0	0	0
1.20	2045963	4	0	0	0	0	0	0	0	0	0
1.30	2033674	4	0	0	0	0	0	0	0	0	0
1.40	2021396	4	0	0	0	0	0	0	0	0	0
1.50	2009129	4	0	0	0	0	0	0	0	0	0
1.60	1996873	4	0	0	0	0	0	0	0	0	0
1.70	1984628	4	0	0	0	0	0	0	0	0	0
1.80	1972394	4	0	0	0	0	0	0	0	0	0
1.90	1960172	4	0	0	0	0	0	0	0	0	0
2.00	1947960	4	0	0	0	0	0	0	0	0	0
2.10	1935760	4	0	0	0	0	0	0	0	0	0
2.20	1923572	4	0	0	0	0	0	0	0	0	0
2.30	1911394	4	0	0	0	0	0	0	0	0	0
2.40	1899228	4	0	0	0	0	0	0	0	0	0
2.50	1887074	4	0	0	0	0	0	0	0	0	0
2.60	1874931	4	0	0	0	0	0	0	0	0	0
2.70	1862800	4	0	0	0	0	0	0	0	0	0
2.80	1850680	4	0	0	0	0	0	0	0	0	0
2.90	1838572	4	0	0	0	0	0	0	0	0	0
3.00	1826476	4	0	0	0	0	0	0	0	0	0
3.10	1814391	4	0	0	0	0	0	0	0	0	0
3.20	1802319	4	0	0	0	0	0	0	0	0	0
3.30	1790258	4	0	0	0	0	0	0	0	0	0
3.40	1778209	4	0	0	0	0	0	0	0	0	0
3.50	1766172	4	0	0	0	0	0	0	0	0	0
3.60	1754148	4	0	0	0	0	0	0	0	0	0
3.70	1742135	4	0	0	0	0	0	0	0	0	0
3.80	1730135	4	0	0	0	0	0	0	0	0	0
3.90	1718147	4	0	0	0	0	0	0	0	0	0
4.00	1706171	4	0	0	0	0	0	0	0	0	0
4.10	1694208	4	0	0	0	0	0	0	0	0	0
4.20	1682257	4	0	0	0	0	0	0	0	0	0
4.30	1670318	4	0	0	0	0	0	0	0	0	0
4.40	1658392	4	0	0	0	0	0	0	0	0	0
4.50	1646479	4	0	0	0	0	0	0	0	0	0
4.60	1634579	4	0	0	0	0	0	0	0	0	0
4.70	1622691	4	0	0	0	0	0	0	0	0	0
4.80	1610816	4	0	0	0	0	0	0	0	0	0
4.90	1598954	4	0	0	0	0	0	0	0	0	0
5.00	1587105	4	0	0	0	0	0	0	0	0	0
5.10	1575268	4	0	0	0	0	0	0	0	0	0
5.20	1563445	4	0	0	0	0	0	0	0	0	0
5.30	1551636	4	0	0	0	0	0	0	0	0	0
5.40	1539839	4	0	0	0	0	0	0	0	0	0
5.50	1528056	4	0	0	0	0	0	0	0	0	0
5.60	1516286	4	0	0	0	0	0	0	0	0	0
5.70	1504529	4	0	0	0	0	0	0	0	0	0
5.80	1492786	4	0	0	0	0	0	0	0	0	0
5.90	1481057	4	0	0	0	0	0	0	0	0	0
6.00	1469341	4	0	0	0	0	0	0	0	0	0
6.10	1457639	4	0	0	0	0	0	0	0	0	0
6.20	1445951	4	0	0	0	0	0	0	0	0	0
6.30	1434277	4	0	0	0	0	0	0	0	0	0
6.40	1422617	4	0	0	0	0	0	0	0	0	0
6.50	1410971	4	0	0	0	0	0	0	0	0	0
6.60	1399339	4	0	0	0	0	0	0	0	0	0
6.70	1387721	4	0	0	0	0	0	0	0	0	0
6.80	1376117	4	0	0	0	0	0	0	0	0	0
6.90	1364528	4	0	0	0	0	0	0	0	0	0
7.00	1352954	4	0	0	0	0	0	0	0	0	0
7.10	1341394	4	0	0	0	0	0	0	0	0	0
7.20	1329849	4	0	0	0	0	0	0	0	0	0
7.30	1318318	4	0	0	0	0	0	0	0	0	0
7.40	1306802	4	0	0	0	0	0	0	0	0	0
7.50	1295302	4	0	0	0	0	0	0	0	0	0
7.60	1283816	4	0	0	0	0	0	0	0	0	0
7.70	1272345	4	0	0	0	0	0	0	0	0	0
7.80	1260890	4	0	0	0	0	0	0	0	0	0
7.90	1249450	4	0	0	0	0	0	0	0	0	0
8.00	1238025	4	0	0	0	0	0	0	0	0	0
8.10	1226616	4	0	0	0	0	0	0	0	0	0
8.20	1215223	4	0	0	0	0	0	0	0	0	0
8.30	1203845	4	0	0	0	0	0	0	0	0	0
8.40	1192483	4	0	0	0	0	0	0	0	0	0
8.50	1181137	4	0	0	0	0	0	0	0	0	0
8.60	1169807	4	0	0	0	0	0	0	0	0	0
8.70	1158493	4	0	0	0	0	0	0	0	0	0
8.80	1147195	4	0	0	0	0	0	0	0	0	0
8.90	1135914	4	0	0	0	0	0	0	0	0	0
9.00	1124650	4	0	0	0	0	0	0	0	0	0
9.10	1113401	4	0	0	0	0	0	0	0	0	0
9.20	1102170	4	0	0	0	0	0	0	0	0	0
9.30	1090956	4	0	0	0	0	0	0	0	0	0
9.40	1079758	4	0	0	0	0	0	0	0	0	0
9.50	1068577	4	0	0	0	0	0	0	0	0	0
9.60	1057414	4	0	0	0	0	0	0	0	0	0
9.70	1046268	4	0	0	0	0	0	0	0	0	0
9.80	1035140	4	0	0	0	0	0	0	0	0	0
9.90	1024029	4	0	0	0	0	0	0	0	0	0
10.00	1012936	4	0	0	0	0	0	0	0	0	0
10.10	1001861	4	0	0	0	0	0	0	0	0	0
10.20	990804	4	0	0	0	0	0	0	0	0	0
10.30	979764	4	0	0	0	0	0	0	0	0	0
10.40	968744	4	0	0	0	0	0	0	0	0	0
10.50	957741	4	0	0	0	0	0	0	0	0	0
10.60	946758	4	0	0	0	0	0	0	0	0	0
10.70	935793	4	0	0	0	0	0	0	0	0	0
10.80	924847	4	0	0	0	0	0	0	0	0	0
10.90	913920	4	0	0	0	0	0	0	0	0	0
11.00	903012	4	0	0	0	0	0	0	0	0	0
11.10	892124	4	0	0	0	0	0	0	0	0	0
11.20	881255	4	0	0	0	0	0	0	0	0	0
11.30	870406	4	0	0	0	0	0	0	0	0	0
11.40	859577	4	0	0	0	0	0	0	0	0	0
11.50	848767	4	0	0	0	0	0	0	0	0	0
11.60	837979	4	0	0	0	0	0	0	0	0	0
11.70	827210	4	0	0	0	0	0	0	0	0	0
11.80	816462	4	0	0	0	0	0	0	0	0	0
11.90	805735	4	0	0	0	0	0	0	0	0	0
12.00	795029	4	0	0	0	0	0	0	0	0	0
12.10	784344	4	0	0	0	0	0	0	0	0	0
12.20	773681	4	0	0	0	0	0	0	0	0	0
12.30	763039	4	0	0	0	0	0	0	0	0	0
12.40	752419	4	0	0	0	0	0	0	0	0	0
12.50	741821	4	0	0	0	0	0	0	0	0	0
12.60	731246	4	0	0	0	0	0	0	0	0	0
12.70	720693	4	0	0	0	0	0	0	0	0	0
12.80	710162	4	0	0	0	0	0	0	0	0	0
12.90	699655	4	0	0	0	0	0	0	0	0	0
13.00	689171	4	0	0	0	0	0	0	0	0	0
13.10	678710	4	0	0	0	0	0	0	0	0	0
13.20	668273	4	0	0	0	0	0	0	0	0	0
13.30	657860	4	0	0	0	0	0	0	0	0	0
13.40	647471	4	0	0	0	0	0	0	0	0	0
13.50	637107	4	0	0	0	0	0	0	0	0	0
13.60	626767	4	0	0	0	0	0	0	0	0	0
13.70	616453	4	0	0	0	0	0	0	0	0	0
13.80	606164	4	0	0	0	0	0	0	0	0	0
13.90	595900	4	0	0	0	0	0	0	0	0	0
14.00	585663	4	0	0	0	0	0	0	0	0	0
14.10	575452	4	0	0	0	0	0	0	0	0	0
14.20	565267	4	0	0	0	0	0	0	0	0	0
14.30	555110	4	0	0	0	0	0	0	0	0	0
14.40	544979	4	0	0	0	0	0	0	0	0	0
14.50	534877	4	0	0	0	0	0	0	0	0	0
14.60	524803	4	0	0	0	0	0	0	0	0	0
14.70	514757	4	0	0	0	0	0	0	0	0	0
14.80	504739	4	0	0	0	0	0	0	0	0	0
14.90	494751	4	0	0	0	0	0	0	0	0	0
15.00	484793	4	0	0	0	0	0	0	0	0	0
15.10	474865	4	0	0	0	0	0	0	0	0	0
15.20	464967	4	0	0	0	0	0	0	0	0	0
15.30	455100	4	0	0	0	0	0	0	0	0	0
15.40	445265	4	0	0	0	0	0	0	0	0	0
15.50	435461	4	0	0	0	0	0	0	0	0	0
15.60	425690	4	0	0	0	0	0	0	0	0	0
15.70	415952	4	0	0	0	0	0	0	0	0	0
15.80	406247	4	0	0	0	0	0	0	0	0	0
15.90	396577	4	0	0	0	0	0	0	0	0	0
16.00	386941	4	0	0	0	0	0	0	0	0	0
16.10	377340	4	0	0	0	0	0	0	0	0	0
16.20	367775	4	0	0	0	0	0	0	0	0	0
16.30	358247	4	0	0	0	0	0	0	0	0	0
16.40	348756	4	0	0	0	0	0	0	0	0	0
16.50	339303	4	0	0	0	0	0	0	0	0	0
16.60	329888	4	0	0	0	0	0	0	0	0	0
16.70	320513	4	0	0	0	0	0	0	0	0	0
16.80	311178	4	0	0	0	0	0	0	0	0	0
16.90	301885	4	0	0	0	0	0	0	0	0	0
17.00	292633	4	0	0	0	0	0	0	0	0	0
17.10	283424	4	0	0	0	0	0	0	0	0	0
17.20	274259	4	0	0	0	0	0	0	0	0	0
17.30	265139	4	0	0	0	0	0	0	0	0	0
17.40	256065	4	0	0	0	0	0	0	0	0	0
17.50	247038	4	0	0	0	0	0	0	0	0	0
17.60	238060	4	0	0	0	0	0	0	0	0	0
17.70	229131	4	0	0	0	0	0	0	0	0	0
17.80	220253	4	0	0	0	0	0	0	0	0	0
17.90	211428	4	0	0	0	0	0	0	0	0	0
18.00	202657	4	0	0	0	0	0	0	0	0	0
18.10	193941	4	0	0	0	0	0	0	0	0	0
18.20	185282	4	0	0	0	0	0	0	0	0	0
18.30	176683	4	0	0	0	0	0	0	0	0	0
18.40	168145	4	0	0	0	0	0	0	0	0	0
18.50	159671	4	0	0	0	0	0	0	0	0	0
18.60	151262	4	0	0	0	0	0	0	0	0	0
18.70	142922	4	0	0	0	0	0	0	0	0	0
18.80	134653	4	0	0	0	0	0	0	0	0	0
18.90	126458	4	0	0	0	0	0	0	0	0	0
19.00	118340	4	0	0	0	0	0	0	0	0	0
19.10	110304	4	0	0	0	0	0	0	0	0	0
19.20	102354	4	0	0	0	0	0	0	0	0	0
19.30	94493	4	0	0	0	0	0	0	0	0	0
19.40	86728	4	0	0	0	0	0	0	0	0	0
19.50	79064	4	0	0	0	0	0	0	0	0	0
19.60	71508	4	0	0	0	0	0	0	0	0	0
19.70	64068	4	0	0	0	0	0	0	0	0	0
19.80	56754	4	0	0	0	0	0	0	0	0	0
19.90	49576	4	0	0	0	0	0	0	0	0	0
20.00	42548	4	0	0	0	0	0	0	0	0	0
20.10	35688	4	0	0	0	0	0	0	0	0	0
20.20	29018	4	0	0	0	0	0	0	0	0	0
20.30	22568	4	0	0	0	0	0	0	0	0	0
20.40	16382	4	0	0	0	0	0	0	0	0	0
20.50	10527	4	0	0	0	0	0	0	0	0	0
20.60	5133	4	0	0	0	0	0	0	0	0	0
20.70	577	4	0	0	0	0	0	0	0	0	0
20.72	0	4	0	0	0	0	0	0	0	0	0