-999	"MyLake init"
Z (m)	Az (m2)	Tz (deg C)	Cz	Sz (kg/m3)	TPz (mg/m3)	DOPz (mg/m3)	Chlaz (mg/m3)	DOCz (mg/m3)	TPz_sed (mg/m3)	Chlaz_sed (mg/m3)	"Fvol_IM (m3/m3	 dry w.)"	Hice (m)	Hsnow (m)
0.00	4828931	4	0	0	0	0	0	0	0	0	0	0	0
0.10	4806510	4	0	0	0	0	0	0	0	0	0
0.20	4784094	4	0	0	0	0	0	0	0	0	0
0.30	4761684	4	0	0	0	0	0	0	0	0	0
0.40	4739279	4	0	0	0	0	0	0	0	0	0
0.50	4716879	4	0	0	0	0	0	0	0	0	0
0.60	4694485	4	0	0	0	0	0	0	0	0	0
0.70	4672096	4	0	0	0	0	0	0	0	0	0
0.80	4649713	4	0	0	0	0	0	0	0	0	0
0.90	4627336	4	0	0	0	0	0	0	0	0	0
1.00	4604964	4	0	0	0	0	0	0	0	0	0
1.10	4582598	4	0	0	0	0	0	0	0	0	0
1.20	4560237	4	0	0	0	0	0	0	0	0	0
1.30	4537882	4	0	0	0	0	0	0	0	0	0
1.40	4515533	4	0	0	0	0	0	0	0	0	0
1.50	4493189	4	0	0	0	0	0	0	0	0	0
1.60	4470851	4	0	0	0	0	0	0	0	0	0
1.70	4448519	4	0	0	0	0	0	0	0	0	0
1.80	4426193	4	0	0	0	0	0	0	0	0	0
1.90	4403872	4	0	0	0	0	0	0	0	0	0
2.00	4381558	4	0	0	0	0	0	0	0	0	0
2.10	4359249	4	0	0	0	0	0	0	0	0	0
2.20	4336946	4	0	0	0	0	0	0	0	0	0
2.30	4314649	4	0	0	0	0	0	0	0	0	0
2.40	4292358	4	0	0	0	0	0	0	0	0	0
2.50	4270073	4	0	0	0	0	0	0	0	0	0
2.60	4247794	4	0	0	0	0	0	0	0	0	0
2.70	4225521	4	0	0	0	0	0	0	0	0	0
2.80	4203254	4	0	0	0	0	0	0	0	0	0
2.90	4180993	4	0	0	0	0	0	0	0	0	0
3.00	4158738	4	0	0	0	0	0	0	0	0	0
3.10	4136489	4	0	0	0	0	0	0	0	0	0
3.20	4114247	4	0	0	0	0	0	0	0	0	0
3.30	4092010	4	0	0	0	0	0	0	0	0	0
3.40	4069780	4	0	0	0	0	0	0	0	0	0
3.50	4047557	4	0	0	0	0	0	0	0	0	0
3.60	4025339	4	0	0	0	0	0	0	0	0	0
3.70	4003128	4	0	0	0	0	0	0	0	0	0
3.80	3980923	4	0	0	0	0	0	0	0	0	0
3.90	3958725	4	0	0	0	0	0	0	0	0	0
4.00	3936533	4	0	0	0	0	0	0	0	0	0
4.10	3914347	4	0	0	0	0	0	0	0	0	0
4.20	3892168	4	0	0	0	0	0	0	0	0	0
4.30	3869996	4	0	0	0	0	0	0	0	0	0
4.40	3847830	4	0	0	0	0	0	0	0	0	0
4.50	3825670	4	0	0	0	0	0	0	0	0	0
4.60	3803518	4	0	0	0	0	0	0	0	0	0
4.70	3781371	4	0	0	0	0	0	0	0	0	0
4.80	3759232	4	0	0	0	0	0	0	0	0	0
4.90	3737099	4	0	0	0	0	0	0	0	0	0
5.00	3714973	4	0	0	0	0	0	0	0	0	0
5.10	3692854	4	0	0	0	0	0	0	0	0	0
5.20	3670742	4	0	0	0	0	0	0	0	0	0
5.30	3648637	4	0	0	0	0	0	0	0	0	0
5.40	3626538	4	0	0	0	0	0	0	0	0	0
5.50	3604447	4	0	0	0	0	0	0	0	0	0
5.60	3582362	4	0	0	0	0	0	0	0	0	0
5.70	3560284	4	0	0	0	0	0	0	0	0	0
5.80	3538214	4	0	0	0	0	0	0	0	0	0
5.90	3516151	4	0	0	0	0	0	0	0	0	0
6.00	3494094	4	0	0	0	0	0	0	0	0	0
6.10	3472045	4	0	0	0	0	0	0	0	0	0
6.20	3450004	4	0	0	0	0	0	0	0	0	0
6.30	3427969	4	0	0	0	0	0	0	0	0	0
6.40	3405942	4	0	0	0	0	0	0	0	0	0
6.50	3383922	4	0	0	0	0	0	0	0	0	0
6.60	3361909	4	0	0	0	0	0	0	0	0	0
6.70	3339904	4	0	0	0	0	0	0	0	0	0
6.80	3317907	4	0	0	0	0	0	0	0	0	0
6.90	3295917	4	0	0	0	0	0	0	0	0	0
7.00	3273934	4	0	0	0	0	0	0	0	0	0
7.10	3251959	4	0	0	0	0	0	0	0	0	0
7.20	3229992	4	0	0	0	0	0	0	0	0	0
7.30	3208032	4	0	0	0	0	0	0	0	0	0
7.40	3186081	4	0	0	0	0	0	0	0	0	0
7.50	3164137	4	0	0	0	0	0	0	0	0	0
7.60	3142201	4	0	0	0	0	0	0	0	0	0
7.70	3120272	4	0	0	0	0	0	0	0	0	0
7.80	3098352	4	0	0	0	0	0	0	0	0	0
7.90	3076440	4	0	0	0	0	0	0	0	0	0
8.00	3054536	4	0	0	0	0	0	0	0	0	0
8.10	3032640	4	0	0	0	0	0	0	0	0	0
8.20	3010752	4	0	0	0	0	0	0	0	0	0
8.30	2988872	4	0	0	0	0	0	0	0	0	0
8.40	2967000	4	0	0	0	0	0	0	0	0	0
8.50	2945137	4	0	0	0	0	0	0	0	0	0
8.60	2923282	4	0	0	0	0	0	0	0	0	0
8.70	2901436	4	0	0	0	0	0	0	0	0	0
8.80	2879598	4	0	0	0	0	0	0	0	0	0
8.90	2857769	4	0	0	0	0	0	0	0	0	0
9.00	2835948	4	0	0	0	0	0	0	0	0	0
9.10	2814136	4	0	0	0	0	0	0	0	0	0
9.20	2792333	4	0	0	0	0	0	0	0	0	0
9.30	2770538	4	0	0	0	0	0	0	0	0	0
9.40	2748753	4	0	0	0	0	0	0	0	0	0
9.50	2726976	4	0	0	0	0	0	0	0	0	0
9.60	2705208	4	0	0	0	0	0	0	0	0	0
9.70	2683449	4	0	0	0	0	0	0	0	0	0
9.80	2661699	4	0	0	0	0	0	0	0	0	0
9.90	2639959	4	0	0	0	0	0	0	0	0	0
10.00	2618228	4	0	0	0	0	0	0	0	0	0
10.10	2596506	4	0	0	0	0	0	0	0	0	0
10.20	2574793	4	0	0	0	0	0	0	0	0	0
10.30	2553090	4	0	0	0	0	0	0	0	0	0
10.40	2531396	4	0	0	0	0	0	0	0	0	0
10.50	2509712	4	0	0	0	0	0	0	0	0	0
10.60	2488038	4	0	0	0	0	0	0	0	0	0
10.70	2466373	4	0	0	0	0	0	0	0	0	0
10.80	2444718	4	0	0	0	0	0	0	0	0	0
10.90	2423073	4	0	0	0	0	0	0	0	0	0
11.00	2401438	4	0	0	0	0	0	0	0	0	0
11.10	2379813	4	0	0	0	0	0	0	0	0	0
11.20	2358199	4	0	0	0	0	0	0	0	0	0
11.30	2336594	4	0	0	0	0	0	0	0	0	0
11.40	2315000	4	0	0	0	0	0	0	0	0	0
11.50	2293416	4	0	0	0	0	0	0	0	0	0
11.60	2271843	4	0	0	0	0	0	0	0	0	0
11.70	2250280	4	0	0	0	0	0	0	0	0	0
11.80	2228728	4	0	0	0	0	0	0	0	0	0
11.90	2207186	4	0	0	0	0	0	0	0	0	0
12.00	2185656	4	0	0	0	0	0	0	0	0	0
12.10	2164136	4	0	0	0	0	0	0	0	0	0
12.20	2142628	4	0	0	0	0	0	0	0	0	0
12.30	2121130	4	0	0	0	0	0	0	0	0	0
12.40	2099644	4	0	0	0	0	0	0	0	0	0
12.50	2078169	4	0	0	0	0	0	0	0	0	0
12.60	2056706	4	0	0	0	0	0	0	0	0	0
12.70	2035254	4	0	0	0	0	0	0	0	0	0
12.80	2013814	4	0	0	0	0	0	0	0	0	0
12.90	1992385	4	0	0	0	0	0	0	0	0	0
13.00	1970969	4	0	0	0	0	0	0	0	0	0
13.10	1949564	4	0	0	0	0	0	0	0	0	0
13.20	1928172	4	0	0	0	0	0	0	0	0	0
13.30	1906792	4	0	0	0	0	0	0	0	0	0
13.40	1885424	4	0	0	0	0	0	0	0	0	0
13.50	1864068	4	0	0	0	0	0	0	0	0	0
13.60	1842726	4	0	0	0	0	0	0	0	0	0
13.70	1821396	4	0	0	0	0	0	0	0	0	0
13.80	1800079	4	0	0	0	0	0	0	0	0	0
13.90	1778775	4	0	0	0	0	0	0	0	0	0
14.00	1757484	4	0	0	0	0	0	0	0	0	0
14.10	1736206	4	0	0	0	0	0	0	0	0	0
14.20	1714942	4	0	0	0	0	0	0	0	0	0
14.30	1693692	4	0	0	0	0	0	0	0	0	0
14.40	1672455	4	0	0	0	0	0	0	0	0	0
14.50	1651232	4	0	0	0	0	0	0	0	0	0
14.60	1630023	4	0	0	0	0	0	0	0	0	0
14.70	1608829	4	0	0	0	0	0	0	0	0	0
14.80	1587649	4	0	0	0	0	0	0	0	0	0
14.90	1566483	4	0	0	0	0	0	0	0	0	0
15.00	1545332	4	0	0	0	0	0	0	0	0	0
15.10	1524196	4	0	0	0	0	0	0	0	0	0
15.20	1503075	4	0	0	0	0	0	0	0	0	0
15.30	1481970	4	0	0	0	0	0	0	0	0	0
15.40	1460880	4	0	0	0	0	0	0	0	0	0
15.50	1439806	4	0	0	0	0	0	0	0	0	0
15.60	1418747	4	0	0	0	0	0	0	0	0	0
15.70	1397705	4	0	0	0	0	0	0	0	0	0
15.80	1376679	4	0	0	0	0	0	0	0	0	0
15.90	1355670	4	0	0	0	0	0	0	0	0	0
16.00	1334677	4	0	0	0	0	0	0	0	0	0
16.10	1313702	4	0	0	0	0	0	0	0	0	0
16.20	1292743	4	0	0	0	0	0	0	0	0	0
16.30	1271803	4	0	0	0	0	0	0	0	0	0
16.40	1250880	4	0	0	0	0	0	0	0	0	0
16.50	1229975	4	0	0	0	0	0	0	0	0	0
16.60	1209088	4	0	0	0	0	0	0	0	0	0
16.70	1188220	4	0	0	0	0	0	0	0	0	0
16.80	1167371	4	0	0	0	0	0	0	0	0	0
16.90	1146541	4	0	0	0	0	0	0	0	0	0
17.00	1125731	4	0	0	0	0	0	0	0	0	0
17.10	1104940	4	0	0	0	0	0	0	0	0	0
17.20	1084170	4	0	0	0	0	0	0	0	0	0
17.30	1063420	4	0	0	0	0	0	0	0	0	0
17.40	1042691	4	0	0	0	0	0	0	0	0	0
17.50	1021983	4	0	0	0	0	0	0	0	0	0
17.60	1001297	4	0	0	0	0	0	0	0	0	0
17.70	980633	4	0	0	0	0	0	0	0	0	0
17.80	959992	4	0	0	0	0	0	0	0	0	0
17.90	939373	4	0	0	0	0	0	0	0	0	0
18.00	918778	4	0	0	0	0	0	0	0	0	0
18.10	898206	4	0	0	0	0	0	0	0	0	0
18.20	877659	4	0	0	0	0	0	0	0	0	0
18.30	857136	4	0	0	0	0	0	0	0	0	0
18.40	836639	4	0	0	0	0	0	0	0	0	0
18.50	816168	4	0	0	0	0	0	0	0	0	0
18.60	795723	4	0	0	0	0	0	0	0	0	0
18.70	775305	4	0	0	0	0	0	0	0	0	0
18.80	754915	4	0	0	0	0	0	0	0	0	0
18.90	734553	4	0	0	0	0	0	0	0	0	0
19.00	714221	4	0	0	0	0	0	0	0	0	0
19.10	693918	4	0	0	0	0	0	0	0	0	0
19.20	673646	4	0	0	0	0	0	0	0	0	0
19.30	653405	4	0	0	0	0	0	0	0	0	0
19.40	633197	4	0	0	0	0	0	0	0	0	0
19.50	613022	4	0	0	0	0	0	0	0	0	0
19.60	592881	4	0	0	0	0	0	0	0	0	0
19.70	572775	4	0	0	0	0	0	0	0	0	0
19.80	552706	4	0	0	0	0	0	0	0	0	0
19.90	532674	4	0	0	0	0	0	0	0	0	0
20.00	512681	4	0	0	0	0	0	0	0	0	0
20.10	492729	4	0	0	0	0	0	0	0	0	0
20.20	472818	4	0	0	0	0	0	0	0	0	0
20.30	452950	4	0	0	0	0	0	0	0	0	0
20.40	433127	4	0	0	0	0	0	0	0	0	0
20.50	413350	4	0	0	0	0	0	0	0	0	0
20.60	393623	4	0	0	0	0	0	0	0	0	0
20.70	373946	4	0	0	0	0	0	0	0	0	0
20.80	354323	4	0	0	0	0	0	0	0	0	0
20.90	334755	4	0	0	0	0	0	0	0	0	0
21.00	315247	4	0	0	0	0	0	0	0	0	0
21.10	295800	4	0	0	0	0	0	0	0	0	0
21.20	276420	4	0	0	0	0	0	0	0	0	0
21.30	257109	4	0	0	0	0	0	0	0	0	0
21.40	237873	4	0	0	0	0	0	0	0	0	0
21.50	218717	4	0	0	0	0	0	0	0	0	0
21.60	199647	4	0	0	0	0	0	0	0	0	0
21.70	180671	4	0	0	0	0	0	0	0	0	0
21.80	161798	4	0	0	0	0	0	0	0	0	0
21.90	143037	4	0	0	0	0	0	0	0	0	0
22.00	124403	4	0	0	0	0	0	0	0	0	0
22.10	105913	4	0	0	0	0	0	0	0	0	0
22.20	87588	4	0	0	0	0	0	0	0	0	0
22.30	69461	4	0	0	0	0	0	0	0	0	0
22.40	51577	4	0	0	0	0	0	0	0	0	0
22.50	34013	4	0	0	0	0	0	0	0	0	0
22.60	16925	4	0	0	0	0	0	0	0	0	0
22.70	894	4	0	0	0	0	0	0	0	0	0
22.71	0	4	0	0	0	0	0	0	0	0	0