-999	"MyLake init"
Z (m)	Az (m2)	Tz (deg C)	Cz	Sz (kg/m3)	TPz (mg/m3)	DOPz (mg/m3)	Chlaz (mg/m3)	DOCz (mg/m3)	TPz_sed (mg/m3)	Chlaz_sed (mg/m3)	"Fvol_IM (m3/m3	 dry w.)"	Hice (m)	Hsnow (m)
0.00	9626466	4	0	0	0	0	0	0	0	0	0	0	0
0.10	9592469	4	0	0	0	0	0	0	0	0	0
0.20	9558447	4	0	0	0	0	0	0	0	0	0
0.30	9524399	4	0	0	0	0	0	0	0	0	0
0.40	9490324	4	0	0	0	0	0	0	0	0	0
0.50	9456223	4	0	0	0	0	0	0	0	0	0
0.60	9422095	4	0	0	0	0	0	0	0	0	0
0.70	9387940	4	0	0	0	0	0	0	0	0	0
0.80	9353758	4	0	0	0	0	0	0	0	0	0
0.90	9319549	4	0	0	0	0	0	0	0	0	0
1.00	9285313	4	0	0	0	0	0	0	0	0	0
1.10	9251050	4	0	0	0	0	0	0	0	0	0
1.20	9216759	4	0	0	0	0	0	0	0	0	0
1.30	9182440	4	0	0	0	0	0	0	0	0	0
1.40	9148093	4	0	0	0	0	0	0	0	0	0
1.50	9113719	4	0	0	0	0	0	0	0	0	0
1.60	9079316	4	0	0	0	0	0	0	0	0	0
1.70	9044886	4	0	0	0	0	0	0	0	0	0
1.80	9010426	4	0	0	0	0	0	0	0	0	0
1.90	8975939	4	0	0	0	0	0	0	0	0	0
2.00	8941422	4	0	0	0	0	0	0	0	0	0
2.10	8906876	4	0	0	0	0	0	0	0	0	0
2.20	8872302	4	0	0	0	0	0	0	0	0	0
2.30	8837698	4	0	0	0	0	0	0	0	0	0
2.40	8803065	4	0	0	0	0	0	0	0	0	0
2.50	8768402	4	0	0	0	0	0	0	0	0	0
2.60	8733710	4	0	0	0	0	0	0	0	0	0
2.70	8698988	4	0	0	0	0	0	0	0	0	0
2.80	8664235	4	0	0	0	0	0	0	0	0	0
2.90	8629453	4	0	0	0	0	0	0	0	0	0
3.00	8594640	4	0	0	0	0	0	0	0	0	0
3.10	8559796	4	0	0	0	0	0	0	0	0	0
3.20	8524922	4	0	0	0	0	0	0	0	0	0
3.30	8490017	4	0	0	0	0	0	0	0	0	0
3.40	8455080	4	0	0	0	0	0	0	0	0	0
3.50	8420112	4	0	0	0	0	0	0	0	0	0
3.60	8385113	4	0	0	0	0	0	0	0	0	0
3.70	8350082	4	0	0	0	0	0	0	0	0	0
3.80	8315020	4	0	0	0	0	0	0	0	0	0
3.90	8279925	4	0	0	0	0	0	0	0	0	0
4.00	8244798	4	0	0	0	0	0	0	0	0	0
4.10	8209638	4	0	0	0	0	0	0	0	0	0
4.20	8174446	4	0	0	0	0	0	0	0	0	0
4.30	8139221	4	0	0	0	0	0	0	0	0	0
4.40	8103963	4	0	0	0	0	0	0	0	0	0
4.50	8068671	4	0	0	0	0	0	0	0	0	0
4.60	8033346	4	0	0	0	0	0	0	0	0	0
4.70	7997988	4	0	0	0	0	0	0	0	0	0
4.80	7962595	4	0	0	0	0	0	0	0	0	0
4.90	7927169	4	0	0	0	0	0	0	0	0	0
5.00	7891708	4	0	0	0	0	0	0	0	0	0
5.10	7856212	4	0	0	0	0	0	0	0	0	0
5.20	7820682	4	0	0	0	0	0	0	0	0	0
5.30	7785117	4	0	0	0	0	0	0	0	0	0
5.40	7749516	4	0	0	0	0	0	0	0	0	0
5.50	7713880	4	0	0	0	0	0	0	0	0	0
5.60	7678208	4	0	0	0	0	0	0	0	0	0
5.70	7642501	4	0	0	0	0	0	0	0	0	0
5.80	7606757	4	0	0	0	0	0	0	0	0	0
5.90	7570976	4	0	0	0	0	0	0	0	0	0
6.00	7535159	4	0	0	0	0	0	0	0	0	0
6.10	7499305	4	0	0	0	0	0	0	0	0	0
6.20	7463414	4	0	0	0	0	0	0	0	0	0
6.30	7427486	4	0	0	0	0	0	0	0	0	0
6.40	7391520	4	0	0	0	0	0	0	0	0	0
6.50	7355515	4	0	0	0	0	0	0	0	0	0
6.60	7319473	4	0	0	0	0	0	0	0	0	0
6.70	7283392	4	0	0	0	0	0	0	0	0	0
6.80	7247272	4	0	0	0	0	0	0	0	0	0
6.90	7211114	4	0	0	0	0	0	0	0	0	0
7.00	7174915	4	0	0	0	0	0	0	0	0	0
7.10	7138678	4	0	0	0	0	0	0	0	0	0
7.20	7102400	4	0	0	0	0	0	0	0	0	0
7.30	7066082	4	0	0	0	0	0	0	0	0	0
7.40	7029724	4	0	0	0	0	0	0	0	0	0
7.50	6993325	4	0	0	0	0	0	0	0	0	0
7.60	6956885	4	0	0	0	0	0	0	0	0	0
7.70	6920403	4	0	0	0	0	0	0	0	0	0
7.80	6883880	4	0	0	0	0	0	0	0	0	0
7.90	6847314	4	0	0	0	0	0	0	0	0	0
8.00	6810707	4	0	0	0	0	0	0	0	0	0
8.10	6774056	4	0	0	0	0	0	0	0	0	0
8.20	6737363	4	0	0	0	0	0	0	0	0	0
8.30	6700626	4	0	0	0	0	0	0	0	0	0
8.40	6663846	4	0	0	0	0	0	0	0	0	0
8.50	6627021	4	0	0	0	0	0	0	0	0	0
8.60	6590152	4	0	0	0	0	0	0	0	0	0
8.70	6553238	4	0	0	0	0	0	0	0	0	0
8.80	6516280	4	0	0	0	0	0	0	0	0	0
8.90	6479275	4	0	0	0	0	0	0	0	0	0
9.00	6442225	4	0	0	0	0	0	0	0	0	0
9.10	6405129	4	0	0	0	0	0	0	0	0	0
9.20	6367986	4	0	0	0	0	0	0	0	0	0
9.30	6330796	4	0	0	0	0	0	0	0	0	0
9.40	6293559	4	0	0	0	0	0	0	0	0	0
9.50	6256273	4	0	0	0	0	0	0	0	0	0
9.60	6218940	4	0	0	0	0	0	0	0	0	0
9.70	6181558	4	0	0	0	0	0	0	0	0	0
9.80	6144127	4	0	0	0	0	0	0	0	0	0
9.90	6106647	4	0	0	0	0	0	0	0	0	0
10.00	6069116	4	0	0	0	0	0	0	0	0	0
10.10	6031535	4	0	0	0	0	0	0	0	0	0
10.20	5993904	4	0	0	0	0	0	0	0	0	0
10.30	5956221	4	0	0	0	0	0	0	0	0	0
10.40	5918486	4	0	0	0	0	0	0	0	0	0
10.50	5880699	4	0	0	0	0	0	0	0	0	0
10.60	5842860	4	0	0	0	0	0	0	0	0	0
10.70	5804967	4	0	0	0	0	0	0	0	0	0
10.80	5767021	4	0	0	0	0	0	0	0	0	0
10.90	5729020	4	0	0	0	0	0	0	0	0	0
11.00	5690965	4	0	0	0	0	0	0	0	0	0
11.10	5652854	4	0	0	0	0	0	0	0	0	0
11.20	5614688	4	0	0	0	0	0	0	0	0	0
11.30	5576466	4	0	0	0	0	0	0	0	0	0
11.40	5538186	4	0	0	0	0	0	0	0	0	0
11.50	5499850	4	0	0	0	0	0	0	0	0	0
11.60	5461455	4	0	0	0	0	0	0	0	0	0
11.70	5423001	4	0	0	0	0	0	0	0	0	0
11.80	5384489	4	0	0	0	0	0	0	0	0	0
11.90	5345916	4	0	0	0	0	0	0	0	0	0
12.00	5307284	4	0	0	0	0	0	0	0	0	0
12.10	5268590	4	0	0	0	0	0	0	0	0	0
12.20	5229834	4	0	0	0	0	0	0	0	0	0
12.30	5191017	4	0	0	0	0	0	0	0	0	0
12.40	5152136	4	0	0	0	0	0	0	0	0	0
12.50	5113191	4	0	0	0	0	0	0	0	0	0
12.60	5074183	4	0	0	0	0	0	0	0	0	0
12.70	5035109	4	0	0	0	0	0	0	0	0	0
12.80	4995969	4	0	0	0	0	0	0	0	0	0
12.90	4956763	4	0	0	0	0	0	0	0	0	0
13.00	4917489	4	0	0	0	0	0	0	0	0	0
13.10	4878147	4	0	0	0	0	0	0	0	0	0
13.20	4838737	4	0	0	0	0	0	0	0	0	0
13.30	4799256	4	0	0	0	0	0	0	0	0	0
13.40	4759706	4	0	0	0	0	0	0	0	0	0
13.50	4720083	4	0	0	0	0	0	0	0	0	0
13.60	4680389	4	0	0	0	0	0	0	0	0	0
13.70	4640622	4	0	0	0	0	0	0	0	0	0
13.80	4600780	4	0	0	0	0	0	0	0	0	0
13.90	4560864	4	0	0	0	0	0	0	0	0	0
14.00	4520872	4	0	0	0	0	0	0	0	0	0
14.10	4480803	4	0	0	0	0	0	0	0	0	0
14.20	4440656	4	0	0	0	0	0	0	0	0	0
14.30	4400431	4	0	0	0	0	0	0	0	0	0
14.40	4360125	4	0	0	0	0	0	0	0	0	0
14.50	4319739	4	0	0	0	0	0	0	0	0	0
14.60	4279271	4	0	0	0	0	0	0	0	0	0
14.70	4238719	4	0	0	0	0	0	0	0	0	0
14.80	4198084	4	0	0	0	0	0	0	0	0	0
14.90	4157363	4	0	0	0	0	0	0	0	0	0
15.00	4116555	4	0	0	0	0	0	0	0	0	0
15.10	4075659	4	0	0	0	0	0	0	0	0	0
15.20	4034675	4	0	0	0	0	0	0	0	0	0
15.30	3993600	4	0	0	0	0	0	0	0	0	0
15.40	3952433	4	0	0	0	0	0	0	0	0	0
15.50	3911173	4	0	0	0	0	0	0	0	0	0
15.60	3869819	4	0	0	0	0	0	0	0	0	0
15.70	3828368	4	0	0	0	0	0	0	0	0	0
15.80	3786820	4	0	0	0	0	0	0	0	0	0
15.90	3745173	4	0	0	0	0	0	0	0	0	0
16.00	3703426	4	0	0	0	0	0	0	0	0	0
16.10	3661576	4	0	0	0	0	0	0	0	0	0
16.20	3619622	4	0	0	0	0	0	0	0	0	0
16.30	3577563	4	0	0	0	0	0	0	0	0	0
16.40	3535396	4	0	0	0	0	0	0	0	0	0
16.50	3493120	4	0	0	0	0	0	0	0	0	0
16.60	3450733	4	0	0	0	0	0	0	0	0	0
16.70	3408233	4	0	0	0	0	0	0	0	0	0
16.80	3365618	4	0	0	0	0	0	0	0	0	0
16.90	3322885	4	0	0	0	0	0	0	0	0	0
17.00	3280033	4	0	0	0	0	0	0	0	0	0
17.10	3237059	4	0	0	0	0	0	0	0	0	0
17.20	3193961	4	0	0	0	0	0	0	0	0	0
17.30	3150737	4	0	0	0	0	0	0	0	0	0
17.40	3107384	4	0	0	0	0	0	0	0	0	0
17.50	3063900	4	0	0	0	0	0	0	0	0	0
17.60	3020281	4	0	0	0	0	0	0	0	0	0
17.70	2976525	4	0	0	0	0	0	0	0	0	0
17.80	2932630	4	0	0	0	0	0	0	0	0	0
17.90	2888592	4	0	0	0	0	0	0	0	0	0
18.00	2844407	4	0	0	0	0	0	0	0	0	0
18.10	2800074	4	0	0	0	0	0	0	0	0	0
18.20	2755588	4	0	0	0	0	0	0	0	0	0
18.30	2710946	4	0	0	0	0	0	0	0	0	0
18.40	2666143	4	0	0	0	0	0	0	0	0	0
18.50	2621177	4	0	0	0	0	0	0	0	0	0
18.60	2576044	4	0	0	0	0	0	0	0	0	0
18.70	2530738	4	0	0	0	0	0	0	0	0	0
18.80	2485256	4	0	0	0	0	0	0	0	0	0
18.90	2439593	4	0	0	0	0	0	0	0	0	0
19.00	2393743	4	0	0	0	0	0	0	0	0	0
19.10	2347703	4	0	0	0	0	0	0	0	0	0
19.20	2301466	4	0	0	0	0	0	0	0	0	0
19.30	2255027	4	0	0	0	0	0	0	0	0	0
19.40	2208380	4	0	0	0	0	0	0	0	0	0
19.50	2161518	4	0	0	0	0	0	0	0	0	0
19.60	2114435	4	0	0	0	0	0	0	0	0	0
19.70	2067124	4	0	0	0	0	0	0	0	0	0
19.80	2019577	4	0	0	0	0	0	0	0	0	0
19.90	1971786	4	0	0	0	0	0	0	0	0	0
20.00	1923743	4	0	0	0	0	0	0	0	0	0
20.10	1875438	4	0	0	0	0	0	0	0	0	0
20.20	1826862	4	0	0	0	0	0	0	0	0	0
20.30	1778005	4	0	0	0	0	0	0	0	0	0
20.40	1728855	4	0	0	0	0	0	0	0	0	0
20.50	1679400	4	0	0	0	0	0	0	0	0	0
20.60	1629627	4	0	0	0	0	0	0	0	0	0
20.70	1579523	4	0	0	0	0	0	0	0	0	0
20.80	1529072	4	0	0	0	0	0	0	0	0	0
20.90	1478258	4	0	0	0	0	0	0	0	0	0
21.00	1427062	4	0	0	0	0	0	0	0	0	0
21.10	1375465	4	0	0	0	0	0	0	0	0	0
21.20	1323444	4	0	0	0	0	0	0	0	0	0
21.30	1270977	4	0	0	0	0	0	0	0	0	0
21.40	1218036	4	0	0	0	0	0	0	0	0	0
21.50	1164592	4	0	0	0	0	0	0	0	0	0
21.60	1110610	4	0	0	0	0	0	0	0	0	0
21.70	1056054	4	0	0	0	0	0	0	0	0	0
21.80	1000879	4	0	0	0	0	0	0	0	0	0
21.90	945037	4	0	0	0	0	0	0	0	0	0
22.00	888471	4	0	0	0	0	0	0	0	0	0
22.10	831112	4	0	0	0	0	0	0	0	0	0
22.20	772881	4	0	0	0	0	0	0	0	0	0
22.30	713683	4	0	0	0	0	0	0	0	0	0
22.40	653399	4	0	0	0	0	0	0	0	0	0
22.50	591883	4	0	0	0	0	0	0	0	0	0
22.60	528946	4	0	0	0	0	0	0	0	0	0
22.70	464338	4	0	0	0	0	0	0	0	0	0
22.80	397712	4	0	0	0	0	0	0	0	0	0
22.90	328558	4	0	0	0	0	0	0	0	0	0
23.00	256064	4	0	0	0	0	0	0	0	0	0
23.10	178729	4	0	0	0	0	0	0	0	0	0
23.20	92925	4	0	0	0	0	0	0	0	0	0
23.28	0	4	0	0	0	0	0	0	0	0	0