-999	"MyLake init"
Z (m)	Az (m2)	Tz (deg C)	Cz	Sz (kg/m3)	TPz (mg/m3)	DOPz (mg/m3)	Chlaz (mg/m3)	DOCz (mg/m3)	TPz_sed (mg/m3)	Chlaz_sed (mg/m3)	"Fvol_IM (m3/m3	 dry w.)"	Hice (m)	Hsnow (m)
0.00	43869890	4	0	0	0	0	0	0	0	0	0	0	0
0.10	43719802	4	0	0	0	0	0	0	0	0	0
0.20	43569848	4	0	0	0	0	0	0	0	0	0
0.30	43420029	4	0	0	0	0	0	0	0	0	0
0.40	43270345	4	0	0	0	0	0	0	0	0	0
0.50	43120796	4	0	0	0	0	0	0	0	0	0
0.60	42971382	4	0	0	0	0	0	0	0	0	0
0.70	42822105	4	0	0	0	0	0	0	0	0	0
0.80	42672963	4	0	0	0	0	0	0	0	0	0
0.90	42523958	4	0	0	0	0	0	0	0	0	0
1.00	42375089	4	0	0	0	0	0	0	0	0	0
1.10	42226357	4	0	0	0	0	0	0	0	0	0
1.20	42077761	4	0	0	0	0	0	0	0	0	0
1.30	41929303	4	0	0	0	0	0	0	0	0	0
1.40	41780982	4	0	0	0	0	0	0	0	0	0
1.50	41632799	4	0	0	0	0	0	0	0	0	0
1.60	41484753	4	0	0	0	0	0	0	0	0	0
1.70	41336846	4	0	0	0	0	0	0	0	0	0
1.80	41189077	4	0	0	0	0	0	0	0	0	0
1.90	41041446	4	0	0	0	0	0	0	0	0	0
2.00	40893954	4	0	0	0	0	0	0	0	0	0
2.10	40746601	4	0	0	0	0	0	0	0	0	0
2.20	40599387	4	0	0	0	0	0	0	0	0	0
2.30	40452313	4	0	0	0	0	0	0	0	0	0
2.40	40305379	4	0	0	0	0	0	0	0	0	0
2.50	40158584	4	0	0	0	0	0	0	0	0	0
2.60	40011930	4	0	0	0	0	0	0	0	0	0
2.70	39865416	4	0	0	0	0	0	0	0	0	0
2.80	39719042	4	0	0	0	0	0	0	0	0	0
2.90	39572810	4	0	0	0	0	0	0	0	0	0
3.00	39426719	4	0	0	0	0	0	0	0	0	0
3.10	39280769	4	0	0	0	0	0	0	0	0	0
3.20	39134961	4	0	0	0	0	0	0	0	0	0
3.30	38989295	4	0	0	0	0	0	0	0	0	0
3.40	38843771	4	0	0	0	0	0	0	0	0	0
3.50	38698390	4	0	0	0	0	0	0	0	0	0
3.60	38553151	4	0	0	0	0	0	0	0	0	0
3.70	38408056	4	0	0	0	0	0	0	0	0	0
3.80	38263103	4	0	0	0	0	0	0	0	0	0
3.90	38118294	4	0	0	0	0	0	0	0	0	0
4.00	37973629	4	0	0	0	0	0	0	0	0	0
4.10	37829107	4	0	0	0	0	0	0	0	0	0
4.20	37684730	4	0	0	0	0	0	0	0	0	0
4.30	37540498	4	0	0	0	0	0	0	0	0	0
4.40	37396410	4	0	0	0	0	0	0	0	0	0
4.50	37252467	4	0	0	0	0	0	0	0	0	0
4.60	37108669	4	0	0	0	0	0	0	0	0	0
4.70	36965018	4	0	0	0	0	0	0	0	0	0
4.80	36821512	4	0	0	0	0	0	0	0	0	0
4.90	36678152	4	0	0	0	0	0	0	0	0	0
5.00	36534938	4	0	0	0	0	0	0	0	0	0
5.10	36391871	4	0	0	0	0	0	0	0	0	0
5.20	36248952	4	0	0	0	0	0	0	0	0	0
5.30	36106179	4	0	0	0	0	0	0	0	0	0
5.40	35963554	4	0	0	0	0	0	0	0	0	0
5.50	35821076	4	0	0	0	0	0	0	0	0	0
5.60	35678747	4	0	0	0	0	0	0	0	0	0
5.70	35536566	4	0	0	0	0	0	0	0	0	0
5.80	35394534	4	0	0	0	0	0	0	0	0	0
5.90	35252650	4	0	0	0	0	0	0	0	0	0
6.00	35110916	4	0	0	0	0	0	0	0	0	0
6.10	34969331	4	0	0	0	0	0	0	0	0	0
6.20	34827896	4	0	0	0	0	0	0	0	0	0
6.30	34686611	4	0	0	0	0	0	0	0	0	0
6.40	34545476	4	0	0	0	0	0	0	0	0	0
6.50	34404492	4	0	0	0	0	0	0	0	0	0
6.60	34263659	4	0	0	0	0	0	0	0	0	0
6.70	34122977	4	0	0	0	0	0	0	0	0	0
6.80	33982447	4	0	0	0	0	0	0	0	0	0
6.90	33842069	4	0	0	0	0	0	0	0	0	0
7.00	33701842	4	0	0	0	0	0	0	0	0	0
7.10	33561768	4	0	0	0	0	0	0	0	0	0
7.20	33421847	4	0	0	0	0	0	0	0	0	0
7.30	33282079	4	0	0	0	0	0	0	0	0	0
7.40	33142464	4	0	0	0	0	0	0	0	0	0
7.50	33003003	4	0	0	0	0	0	0	0	0	0
7.60	32863696	4	0	0	0	0	0	0	0	0	0
7.70	32724543	4	0	0	0	0	0	0	0	0	0
7.80	32585544	4	0	0	0	0	0	0	0	0	0
7.90	32446701	4	0	0	0	0	0	0	0	0	0
8.00	32308012	4	0	0	0	0	0	0	0	0	0
8.10	32169480	4	0	0	0	0	0	0	0	0	0
8.20	32031103	4	0	0	0	0	0	0	0	0	0
8.30	31892882	4	0	0	0	0	0	0	0	0	0
8.40	31754818	4	0	0	0	0	0	0	0	0	0
8.50	31616910	4	0	0	0	0	0	0	0	0	0
8.60	31479160	4	0	0	0	0	0	0	0	0	0
8.70	31341567	4	0	0	0	0	0	0	0	0	0
8.80	31204132	4	0	0	0	0	0	0	0	0	0
8.90	31066855	4	0	0	0	0	0	0	0	0	0
9.00	30929737	4	0	0	0	0	0	0	0	0	0
9.10	30792777	4	0	0	0	0	0	0	0	0	0
9.20	30655977	4	0	0	0	0	0	0	0	0	0
9.30	30519335	4	0	0	0	0	0	0	0	0	0
9.40	30382854	4	0	0	0	0	0	0	0	0	0
9.50	30246533	4	0	0	0	0	0	0	0	0	0
9.60	30110372	4	0	0	0	0	0	0	0	0	0
9.70	29974373	4	0	0	0	0	0	0	0	0	0
9.80	29838534	4	0	0	0	0	0	0	0	0	0
9.90	29702857	4	0	0	0	0	0	0	0	0	0
10.00	29567342	4	0	0	0	0	0	0	0	0	0
10.10	29431989	4	0	0	0	0	0	0	0	0	0
10.20	29296799	4	0	0	0	0	0	0	0	0	0
10.30	29161771	4	0	0	0	0	0	0	0	0	0
10.40	29026907	4	0	0	0	0	0	0	0	0	0
10.50	28892207	4	0	0	0	0	0	0	0	0	0
10.60	28757671	4	0	0	0	0	0	0	0	0	0
10.70	28623299	4	0	0	0	0	0	0	0	0	0
10.80	28489092	4	0	0	0	0	0	0	0	0	0
10.90	28355050	4	0	0	0	0	0	0	0	0	0
11.00	28221173	4	0	0	0	0	0	0	0	0	0
11.10	28087462	4	0	0	0	0	0	0	0	0	0
11.20	27953918	4	0	0	0	0	0	0	0	0	0
11.30	27820540	4	0	0	0	0	0	0	0	0	0
11.40	27687330	4	0	0	0	0	0	0	0	0	0
11.50	27554287	4	0	0	0	0	0	0	0	0	0
11.60	27421411	4	0	0	0	0	0	0	0	0	0
11.70	27288704	4	0	0	0	0	0	0	0	0	0
11.80	27156165	4	0	0	0	0	0	0	0	0	0
11.90	27023795	4	0	0	0	0	0	0	0	0	0
12.00	26891595	4	0	0	0	0	0	0	0	0	0
12.10	26759564	4	0	0	0	0	0	0	0	0	0
12.20	26627704	4	0	0	0	0	0	0	0	0	0
12.30	26496014	4	0	0	0	0	0	0	0	0	0
12.40	26364495	4	0	0	0	0	0	0	0	0	0
12.50	26233147	4	0	0	0	0	0	0	0	0	0
12.60	26101971	4	0	0	0	0	0	0	0	0	0
12.70	25970968	4	0	0	0	0	0	0	0	0	0
12.80	25840137	4	0	0	0	0	0	0	0	0	0
12.90	25709479	4	0	0	0	0	0	0	0	0	0
13.00	25578994	4	0	0	0	0	0	0	0	0	0
13.10	25448683	4	0	0	0	0	0	0	0	0	0
13.20	25318547	4	0	0	0	0	0	0	0	0	0
13.30	25188585	4	0	0	0	0	0	0	0	0	0
13.40	25058798	4	0	0	0	0	0	0	0	0	0
13.50	24929187	4	0	0	0	0	0	0	0	0	0
13.60	24799752	4	0	0	0	0	0	0	0	0	0
13.70	24670493	4	0	0	0	0	0	0	0	0	0
13.80	24541411	4	0	0	0	0	0	0	0	0	0
13.90	24412507	4	0	0	0	0	0	0	0	0	0
14.00	24283780	4	0	0	0	0	0	0	0	0	0
14.10	24155232	4	0	0	0	0	0	0	0	0	0
14.20	24026862	4	0	0	0	0	0	0	0	0	0
14.30	23898671	4	0	0	0	0	0	0	0	0	0
14.40	23770660	4	0	0	0	0	0	0	0	0	0
14.50	23642829	4	0	0	0	0	0	0	0	0	0
14.60	23515178	4	0	0	0	0	0	0	0	0	0
14.70	23387709	4	0	0	0	0	0	0	0	0	0
14.80	23260421	4	0	0	0	0	0	0	0	0	0
14.90	23133314	4	0	0	0	0	0	0	0	0	0
15.00	23006390	4	0	0	0	0	0	0	0	0	0
15.10	22879649	4	0	0	0	0	0	0	0	0	0
15.20	22753092	4	0	0	0	0	0	0	0	0	0
15.30	22626718	4	0	0	0	0	0	0	0	0	0
15.40	22500528	4	0	0	0	0	0	0	0	0	0
15.50	22374524	4	0	0	0	0	0	0	0	0	0
15.60	22248704	4	0	0	0	0	0	0	0	0	0
15.70	22123071	4	0	0	0	0	0	0	0	0	0
15.80	21997624	4	0	0	0	0	0	0	0	0	0
15.90	21872363	4	0	0	0	0	0	0	0	0	0
16.00	21747290	4	0	0	0	0	0	0	0	0	0
16.10	21622405	4	0	0	0	0	0	0	0	0	0
16.20	21497708	4	0	0	0	0	0	0	0	0	0
16.30	21373200	4	0	0	0	0	0	0	0	0	0
16.40	21248881	4	0	0	0	0	0	0	0	0	0
16.50	21124753	4	0	0	0	0	0	0	0	0	0
16.60	21000814	4	0	0	0	0	0	0	0	0	0
16.70	20877067	4	0	0	0	0	0	0	0	0	0
16.80	20753511	4	0	0	0	0	0	0	0	0	0
16.90	20630148	4	0	0	0	0	0	0	0	0	0
17.00	20506977	4	0	0	0	0	0	0	0	0	0
17.10	20383999	4	0	0	0	0	0	0	0	0	0
17.20	20261215	4	0	0	0	0	0	0	0	0	0
17.30	20138625	4	0	0	0	0	0	0	0	0	0
17.40	20016230	4	0	0	0	0	0	0	0	0	0
17.50	19894031	4	0	0	0	0	0	0	0	0	0
17.60	19772027	4	0	0	0	0	0	0	0	0	0
17.70	19650220	4	0	0	0	0	0	0	0	0	0
17.80	19528610	4	0	0	0	0	0	0	0	0	0
17.90	19407198	4	0	0	0	0	0	0	0	0	0
18.00	19285985	4	0	0	0	0	0	0	0	0	0
18.10	19164970	4	0	0	0	0	0	0	0	0	0
18.20	19044155	4	0	0	0	0	0	0	0	0	0
18.30	18923539	4	0	0	0	0	0	0	0	0	0
18.40	18803125	4	0	0	0	0	0	0	0	0	0
18.50	18682912	4	0	0	0	0	0	0	0	0	0
18.60	18562901	4	0	0	0	0	0	0	0	0	0
18.70	18443092	4	0	0	0	0	0	0	0	0	0
18.80	18323487	4	0	0	0	0	0	0	0	0	0
18.90	18204085	4	0	0	0	0	0	0	0	0	0
19.00	18084888	4	0	0	0	0	0	0	0	0	0
19.10	17965896	4	0	0	0	0	0	0	0	0	0
19.20	17847110	4	0	0	0	0	0	0	0	0	0
19.30	17728530	4	0	0	0	0	0	0	0	0	0
19.40	17610157	4	0	0	0	0	0	0	0	0	0
19.50	17491992	4	0	0	0	0	0	0	0	0	0
19.60	17374036	4	0	0	0	0	0	0	0	0	0
19.70	17256288	4	0	0	0	0	0	0	0	0	0
19.80	17138751	4	0	0	0	0	0	0	0	0	0
19.90	17021423	4	0	0	0	0	0	0	0	0	0
20.00	16904307	4	0	0	0	0	0	0	0	0	0
20.10	16787403	4	0	0	0	0	0	0	0	0	0
20.20	16670711	4	0	0	0	0	0	0	0	0	0
20.30	16554232	4	0	0	0	0	0	0	0	0	0
20.40	16437967	4	0	0	0	0	0	0	0	0	0
20.50	16321917	4	0	0	0	0	0	0	0	0	0
20.60	16206083	4	0	0	0	0	0	0	0	0	0
20.70	16090464	4	0	0	0	0	0	0	0	0	0
20.80	15975063	4	0	0	0	0	0	0	0	0	0
20.90	15859879	4	0	0	0	0	0	0	0	0	0
21.00	15744913	4	0	0	0	0	0	0	0	0	0
21.10	15630167	4	0	0	0	0	0	0	0	0	0
21.20	15515640	4	0	0	0	0	0	0	0	0	0
21.30	15401334	4	0	0	0	0	0	0	0	0	0
21.40	15287250	4	0	0	0	0	0	0	0	0	0
21.50	15173387	4	0	0	0	0	0	0	0	0	0
21.60	15059748	4	0	0	0	0	0	0	0	0	0
21.70	14946333	4	0	0	0	0	0	0	0	0	0
21.80	14833142	4	0	0	0	0	0	0	0	0	0
21.90	14720176	4	0	0	0	0	0	0	0	0	0
22.00	14607437	4	0	0	0	0	0	0	0	0	0
22.10	14494925	4	0	0	0	0	0	0	0	0	0
22.20	14382641	4	0	0	0	0	0	0	0	0	0
22.30	14270586	4	0	0	0	0	0	0	0	0	0
22.40	14158760	4	0	0	0	0	0	0	0	0	0
22.50	14047165	4	0	0	0	0	0	0	0	0	0
22.60	13935802	4	0	0	0	0	0	0	0	0	0
22.70	13824670	4	0	0	0	0	0	0	0	0	0
22.80	13713772	4	0	0	0	0	0	0	0	0	0
22.90	13603108	4	0	0	0	0	0	0	0	0	0
23.00	13492678	4	0	0	0	0	0	0	0	0	0
23.10	13382485	4	0	0	0	0	0	0	0	0	0
23.20	13272528	4	0	0	0	0	0	0	0	0	0
23.30	13162809	4	0	0	0	0	0	0	0	0	0
23.40	13053329	4	0	0	0	0	0	0	0	0	0
23.50	12944088	4	0	0	0	0	0	0	0	0	0
23.60	12835088	4	0	0	0	0	0	0	0	0	0
23.70	12726330	4	0	0	0	0	0	0	0	0	0
23.80	12617814	4	0	0	0	0	0	0	0	0	0
23.90	12509542	4	0	0	0	0	0	0	0	0	0
24.00	12401514	4	0	0	0	0	0	0	0	0	0
24.10	12293731	4	0	0	0	0	0	0	0	0	0
24.20	12186196	4	0	0	0	0	0	0	0	0	0
24.30	12078907	4	0	0	0	0	0	0	0	0	0
24.40	11971868	4	0	0	0	0	0	0	0	0	0
24.50	11865078	4	0	0	0	0	0	0	0	0	0
24.60	11758539	4	0	0	0	0	0	0	0	0	0
24.70	11652252	4	0	0	0	0	0	0	0	0	0
24.80	11546218	4	0	0	0	0	0	0	0	0	0
24.90	11440438	4	0	0	0	0	0	0	0	0	0
25.00	11334913	4	0	0	0	0	0	0	0	0	0
25.10	11229644	4	0	0	0	0	0	0	0	0	0
25.20	11124633	4	0	0	0	0	0	0	0	0	0
25.30	11019880	4	0	0	0	0	0	0	0	0	0
25.40	10915387	4	0	0	0	0	0	0	0	0	0
25.50	10811155	4	0	0	0	0	0	0	0	0	0
25.60	10707186	4	0	0	0	0	0	0	0	0	0
25.70	10603479	4	0	0	0	0	0	0	0	0	0
25.80	10500038	4	0	0	0	0	0	0	0	0	0
25.90	10396862	4	0	0	0	0	0	0	0	0	0
26.00	10293953	4	0	0	0	0	0	0	0	0	0
26.10	10191312	4	0	0	0	0	0	0	0	0	0
26.20	10088942	4	0	0	0	0	0	0	0	0	0
26.30	9986842	4	0	0	0	0	0	0	0	0	0
26.40	9885014	4	0	0	0	0	0	0	0	0	0
26.50	9783460	4	0	0	0	0	0	0	0	0	0
26.60	9682181	4	0	0	0	0	0	0	0	0	0
26.70	9581178	4	0	0	0	0	0	0	0	0	0
26.80	9480453	4	0	0	0	0	0	0	0	0	0
26.90	9380007	4	0	0	0	0	0	0	0	0	0
27.00	9279842	4	0	0	0	0	0	0	0	0	0
27.10	9179958	4	0	0	0	0	0	0	0	0	0
27.20	9080358	4	0	0	0	0	0	0	0	0	0
27.30	8981043	4	0	0	0	0	0	0	0	0	0
27.40	8882015	4	0	0	0	0	0	0	0	0	0
27.50	8783274	4	0	0	0	0	0	0	0	0	0
27.60	8684823	4	0	0	0	0	0	0	0	0	0
27.70	8586662	4	0	0	0	0	0	0	0	0	0
27.80	8488795	4	0	0	0	0	0	0	0	0	0
27.90	8391221	4	0	0	0	0	0	0	0	0	0
28.00	8293943	4	0	0	0	0	0	0	0	0	0
28.10	8196963	4	0	0	0	0	0	0	0	0	0
28.20	8100282	4	0	0	0	0	0	0	0	0	0
28.30	8003902	4	0	0	0	0	0	0	0	0	0
28.40	7907824	4	0	0	0	0	0	0	0	0	0
28.50	7812051	4	0	0	0	0	0	0	0	0	0
28.60	7716584	4	0	0	0	0	0	0	0	0	0
28.70	7621425	4	0	0	0	0	0	0	0	0	0
28.80	7526575	4	0	0	0	0	0	0	0	0	0
28.90	7432037	4	0	0	0	0	0	0	0	0	0
29.00	7337813	4	0	0	0	0	0	0	0	0	0
29.10	7243904	4	0	0	0	0	0	0	0	0	0
29.20	7150312	4	0	0	0	0	0	0	0	0	0
29.30	7057039	4	0	0	0	0	0	0	0	0	0
29.40	6964088	4	0	0	0	0	0	0	0	0	0
29.50	6871460	4	0	0	0	0	0	0	0	0	0
29.60	6779158	4	0	0	0	0	0	0	0	0	0
29.70	6687183	4	0	0	0	0	0	0	0	0	0
29.80	6595538	4	0	0	0	0	0	0	0	0	0
29.90	6504224	4	0	0	0	0	0	0	0	0	0
30.00	6413245	4	0	0	0	0	0	0	0	0	0
30.10	6322602	4	0	0	0	0	0	0	0	0	0
30.20	6232298	4	0	0	0	0	0	0	0	0	0
30.30	6142334	4	0	0	0	0	0	0	0	0	0
30.40	6052714	4	0	0	0	0	0	0	0	0	0
30.50	5963439	4	0	0	0	0	0	0	0	0	0
30.60	5874513	4	0	0	0	0	0	0	0	0	0
30.70	5785937	4	0	0	0	0	0	0	0	0	0
30.80	5697715	4	0	0	0	0	0	0	0	0	0
30.90	5609848	4	0	0	0	0	0	0	0	0	0
31.00	5522340	4	0	0	0	0	0	0	0	0	0
31.10	5435193	4	0	0	0	0	0	0	0	0	0
31.20	5348410	4	0	0	0	0	0	0	0	0	0
31.30	5261994	4	0	0	0	0	0	0	0	0	0
31.40	5175947	4	0	0	0	0	0	0	0	0	0
31.50	5090273	4	0	0	0	0	0	0	0	0	0
31.60	5004974	4	0	0	0	0	0	0	0	0	0
31.70	4920054	4	0	0	0	0	0	0	0	0	0
31.80	4835515	4	0	0	0	0	0	0	0	0	0
31.90	4751361	4	0	0	0	0	0	0	0	0	0
32.00	4667595	4	0	0	0	0	0	0	0	0	0
32.10	4584221	4	0	0	0	0	0	0	0	0	0
32.20	4501241	4	0	0	0	0	0	0	0	0	0
32.30	4418660	4	0	0	0	0	0	0	0	0	0
32.40	4336480	4	0	0	0	0	0	0	0	0	0
32.50	4254705	4	0	0	0	0	0	0	0	0	0
32.60	4173340	4	0	0	0	0	0	0	0	0	0
32.70	4092387	4	0	0	0	0	0	0	0	0	0
32.80	4011851	4	0	0	0	0	0	0	0	0	0
32.90	3931735	4	0	0	0	0	0	0	0	0	0
33.00	3852044	4	0	0	0	0	0	0	0	0	0
33.10	3772782	4	0	0	0	0	0	0	0	0	0
33.20	3693954	4	0	0	0	0	0	0	0	0	0
33.30	3615562	4	0	0	0	0	0	0	0	0	0
33.40	3537613	4	0	0	0	0	0	0	0	0	0
33.50	3460110	4	0	0	0	0	0	0	0	0	0
33.60	3383059	4	0	0	0	0	0	0	0	0	0
33.70	3306464	4	0	0	0	0	0	0	0	0	0
33.80	3230331	4	0	0	0	0	0	0	0	0	0
33.90	3154663	4	0	0	0	0	0	0	0	0	0
34.00	3079468	4	0	0	0	0	0	0	0	0	0
34.10	3004749	4	0	0	0	0	0	0	0	0	0
34.20	2930514	4	0	0	0	0	0	0	0	0	0
34.30	2856767	4	0	0	0	0	0	0	0	0	0
34.40	2783515	4	0	0	0	0	0	0	0	0	0
34.50	2710763	4	0	0	0	0	0	0	0	0	0
34.60	2638519	4	0	0	0	0	0	0	0	0	0
34.70	2566788	4	0	0	0	0	0	0	0	0	0
34.80	2495578	4	0	0	0	0	0	0	0	0	0
34.90	2424895	4	0	0	0	0	0	0	0	0	0
35.00	2354747	4	0	0	0	0	0	0	0	0	0
35.10	2285142	4	0	0	0	0	0	0	0	0	0
35.20	2216086	4	0	0	0	0	0	0	0	0	0
35.30	2147589	4	0	0	0	0	0	0	0	0	0
35.40	2079659	4	0	0	0	0	0	0	0	0	0
35.50	2012304	4	0	0	0	0	0	0	0	0	0
35.60	1945533	4	0	0	0	0	0	0	0	0	0
35.70	1879357	4	0	0	0	0	0	0	0	0	0
35.80	1813785	4	0	0	0	0	0	0	0	0	0
35.90	1748827	4	0	0	0	0	0	0	0	0	0
36.00	1684493	4	0	0	0	0	0	0	0	0	0
36.10	1620797	4	0	0	0	0	0	0	0	0	0
36.20	1557748	4	0	0	0	0	0	0	0	0	0
36.30	1495360	4	0	0	0	0	0	0	0	0	0
36.40	1433645	4	0	0	0	0	0	0	0	0	0
36.50	1372618	4	0	0	0	0	0	0	0	0	0
36.60	1312292	4	0	0	0	0	0	0	0	0	0
36.70	1252683	4	0	0	0	0	0	0	0	0	0
36.80	1193807	4	0	0	0	0	0	0	0	0	0
36.90	1135680	4	0	0	0	0	0	0	0	0	0
37.00	1078322	4	0	0	0	0	0	0	0	0	0
37.10	1021751	4	0	0	0	0	0	0	0	0	0
37.20	965988	4	0	0	0	0	0	0	0	0	0
37.30	911054	4	0	0	0	0	0	0	0	0	0
37.40	856974	4	0	0	0	0	0	0	0	0	0
37.50	803772	4	0	0	0	0	0	0	0	0	0
37.60	751475	4	0	0	0	0	0	0	0	0	0
37.70	700114	4	0	0	0	0	0	0	0	0	0
37.80	649720	4	0	0	0	0	0	0	0	0	0
37.90	600329	4	0	0	0	0	0	0	0	0	0
38.00	551979	4	0	0	0	0	0	0	0	0	0
38.10	504713	4	0	0	0	0	0	0	0	0	0
38.20	458577	4	0	0	0	0	0	0	0	0	0
38.30	413626	4	0	0	0	0	0	0	0	0	0
38.40	369918	4	0	0	0	0	0	0	0	0	0
38.50	327523	4	0	0	0	0	0	0	0	0	0
38.60	286518	4	0	0	0	0	0	0	0	0	0
38.70	246995	4	0	0	0	0	0	0	0	0	0
38.80	209064	4	0	0	0	0	0	0	0	0	0
38.90	172857	4	0	0	0	0	0	0	0	0	0
39.00	138538	4	0	0	0	0	0	0	0	0	0
39.10	106319	4	0	0	0	0	0	0	0	0	0
39.20	76487	4	0	0	0	0	0	0	0	0	0
39.30	49455	4	0	0	0	0	0	0	0	0	0
39.40	25892	4	0	0	0	0	0	0	0	0	0
39.50	7167	4	0	0	0	0	0	0	0	0	0
39.56	0	4	0	0	0	0	0	0	0	0	0