-999	"MyLake init"
Z (m)	Az (m2)	Tz (deg C)	Cz	Sz (kg/m3)	TPz (mg/m3)	DOPz (mg/m3)	Chlaz (mg/m3)	DOCz (mg/m3)	TPz_sed (mg/m3)	Chlaz_sed (mg/m3)	"Fvol_IM (m3/m3	 dry w.)"	Hice (m)	Hsnow (m)
0.00	10039417	4	0	0	0	0	0	0	0	0	0	0	0
0.10	10003150	4	0	0	0	0	0	0	0	0	0
0.20	9966865	4	0	0	0	0	0	0	0	0	0
0.30	9930562	4	0	0	0	0	0	0	0	0	0
0.40	9894239	4	0	0	0	0	0	0	0	0	0
0.50	9857897	4	0	0	0	0	0	0	0	0	0
0.60	9821536	4	0	0	0	0	0	0	0	0	0
0.70	9785156	4	0	0	0	0	0	0	0	0	0
0.80	9748756	4	0	0	0	0	0	0	0	0	0
0.90	9712337	4	0	0	0	0	0	0	0	0	0
1.00	9675898	4	0	0	0	0	0	0	0	0	0
1.10	9639440	4	0	0	0	0	0	0	0	0	0
1.20	9602962	4	0	0	0	0	0	0	0	0	0
1.30	9566465	4	0	0	0	0	0	0	0	0	0
1.40	9529947	4	0	0	0	0	0	0	0	0	0
1.50	9493409	4	0	0	0	0	0	0	0	0	0
1.60	9456852	4	0	0	0	0	0	0	0	0	0
1.70	9420274	4	0	0	0	0	0	0	0	0	0
1.80	9383675	4	0	0	0	0	0	0	0	0	0
1.90	9347057	4	0	0	0	0	0	0	0	0	0
2.00	9310418	4	0	0	0	0	0	0	0	0	0
2.10	9273758	4	0	0	0	0	0	0	0	0	0
2.20	9237077	4	0	0	0	0	0	0	0	0	0
2.30	9200376	4	0	0	0	0	0	0	0	0	0
2.40	9163654	4	0	0	0	0	0	0	0	0	0
2.50	9126910	4	0	0	0	0	0	0	0	0	0
2.60	9090146	4	0	0	0	0	0	0	0	0	0
2.70	9053360	4	0	0	0	0	0	0	0	0	0
2.80	9016553	4	0	0	0	0	0	0	0	0	0
2.90	8979725	4	0	0	0	0	0	0	0	0	0
3.00	8942874	4	0	0	0	0	0	0	0	0	0
3.10	8906002	4	0	0	0	0	0	0	0	0	0
3.20	8869109	4	0	0	0	0	0	0	0	0	0
3.30	8832193	4	0	0	0	0	0	0	0	0	0
3.40	8795255	4	0	0	0	0	0	0	0	0	0
3.50	8758296	4	0	0	0	0	0	0	0	0	0
3.60	8721313	4	0	0	0	0	0	0	0	0	0
3.70	8684309	4	0	0	0	0	0	0	0	0	0
3.80	8647282	4	0	0	0	0	0	0	0	0	0
3.90	8610232	4	0	0	0	0	0	0	0	0	0
4.00	8573159	4	0	0	0	0	0	0	0	0	0
4.10	8536064	4	0	0	0	0	0	0	0	0	0
4.20	8498945	4	0	0	0	0	0	0	0	0	0
4.30	8461803	4	0	0	0	0	0	0	0	0	0
4.40	8424638	4	0	0	0	0	0	0	0	0	0
4.50	8387449	4	0	0	0	0	0	0	0	0	0
4.60	8350237	4	0	0	0	0	0	0	0	0	0
4.70	8313002	4	0	0	0	0	0	0	0	0	0
4.80	8275742	4	0	0	0	0	0	0	0	0	0
4.90	8238458	4	0	0	0	0	0	0	0	0	0
5.00	8201150	4	0	0	0	0	0	0	0	0	0
5.10	8163818	4	0	0	0	0	0	0	0	0	0
5.20	8126462	4	0	0	0	0	0	0	0	0	0
5.30	8089081	4	0	0	0	0	0	0	0	0	0
5.40	8051675	4	0	0	0	0	0	0	0	0	0
5.50	8014245	4	0	0	0	0	0	0	0	0	0
5.60	7976789	4	0	0	0	0	0	0	0	0	0
5.70	7939308	4	0	0	0	0	0	0	0	0	0
5.80	7901802	4	0	0	0	0	0	0	0	0	0
5.90	7864271	4	0	0	0	0	0	0	0	0	0
6.00	7826714	4	0	0	0	0	0	0	0	0	0
6.10	7789131	4	0	0	0	0	0	0	0	0	0
6.20	7751522	4	0	0	0	0	0	0	0	0	0
6.30	7713887	4	0	0	0	0	0	0	0	0	0
6.40	7676226	4	0	0	0	0	0	0	0	0	0
6.50	7638538	4	0	0	0	0	0	0	0	0	0
6.60	7600824	4	0	0	0	0	0	0	0	0	0
6.70	7563083	4	0	0	0	0	0	0	0	0	0
6.80	7525315	4	0	0	0	0	0	0	0	0	0
6.90	7487521	4	0	0	0	0	0	0	0	0	0
7.00	7449698	4	0	0	0	0	0	0	0	0	0
7.10	7411849	4	0	0	0	0	0	0	0	0	0
7.20	7373971	4	0	0	0	0	0	0	0	0	0
7.30	7336066	4	0	0	0	0	0	0	0	0	0
7.40	7298133	4	0	0	0	0	0	0	0	0	0
7.50	7260172	4	0	0	0	0	0	0	0	0	0
7.60	7222182	4	0	0	0	0	0	0	0	0	0
7.70	7184163	4	0	0	0	0	0	0	0	0	0
7.80	7146116	4	0	0	0	0	0	0	0	0	0
7.90	7108040	4	0	0	0	0	0	0	0	0	0
8.00	7069935	4	0	0	0	0	0	0	0	0	0
8.10	7031800	4	0	0	0	0	0	0	0	0	0
8.20	6993636	4	0	0	0	0	0	0	0	0	0
8.30	6955442	4	0	0	0	0	0	0	0	0	0
8.40	6917218	4	0	0	0	0	0	0	0	0	0
8.50	6878964	4	0	0	0	0	0	0	0	0	0
8.60	6840680	4	0	0	0	0	0	0	0	0	0
8.70	6802364	4	0	0	0	0	0	0	0	0	0
8.80	6764018	4	0	0	0	0	0	0	0	0	0
8.90	6725641	4	0	0	0	0	0	0	0	0	0
9.00	6687233	4	0	0	0	0	0	0	0	0	0
9.10	6648792	4	0	0	0	0	0	0	0	0	0
9.20	6610321	4	0	0	0	0	0	0	0	0	0
9.30	6571817	4	0	0	0	0	0	0	0	0	0
9.40	6533281	4	0	0	0	0	0	0	0	0	0
9.50	6494712	4	0	0	0	0	0	0	0	0	0
9.60	6456111	4	0	0	0	0	0	0	0	0	0
9.70	6417476	4	0	0	0	0	0	0	0	0	0
9.80	6378809	4	0	0	0	0	0	0	0	0	0
9.90	6340107	4	0	0	0	0	0	0	0	0	0
10.00	6301372	4	0	0	0	0	0	0	0	0	0
10.10	6262603	4	0	0	0	0	0	0	0	0	0
10.20	6223800	4	0	0	0	0	0	0	0	0	0
10.30	6184962	4	0	0	0	0	0	0	0	0	0
10.40	6146089	4	0	0	0	0	0	0	0	0	0
10.50	6107181	4	0	0	0	0	0	0	0	0	0
10.60	6068238	4	0	0	0	0	0	0	0	0	0
10.70	6029258	4	0	0	0	0	0	0	0	0	0
10.80	5990243	4	0	0	0	0	0	0	0	0	0
10.90	5951192	4	0	0	0	0	0	0	0	0	0
11.00	5912103	4	0	0	0	0	0	0	0	0	0
11.10	5872978	4	0	0	0	0	0	0	0	0	0
11.20	5833816	4	0	0	0	0	0	0	0	0	0
11.30	5794616	4	0	0	0	0	0	0	0	0	0
11.40	5755377	4	0	0	0	0	0	0	0	0	0
11.50	5716101	4	0	0	0	0	0	0	0	0	0
11.60	5676786	4	0	0	0	0	0	0	0	0	0
11.70	5637432	4	0	0	0	0	0	0	0	0	0
11.80	5598039	4	0	0	0	0	0	0	0	0	0
11.90	5558606	4	0	0	0	0	0	0	0	0	0
12.00	5519134	4	0	0	0	0	0	0	0	0	0
12.10	5479620	4	0	0	0	0	0	0	0	0	0
12.20	5440066	4	0	0	0	0	0	0	0	0	0
12.30	5400471	4	0	0	0	0	0	0	0	0	0
12.40	5360835	4	0	0	0	0	0	0	0	0	0
12.50	5321156	4	0	0	0	0	0	0	0	0	0
12.60	5281435	4	0	0	0	0	0	0	0	0	0
12.70	5241672	4	0	0	0	0	0	0	0	0	0
12.80	5201865	4	0	0	0	0	0	0	0	0	0
12.90	5162015	4	0	0	0	0	0	0	0	0	0
13.00	5122120	4	0	0	0	0	0	0	0	0	0
13.10	5082181	4	0	0	0	0	0	0	0	0	0
13.20	5042198	4	0	0	0	0	0	0	0	0	0
13.30	5002169	4	0	0	0	0	0	0	0	0	0
13.40	4962094	4	0	0	0	0	0	0	0	0	0
13.50	4921973	4	0	0	0	0	0	0	0	0	0
13.60	4881805	4	0	0	0	0	0	0	0	0	0
13.70	4841589	4	0	0	0	0	0	0	0	0	0
13.80	4801326	4	0	0	0	0	0	0	0	0	0
13.90	4761015	4	0	0	0	0	0	0	0	0	0
14.00	4720655	4	0	0	0	0	0	0	0	0	0
14.10	4680245	4	0	0	0	0	0	0	0	0	0
14.20	4639786	4	0	0	0	0	0	0	0	0	0
14.30	4599276	4	0	0	0	0	0	0	0	0	0
14.40	4558715	4	0	0	0	0	0	0	0	0	0
14.50	4518102	4	0	0	0	0	0	0	0	0	0
14.60	4477437	4	0	0	0	0	0	0	0	0	0
14.70	4436719	4	0	0	0	0	0	0	0	0	0
14.80	4395948	4	0	0	0	0	0	0	0	0	0
14.90	4355123	4	0	0	0	0	0	0	0	0	0
15.00	4314243	4	0	0	0	0	0	0	0	0	0
15.10	4273307	4	0	0	0	0	0	0	0	0	0
15.20	4232316	4	0	0	0	0	0	0	0	0	0
15.30	4191267	4	0	0	0	0	0	0	0	0	0
15.40	4150161	4	0	0	0	0	0	0	0	0	0
15.50	4108997	4	0	0	0	0	0	0	0	0	0
15.60	4067774	4	0	0	0	0	0	0	0	0	0
15.70	4026491	4	0	0	0	0	0	0	0	0	0
15.80	3985147	4	0	0	0	0	0	0	0	0	0
15.90	3943742	4	0	0	0	0	0	0	0	0	0
16.00	3902275	4	0	0	0	0	0	0	0	0	0
16.10	3860745	4	0	0	0	0	0	0	0	0	0
16.20	3819150	4	0	0	0	0	0	0	0	0	0
16.30	3777491	4	0	0	0	0	0	0	0	0	0
16.40	3735767	4	0	0	0	0	0	0	0	0	0
16.50	3693975	4	0	0	0	0	0	0	0	0	0
16.60	3652116	4	0	0	0	0	0	0	0	0	0
16.70	3610188	4	0	0	0	0	0	0	0	0	0
16.80	3568191	4	0	0	0	0	0	0	0	0	0
16.90	3526122	4	0	0	0	0	0	0	0	0	0
17.00	3483982	4	0	0	0	0	0	0	0	0	0
17.10	3441769	4	0	0	0	0	0	0	0	0	0
17.20	3399482	4	0	0	0	0	0	0	0	0	0
17.30	3357119	4	0	0	0	0	0	0	0	0	0
17.40	3314680	4	0	0	0	0	0	0	0	0	0
17.50	3272163	4	0	0	0	0	0	0	0	0	0
17.60	3229567	4	0	0	0	0	0	0	0	0	0
17.70	3186891	4	0	0	0	0	0	0	0	0	0
17.80	3144133	4	0	0	0	0	0	0	0	0	0
17.90	3101291	4	0	0	0	0	0	0	0	0	0
18.00	3058365	4	0	0	0	0	0	0	0	0	0
18.10	3015353	4	0	0	0	0	0	0	0	0	0
18.20	2972252	4	0	0	0	0	0	0	0	0	0
18.30	2929063	4	0	0	0	0	0	0	0	0	0
18.40	2885781	4	0	0	0	0	0	0	0	0	0
18.50	2842408	4	0	0	0	0	0	0	0	0	0
18.60	2798939	4	0	0	0	0	0	0	0	0	0
18.70	2755373	4	0	0	0	0	0	0	0	0	0
18.80	2711709	4	0	0	0	0	0	0	0	0	0
18.90	2667944	4	0	0	0	0	0	0	0	0	0
19.00	2624077	4	0	0	0	0	0	0	0	0	0
19.10	2580104	4	0	0	0	0	0	0	0	0	0
19.20	2536024	4	0	0	0	0	0	0	0	0	0
19.30	2491834	4	0	0	0	0	0	0	0	0	0
19.40	2447532	4	0	0	0	0	0	0	0	0	0
19.50	2403115	4	0	0	0	0	0	0	0	0	0
19.60	2358580	4	0	0	0	0	0	0	0	0	0
19.70	2313925	4	0	0	0	0	0	0	0	0	0
19.80	2269146	4	0	0	0	0	0	0	0	0	0
19.90	2224241	4	0	0	0	0	0	0	0	0	0
20.00	2179206	4	0	0	0	0	0	0	0	0	0
20.10	2134037	4	0	0	0	0	0	0	0	0	0
20.20	2088731	4	0	0	0	0	0	0	0	0	0
20.30	2043285	4	0	0	0	0	0	0	0	0	0
20.40	1997693	4	0	0	0	0	0	0	0	0	0
20.50	1951953	4	0	0	0	0	0	0	0	0	0
20.60	1906058	4	0	0	0	0	0	0	0	0	0
20.70	1860006	4	0	0	0	0	0	0	0	0	0
20.80	1813789	4	0	0	0	0	0	0	0	0	0
20.90	1767404	4	0	0	0	0	0	0	0	0	0
21.00	1720844	4	0	0	0	0	0	0	0	0	0
21.10	1674103	4	0	0	0	0	0	0	0	0	0
21.20	1627175	4	0	0	0	0	0	0	0	0	0
21.30	1580053	4	0	0	0	0	0	0	0	0	0
21.40	1532729	4	0	0	0	0	0	0	0	0	0
21.50	1485196	4	0	0	0	0	0	0	0	0	0
21.60	1437444	4	0	0	0	0	0	0	0	0	0
21.70	1389464	4	0	0	0	0	0	0	0	0	0
21.80	1341246	4	0	0	0	0	0	0	0	0	0
21.90	1292779	4	0	0	0	0	0	0	0	0	0
22.00	1244051	4	0	0	0	0	0	0	0	0	0
22.10	1195049	4	0	0	0	0	0	0	0	0	0
22.20	1145757	4	0	0	0	0	0	0	0	0	0
22.30	1096161	4	0	0	0	0	0	0	0	0	0
22.40	1046242	4	0	0	0	0	0	0	0	0	0
22.50	995980	4	0	0	0	0	0	0	0	0	0
22.60	945352	4	0	0	0	0	0	0	0	0	0
22.70	894334	4	0	0	0	0	0	0	0	0	0
22.80	842897	4	0	0	0	0	0	0	0	0	0
22.90	791006	4	0	0	0	0	0	0	0	0	0
23.00	738624	4	0	0	0	0	0	0	0	0	0
23.10	685705	4	0	0	0	0	0	0	0	0	0
23.20	632196	4	0	0	0	0	0	0	0	0	0
23.30	578030	4	0	0	0	0	0	0	0	0	0
23.40	523128	4	0	0	0	0	0	0	0	0	0
23.50	467388	4	0	0	0	0	0	0	0	0	0
23.60	410678	4	0	0	0	0	0	0	0	0	0
23.70	352823	4	0	0	0	0	0	0	0	0	0
23.80	293571	4	0	0	0	0	0	0	0	0	0
23.90	232543	4	0	0	0	0	0	0	0	0	0
24.00	169101	4	0	0	0	0	0	0	0	0	0
24.10	101939	4	0	0	0	0	0	0	0	0	0
24.20	26749	4	0	0	0	0	0	0	0	0	0
24.23	0	4	0	0	0	0	0	0	0	0	0