-999	"MyLake init"
Z (m)	Az (m2)	Tz (deg C)	Cz	Sz (kg/m3)	TPz (mg/m3)	DOPz (mg/m3)	Chlaz (mg/m3)	DOCz (mg/m3)	TPz_sed (mg/m3)	Chlaz_sed (mg/m3)	"Fvol_IM (m3/m3	 dry w.)"	Hice (m)	Hsnow (m)
0.00	1980891	4	0	0	0	0	0	0	0	0	0	0	0
0.10	1972229	4	0	0	0	0	0	0	0	0	0
0.20	1963555	4	0	0	0	0	0	0	0	0	0
0.30	1954867	4	0	0	0	0	0	0	0	0	0
0.40	1946166	4	0	0	0	0	0	0	0	0	0
0.50	1937451	4	0	0	0	0	0	0	0	0	0
0.60	1928723	4	0	0	0	0	0	0	0	0	0
0.70	1919981	4	0	0	0	0	0	0	0	0	0
0.80	1911226	4	0	0	0	0	0	0	0	0	0
0.90	1902456	4	0	0	0	0	0	0	0	0	0
1.00	1893673	4	0	0	0	0	0	0	0	0	0
1.10	1884875	4	0	0	0	0	0	0	0	0	0
1.20	1876063	4	0	0	0	0	0	0	0	0	0
1.30	1867237	4	0	0	0	0	0	0	0	0	0
1.40	1858396	4	0	0	0	0	0	0	0	0	0
1.50	1849541	4	0	0	0	0	0	0	0	0	0
1.60	1840671	4	0	0	0	0	0	0	0	0	0
1.70	1831787	4	0	0	0	0	0	0	0	0	0
1.80	1822887	4	0	0	0	0	0	0	0	0	0
1.90	1813973	4	0	0	0	0	0	0	0	0	0
2.00	1805043	4	0	0	0	0	0	0	0	0	0
2.10	1796098	4	0	0	0	0	0	0	0	0	0
2.20	1787137	4	0	0	0	0	0	0	0	0	0
2.30	1778161	4	0	0	0	0	0	0	0	0	0
2.40	1769169	4	0	0	0	0	0	0	0	0	0
2.50	1760162	4	0	0	0	0	0	0	0	0	0
2.60	1751138	4	0	0	0	0	0	0	0	0	0
2.70	1742098	4	0	0	0	0	0	0	0	0	0
2.80	1733043	4	0	0	0	0	0	0	0	0	0
2.90	1723970	4	0	0	0	0	0	0	0	0	0
3.00	1714881	4	0	0	0	0	0	0	0	0	0
3.10	1705776	4	0	0	0	0	0	0	0	0	0
3.20	1696654	4	0	0	0	0	0	0	0	0	0
3.30	1687514	4	0	0	0	0	0	0	0	0	0
3.40	1678358	4	0	0	0	0	0	0	0	0	0
3.50	1669184	4	0	0	0	0	0	0	0	0	0
3.60	1659993	4	0	0	0	0	0	0	0	0	0
3.70	1650784	4	0	0	0	0	0	0	0	0	0
3.80	1641557	4	0	0	0	0	0	0	0	0	0
3.90	1632313	4	0	0	0	0	0	0	0	0	0
4.00	1623050	4	0	0	0	0	0	0	0	0	0
4.10	1613769	4	0	0	0	0	0	0	0	0	0
4.20	1604469	4	0	0	0	0	0	0	0	0	0
4.30	1595151	4	0	0	0	0	0	0	0	0	0
4.40	1585814	4	0	0	0	0	0	0	0	0	0
4.50	1576458	4	0	0	0	0	0	0	0	0	0
4.60	1567082	4	0	0	0	0	0	0	0	0	0
4.70	1557688	4	0	0	0	0	0	0	0	0	0
4.80	1548273	4	0	0	0	0	0	0	0	0	0
4.90	1538839	4	0	0	0	0	0	0	0	0	0
5.00	1529385	4	0	0	0	0	0	0	0	0	0
5.10	1519910	4	0	0	0	0	0	0	0	0	0
5.20	1510415	4	0	0	0	0	0	0	0	0	0
5.30	1500900	4	0	0	0	0	0	0	0	0	0
5.40	1491363	4	0	0	0	0	0	0	0	0	0
5.50	1481805	4	0	0	0	0	0	0	0	0	0
5.60	1472226	4	0	0	0	0	0	0	0	0	0
5.70	1462626	4	0	0	0	0	0	0	0	0	0
5.80	1453003	4	0	0	0	0	0	0	0	0	0
5.90	1443358	4	0	0	0	0	0	0	0	0	0
6.00	1433692	4	0	0	0	0	0	0	0	0	0
6.10	1424002	4	0	0	0	0	0	0	0	0	0
6.20	1414290	4	0	0	0	0	0	0	0	0	0
6.30	1404554	4	0	0	0	0	0	0	0	0	0
6.40	1394795	4	0	0	0	0	0	0	0	0	0
6.50	1385013	4	0	0	0	0	0	0	0	0	0
6.60	1375206	4	0	0	0	0	0	0	0	0	0
6.70	1365376	4	0	0	0	0	0	0	0	0	0
6.80	1355521	4	0	0	0	0	0	0	0	0	0
6.90	1345641	4	0	0	0	0	0	0	0	0	0
7.00	1335735	4	0	0	0	0	0	0	0	0	0
7.10	1325805	4	0	0	0	0	0	0	0	0	0
7.20	1315848	4	0	0	0	0	0	0	0	0	0
7.30	1305866	4	0	0	0	0	0	0	0	0	0
7.40	1295857	4	0	0	0	0	0	0	0	0	0
7.50	1285821	4	0	0	0	0	0	0	0	0	0
7.60	1275758	4	0	0	0	0	0	0	0	0	0
7.70	1265668	4	0	0	0	0	0	0	0	0	0
7.80	1255549	4	0	0	0	0	0	0	0	0	0
7.90	1245403	4	0	0	0	0	0	0	0	0	0
8.00	1235228	4	0	0	0	0	0	0	0	0	0
8.10	1225023	4	0	0	0	0	0	0	0	0	0
8.20	1214789	4	0	0	0	0	0	0	0	0	0
8.30	1204526	4	0	0	0	0	0	0	0	0	0
8.40	1194232	4	0	0	0	0	0	0	0	0	0
8.50	1183907	4	0	0	0	0	0	0	0	0	0
8.60	1173551	4	0	0	0	0	0	0	0	0	0
8.70	1163163	4	0	0	0	0	0	0	0	0	0
8.80	1152744	4	0	0	0	0	0	0	0	0	0
8.90	1142291	4	0	0	0	0	0	0	0	0	0
9.00	1131805	4	0	0	0	0	0	0	0	0	0
9.10	1121286	4	0	0	0	0	0	0	0	0	0
9.20	1110732	4	0	0	0	0	0	0	0	0	0
9.30	1100144	4	0	0	0	0	0	0	0	0	0
9.40	1089520	4	0	0	0	0	0	0	0	0	0
9.50	1078861	4	0	0	0	0	0	0	0	0	0
9.60	1068164	4	0	0	0	0	0	0	0	0	0
9.70	1057431	4	0	0	0	0	0	0	0	0	0
9.80	1046660	4	0	0	0	0	0	0	0	0	0
9.90	1035850	4	0	0	0	0	0	0	0	0	0
10.00	1025002	4	0	0	0	0	0	0	0	0	0
10.10	1014113	4	0	0	0	0	0	0	0	0	0
10.20	1003184	4	0	0	0	0	0	0	0	0	0
10.30	992214	4	0	0	0	0	0	0	0	0	0
10.40	981201	4	0	0	0	0	0	0	0	0	0
10.50	970146	4	0	0	0	0	0	0	0	0	0
10.60	959046	4	0	0	0	0	0	0	0	0	0
10.70	947903	4	0	0	0	0	0	0	0	0	0
10.80	936713	4	0	0	0	0	0	0	0	0	0
10.90	925478	4	0	0	0	0	0	0	0	0	0
11.00	914195	4	0	0	0	0	0	0	0	0	0
11.10	902863	4	0	0	0	0	0	0	0	0	0
11.20	891483	4	0	0	0	0	0	0	0	0	0
11.30	880052	4	0	0	0	0	0	0	0	0	0
11.40	868569	4	0	0	0	0	0	0	0	0	0
11.50	857033	4	0	0	0	0	0	0	0	0	0
11.60	845444	4	0	0	0	0	0	0	0	0	0
11.70	833799	4	0	0	0	0	0	0	0	0	0
11.80	822098	4	0	0	0	0	0	0	0	0	0
11.90	810339	4	0	0	0	0	0	0	0	0	0
12.00	798521	4	0	0	0	0	0	0	0	0	0
12.10	786642	4	0	0	0	0	0	0	0	0	0
12.20	774701	4	0	0	0	0	0	0	0	0	0
12.30	762696	4	0	0	0	0	0	0	0	0	0
12.40	750625	4	0	0	0	0	0	0	0	0	0
12.50	738486	4	0	0	0	0	0	0	0	0	0
12.60	726278	4	0	0	0	0	0	0	0	0	0
12.70	713999	4	0	0	0	0	0	0	0	0	0
12.80	701647	4	0	0	0	0	0	0	0	0	0
12.90	689218	4	0	0	0	0	0	0	0	0	0
13.00	676712	4	0	0	0	0	0	0	0	0	0
13.10	664125	4	0	0	0	0	0	0	0	0	0
13.20	651456	4	0	0	0	0	0	0	0	0	0
13.30	638700	4	0	0	0	0	0	0	0	0	0
13.40	625856	4	0	0	0	0	0	0	0	0	0
13.50	612920	4	0	0	0	0	0	0	0	0	0
13.60	599889	4	0	0	0	0	0	0	0	0	0
13.70	586760	4	0	0	0	0	0	0	0	0	0
13.80	573528	4	0	0	0	0	0	0	0	0	0
13.90	560189	4	0	0	0	0	0	0	0	0	0
14.00	546740	4	0	0	0	0	0	0	0	0	0
14.10	533176	4	0	0	0	0	0	0	0	0	0
14.20	519491	4	0	0	0	0	0	0	0	0	0
14.30	505680	4	0	0	0	0	0	0	0	0	0
14.40	491738	4	0	0	0	0	0	0	0	0	0
14.50	477658	4	0	0	0	0	0	0	0	0	0
14.60	463432	4	0	0	0	0	0	0	0	0	0
14.70	449054	4	0	0	0	0	0	0	0	0	0
14.80	434515	4	0	0	0	0	0	0	0	0	0
14.90	419806	4	0	0	0	0	0	0	0	0	0
15.00	404917	4	0	0	0	0	0	0	0	0	0
15.10	389836	4	0	0	0	0	0	0	0	0	0
15.20	374550	4	0	0	0	0	0	0	0	0	0
15.30	359045	4	0	0	0	0	0	0	0	0	0
15.40	343305	4	0	0	0	0	0	0	0	0	0
15.50	327312	4	0	0	0	0	0	0	0	0	0
15.60	311044	4	0	0	0	0	0	0	0	0	0
15.70	294476	4	0	0	0	0	0	0	0	0	0
15.80	277579	4	0	0	0	0	0	0	0	0	0
15.90	260318	4	0	0	0	0	0	0	0	0	0
16.00	242652	4	0	0	0	0	0	0	0	0	0
16.10	224530	4	0	0	0	0	0	0	0	0	0
16.20	205886	4	0	0	0	0	0	0	0	0	0
16.30	186638	4	0	0	0	0	0	0	0	0	0
16.40	166676	4	0	0	0	0	0	0	0	0	0
16.50	145849	4	0	0	0	0	0	0	0	0	0
16.60	123934	4	0	0	0	0	0	0	0	0	0
16.70	100578	4	0	0	0	0	0	0	0	0	0
16.80	75149	4	0	0	0	0	0	0	0	0	0
16.90	46207	4	0	0	0	0	0	0	0	0	0
17.00	6801	4	0	0	0	0	0	0	0	0	0
17.01	0	4	0	0	0	0	0	0	0	0	0