-999	"MyLake init"
Z (m)	Az (m2)	Tz (deg C)	Cz	Sz (kg/m3)	TPz (mg/m3)	DOPz (mg/m3)	Chlaz (mg/m3)	DOCz (mg/m3)	TPz_sed (mg/m3)	Chlaz_sed (mg/m3)	"Fvol_IM (m3/m3	 dry w.)"	Hice (m)	Hsnow (m)
0.00	1675013	4	0	0	0	0	0	0	0	0	0	0	0
0.10	1665105	4	0	0	0	0	0	0	0	0	0
0.20	1655206	4	0	0	0	0	0	0	0	0	0
0.30	1645315	4	0	0	0	0	0	0	0	0	0
0.40	1635432	4	0	0	0	0	0	0	0	0	0
0.50	1625558	4	0	0	0	0	0	0	0	0	0
0.60	1615691	4	0	0	0	0	0	0	0	0	0
0.70	1605833	4	0	0	0	0	0	0	0	0	0
0.80	1595984	4	0	0	0	0	0	0	0	0	0
0.90	1586143	4	0	0	0	0	0	0	0	0	0
1.00	1576310	4	0	0	0	0	0	0	0	0	0
1.10	1566486	4	0	0	0	0	0	0	0	0	0
1.20	1556670	4	0	0	0	0	0	0	0	0	0
1.30	1546863	4	0	0	0	0	0	0	0	0	0
1.40	1537065	4	0	0	0	0	0	0	0	0	0
1.50	1527275	4	0	0	0	0	0	0	0	0	0
1.60	1517494	4	0	0	0	0	0	0	0	0	0
1.70	1507722	4	0	0	0	0	0	0	0	0	0
1.80	1497958	4	0	0	0	0	0	0	0	0	0
1.90	1488204	4	0	0	0	0	0	0	0	0	0
2.00	1478458	4	0	0	0	0	0	0	0	0	0
2.10	1468721	4	0	0	0	0	0	0	0	0	0
2.20	1458993	4	0	0	0	0	0	0	0	0	0
2.30	1449274	4	0	0	0	0	0	0	0	0	0
2.40	1439564	4	0	0	0	0	0	0	0	0	0
2.50	1429863	4	0	0	0	0	0	0	0	0	0
2.60	1420171	4	0	0	0	0	0	0	0	0	0
2.70	1410489	4	0	0	0	0	0	0	0	0	0
2.80	1400815	4	0	0	0	0	0	0	0	0	0
2.90	1391151	4	0	0	0	0	0	0	0	0	0
3.00	1381496	4	0	0	0	0	0	0	0	0	0
3.10	1371851	4	0	0	0	0	0	0	0	0	0
3.20	1362215	4	0	0	0	0	0	0	0	0	0
3.30	1352588	4	0	0	0	0	0	0	0	0	0
3.40	1342971	4	0	0	0	0	0	0	0	0	0
3.50	1333363	4	0	0	0	0	0	0	0	0	0
3.60	1323765	4	0	0	0	0	0	0	0	0	0
3.70	1314177	4	0	0	0	0	0	0	0	0	0
3.80	1304598	4	0	0	0	0	0	0	0	0	0
3.90	1295029	4	0	0	0	0	0	0	0	0	0
4.00	1285470	4	0	0	0	0	0	0	0	0	0
4.10	1275921	4	0	0	0	0	0	0	0	0	0
4.20	1266382	4	0	0	0	0	0	0	0	0	0
4.30	1256852	4	0	0	0	0	0	0	0	0	0
4.40	1247333	4	0	0	0	0	0	0	0	0	0
4.50	1237824	4	0	0	0	0	0	0	0	0	0
4.60	1228324	4	0	0	0	0	0	0	0	0	0
4.70	1218835	4	0	0	0	0	0	0	0	0	0
4.80	1209357	4	0	0	0	0	0	0	0	0	0
4.90	1199888	4	0	0	0	0	0	0	0	0	0
5.00	1190430	4	0	0	0	0	0	0	0	0	0
5.10	1180982	4	0	0	0	0	0	0	0	0	0
5.20	1171545	4	0	0	0	0	0	0	0	0	0
5.30	1162118	4	0	0	0	0	0	0	0	0	0
5.40	1152702	4	0	0	0	0	0	0	0	0	0
5.50	1143297	4	0	0	0	0	0	0	0	0	0
5.60	1133902	4	0	0	0	0	0	0	0	0	0
5.70	1124518	4	0	0	0	0	0	0	0	0	0
5.80	1115145	4	0	0	0	0	0	0	0	0	0
5.90	1105783	4	0	0	0	0	0	0	0	0	0
6.00	1096431	4	0	0	0	0	0	0	0	0	0
6.10	1087091	4	0	0	0	0	0	0	0	0	0
6.20	1077762	4	0	0	0	0	0	0	0	0	0
6.30	1068444	4	0	0	0	0	0	0	0	0	0
6.40	1059138	4	0	0	0	0	0	0	0	0	0
6.50	1049842	4	0	0	0	0	0	0	0	0	0
6.60	1040559	4	0	0	0	0	0	0	0	0	0
6.70	1031286	4	0	0	0	0	0	0	0	0	0
6.80	1022025	4	0	0	0	0	0	0	0	0	0
6.90	1012776	4	0	0	0	0	0	0	0	0	0
7.00	1003539	4	0	0	0	0	0	0	0	0	0
7.10	994313	4	0	0	0	0	0	0	0	0	0
7.20	985099	4	0	0	0	0	0	0	0	0	0
7.30	975897	4	0	0	0	0	0	0	0	0	0
7.40	966707	4	0	0	0	0	0	0	0	0	0
7.50	957529	4	0	0	0	0	0	0	0	0	0
7.60	948364	4	0	0	0	0	0	0	0	0	0
7.70	939210	4	0	0	0	0	0	0	0	0	0
7.80	930069	4	0	0	0	0	0	0	0	0	0
7.90	920941	4	0	0	0	0	0	0	0	0	0
8.00	911825	4	0	0	0	0	0	0	0	0	0
8.10	902721	4	0	0	0	0	0	0	0	0	0
8.20	893631	4	0	0	0	0	0	0	0	0	0
8.30	884553	4	0	0	0	0	0	0	0	0	0
8.40	875488	4	0	0	0	0	0	0	0	0	0
8.50	866436	4	0	0	0	0	0	0	0	0	0
8.60	857397	4	0	0	0	0	0	0	0	0	0
8.70	848371	4	0	0	0	0	0	0	0	0	0
8.80	839359	4	0	0	0	0	0	0	0	0	0
8.90	830360	4	0	0	0	0	0	0	0	0	0
9.00	821375	4	0	0	0	0	0	0	0	0	0
9.10	812403	4	0	0	0	0	0	0	0	0	0
9.20	803445	4	0	0	0	0	0	0	0	0	0
9.30	794501	4	0	0	0	0	0	0	0	0	0
9.40	785570	4	0	0	0	0	0	0	0	0	0
9.50	776654	4	0	0	0	0	0	0	0	0	0
9.60	767752	4	0	0	0	0	0	0	0	0	0
9.70	758864	4	0	0	0	0	0	0	0	0	0
9.80	749991	4	0	0	0	0	0	0	0	0	0
9.90	741132	4	0	0	0	0	0	0	0	0	0
10.00	732288	4	0	0	0	0	0	0	0	0	0
10.10	723458	4	0	0	0	0	0	0	0	0	0
10.20	714644	4	0	0	0	0	0	0	0	0	0
10.30	705844	4	0	0	0	0	0	0	0	0	0
10.40	697060	4	0	0	0	0	0	0	0	0	0
10.50	688291	4	0	0	0	0	0	0	0	0	0
10.60	679538	4	0	0	0	0	0	0	0	0	0
10.70	670800	4	0	0	0	0	0	0	0	0	0
10.80	662078	4	0	0	0	0	0	0	0	0	0
10.90	653372	4	0	0	0	0	0	0	0	0	0
11.00	644682	4	0	0	0	0	0	0	0	0	0
11.10	636008	4	0	0	0	0	0	0	0	0	0
11.20	627351	4	0	0	0	0	0	0	0	0	0
11.30	618710	4	0	0	0	0	0	0	0	0	0
11.40	610086	4	0	0	0	0	0	0	0	0	0
11.50	601478	4	0	0	0	0	0	0	0	0	0
11.60	592888	4	0	0	0	0	0	0	0	0	0
11.70	584315	4	0	0	0	0	0	0	0	0	0
11.80	575759	4	0	0	0	0	0	0	0	0	0
11.90	567221	4	0	0	0	0	0	0	0	0	0
12.00	558701	4	0	0	0	0	0	0	0	0	0
12.10	550199	4	0	0	0	0	0	0	0	0	0
12.20	541715	4	0	0	0	0	0	0	0	0	0
12.30	533249	4	0	0	0	0	0	0	0	0	0
12.40	524802	4	0	0	0	0	0	0	0	0	0
12.50	516374	4	0	0	0	0	0	0	0	0	0
12.60	507964	4	0	0	0	0	0	0	0	0	0
12.70	499574	4	0	0	0	0	0	0	0	0	0
12.80	491204	4	0	0	0	0	0	0	0	0	0
12.90	482853	4	0	0	0	0	0	0	0	0	0
13.00	474523	4	0	0	0	0	0	0	0	0	0
13.10	466212	4	0	0	0	0	0	0	0	0	0
13.20	457922	4	0	0	0	0	0	0	0	0	0
13.30	449653	4	0	0	0	0	0	0	0	0	0
13.40	441405	4	0	0	0	0	0	0	0	0	0
13.50	433178	4	0	0	0	0	0	0	0	0	0
13.60	424973	4	0	0	0	0	0	0	0	0	0
13.70	416789	4	0	0	0	0	0	0	0	0	0
13.80	408628	4	0	0	0	0	0	0	0	0	0
13.90	400490	4	0	0	0	0	0	0	0	0	0
14.00	392374	4	0	0	0	0	0	0	0	0	0
14.10	384282	4	0	0	0	0	0	0	0	0	0
14.20	376213	4	0	0	0	0	0	0	0	0	0
14.30	368168	4	0	0	0	0	0	0	0	0	0
14.40	360147	4	0	0	0	0	0	0	0	0	0
14.50	352151	4	0	0	0	0	0	0	0	0	0
14.60	344180	4	0	0	0	0	0	0	0	0	0
14.70	336235	4	0	0	0	0	0	0	0	0	0
14.80	328316	4	0	0	0	0	0	0	0	0	0
14.90	320423	4	0	0	0	0	0	0	0	0	0
15.00	312557	4	0	0	0	0	0	0	0	0	0
15.10	304718	4	0	0	0	0	0	0	0	0	0
15.20	296908	4	0	0	0	0	0	0	0	0	0
15.30	289125	4	0	0	0	0	0	0	0	0	0
15.40	281372	4	0	0	0	0	0	0	0	0	0
15.50	273648	4	0	0	0	0	0	0	0	0	0
15.60	265954	4	0	0	0	0	0	0	0	0	0
15.70	258291	4	0	0	0	0	0	0	0	0	0
15.80	250659	4	0	0	0	0	0	0	0	0	0
15.90	243060	4	0	0	0	0	0	0	0	0	0
16.00	235493	4	0	0	0	0	0	0	0	0	0
16.10	227960	4	0	0	0	0	0	0	0	0	0
16.20	220461	4	0	0	0	0	0	0	0	0	0
16.30	212998	4	0	0	0	0	0	0	0	0	0
16.40	205571	4	0	0	0	0	0	0	0	0	0
16.50	198180	4	0	0	0	0	0	0	0	0	0
16.60	190828	4	0	0	0	0	0	0	0	0	0
16.70	183515	4	0	0	0	0	0	0	0	0	0
16.80	176242	4	0	0	0	0	0	0	0	0	0
16.90	169010	4	0	0	0	0	0	0	0	0	0
17.00	161821	4	0	0	0	0	0	0	0	0	0
17.10	154676	4	0	0	0	0	0	0	0	0	0
17.20	147577	4	0	0	0	0	0	0	0	0	0
17.30	140525	4	0	0	0	0	0	0	0	0	0
17.40	133521	4	0	0	0	0	0	0	0	0	0
17.50	126568	4	0	0	0	0	0	0	0	0	0
17.60	119668	4	0	0	0	0	0	0	0	0	0
17.70	112822	4	0	0	0	0	0	0	0	0	0
17.80	106034	4	0	0	0	0	0	0	0	0	0
17.90	99305	4	0	0	0	0	0	0	0	0	0
18.00	92640	4	0	0	0	0	0	0	0	0	0
18.10	86040	4	0	0	0	0	0	0	0	0	0
18.20	79509	4	0	0	0	0	0	0	0	0	0
18.30	73052	4	0	0	0	0	0	0	0	0	0
18.40	66674	4	0	0	0	0	0	0	0	0	0
18.50	60379	4	0	0	0	0	0	0	0	0	0
18.60	54174	4	0	0	0	0	0	0	0	0	0
18.70	48066	4	0	0	0	0	0	0	0	0	0
18.80	42064	4	0	0	0	0	0	0	0	0	0
18.90	36179	4	0	0	0	0	0	0	0	0	0
19.00	30425	4	0	0	0	0	0	0	0	0	0
19.10	24818	4	0	0	0	0	0	0	0	0	0
19.20	19382	4	0	0	0	0	0	0	0	0	0
19.30	14153	4	0	0	0	0	0	0	0	0	0
19.40	9182	4	0	0	0	0	0	0	0	0	0
19.50	4572	4	0	0	0	0	0	0	0	0	0
19.60	611	4	0	0	0	0	0	0	0	0	0
19.62	0	4	0	0	0	0	0	0	0	0	0