-999	"MyLake init"
Z (m)	Az (m2)	Tz (deg C)	Cz	Sz (kg/m3)	TPz (mg/m3)	DOPz (mg/m3)	Chlaz (mg/m3)	DOCz (mg/m3)	TPz_sed (mg/m3)	Chlaz_sed (mg/m3)	"Fvol_IM (m3/m3	 dry w.)"	Hice (m)	Hsnow (m)
0.00	84527108	4	0	0	0	0	0	0	0	0	0	0	0
0.10	84245755	4	0	0	0	0	0	0	0	0	0
0.20	83964797	4	0	0	0	0	0	0	0	0	0
0.30	83684235	4	0	0	0	0	0	0	0	0	0
0.40	83404068	4	0	0	0	0	0	0	0	0	0
0.50	83124298	4	0	0	0	0	0	0	0	0	0
0.60	82844923	4	0	0	0	0	0	0	0	0	0
0.70	82565946	4	0	0	0	0	0	0	0	0	0
0.80	82287364	4	0	0	0	0	0	0	0	0	0
0.90	82009180	4	0	0	0	0	0	0	0	0	0
1.00	81731393	4	0	0	0	0	0	0	0	0	0
1.10	81454003	4	0	0	0	0	0	0	0	0	0
1.20	81177010	4	0	0	0	0	0	0	0	0	0
1.30	80900416	4	0	0	0	0	0	0	0	0	0
1.40	80624219	4	0	0	0	0	0	0	0	0	0
1.50	80348420	4	0	0	0	0	0	0	0	0	0
1.60	80073020	4	0	0	0	0	0	0	0	0	0
1.70	79798018	4	0	0	0	0	0	0	0	0	0
1.80	79523415	4	0	0	0	0	0	0	0	0	0
1.90	79249211	4	0	0	0	0	0	0	0	0	0
2.00	78975407	4	0	0	0	0	0	0	0	0	0
2.10	78702001	4	0	0	0	0	0	0	0	0	0
2.20	78428996	4	0	0	0	0	0	0	0	0	0
2.30	78156390	4	0	0	0	0	0	0	0	0	0
2.40	77884184	4	0	0	0	0	0	0	0	0	0
2.50	77612379	4	0	0	0	0	0	0	0	0	0
2.60	77340974	4	0	0	0	0	0	0	0	0	0
2.70	77069970	4	0	0	0	0	0	0	0	0	0
2.80	76799367	4	0	0	0	0	0	0	0	0	0
2.90	76529165	4	0	0	0	0	0	0	0	0	0
3.00	76259365	4	0	0	0	0	0	0	0	0	0
3.10	75989966	4	0	0	0	0	0	0	0	0	0
3.20	75720969	4	0	0	0	0	0	0	0	0	0
3.30	75452374	4	0	0	0	0	0	0	0	0	0
3.40	75184181	4	0	0	0	0	0	0	0	0	0
3.50	74916391	4	0	0	0	0	0	0	0	0	0
3.60	74649004	4	0	0	0	0	0	0	0	0	0
3.70	74382020	4	0	0	0	0	0	0	0	0	0
3.80	74115439	4	0	0	0	0	0	0	0	0	0
3.90	73849261	4	0	0	0	0	0	0	0	0	0
4.00	73583487	4	0	0	0	0	0	0	0	0	0
4.10	73318117	4	0	0	0	0	0	0	0	0	0
4.20	73053151	4	0	0	0	0	0	0	0	0	0
4.30	72788590	4	0	0	0	0	0	0	0	0	0
4.40	72524433	4	0	0	0	0	0	0	0	0	0
4.50	72260681	4	0	0	0	0	0	0	0	0	0
4.60	71997334	4	0	0	0	0	0	0	0	0	0
4.70	71734392	4	0	0	0	0	0	0	0	0	0
4.80	71471856	4	0	0	0	0	0	0	0	0	0
4.90	71209725	4	0	0	0	0	0	0	0	0	0
5.00	70948000	4	0	0	0	0	0	0	0	0	0
5.10	70686682	4	0	0	0	0	0	0	0	0	0
5.20	70425770	4	0	0	0	0	0	0	0	0	0
5.30	70165265	4	0	0	0	0	0	0	0	0	0
5.40	69905167	4	0	0	0	0	0	0	0	0	0
5.50	69645476	4	0	0	0	0	0	0	0	0	0
5.60	69386192	4	0	0	0	0	0	0	0	0	0
5.70	69127316	4	0	0	0	0	0	0	0	0	0
5.80	68868848	4	0	0	0	0	0	0	0	0	0
5.90	68610788	4	0	0	0	0	0	0	0	0	0
6.00	68353137	4	0	0	0	0	0	0	0	0	0
6.10	68095894	4	0	0	0	0	0	0	0	0	0
6.20	67839060	4	0	0	0	0	0	0	0	0	0
6.30	67582635	4	0	0	0	0	0	0	0	0	0
6.40	67326619	4	0	0	0	0	0	0	0	0	0
6.50	67071013	4	0	0	0	0	0	0	0	0	0
6.60	66815817	4	0	0	0	0	0	0	0	0	0
6.70	66561030	4	0	0	0	0	0	0	0	0	0
6.80	66306654	4	0	0	0	0	0	0	0	0	0
6.90	66052689	4	0	0	0	0	0	0	0	0	0
7.00	65799135	4	0	0	0	0	0	0	0	0	0
7.10	65545991	4	0	0	0	0	0	0	0	0	0
7.20	65293259	4	0	0	0	0	0	0	0	0	0
7.30	65040939	4	0	0	0	0	0	0	0	0	0
7.40	64789030	4	0	0	0	0	0	0	0	0	0
7.50	64537533	4	0	0	0	0	0	0	0	0	0
7.60	64286449	4	0	0	0	0	0	0	0	0	0
7.70	64035777	4	0	0	0	0	0	0	0	0	0
7.80	63785518	4	0	0	0	0	0	0	0	0	0
7.90	63535672	4	0	0	0	0	0	0	0	0	0
8.00	63286240	4	0	0	0	0	0	0	0	0	0
8.10	63037221	4	0	0	0	0	0	0	0	0	0
8.20	62788616	4	0	0	0	0	0	0	0	0	0
8.30	62540425	4	0	0	0	0	0	0	0	0	0
8.40	62292648	4	0	0	0	0	0	0	0	0	0
8.50	62045286	4	0	0	0	0	0	0	0	0	0
8.60	61798339	4	0	0	0	0	0	0	0	0	0
8.70	61551807	4	0	0	0	0	0	0	0	0	0
8.80	61305690	4	0	0	0	0	0	0	0	0	0
8.90	61059989	4	0	0	0	0	0	0	0	0	0
9.00	60814704	4	0	0	0	0	0	0	0	0	0
9.10	60569835	4	0	0	0	0	0	0	0	0	0
9.20	60325383	4	0	0	0	0	0	0	0	0	0
9.30	60081347	4	0	0	0	0	0	0	0	0	0
9.40	59837729	4	0	0	0	0	0	0	0	0	0
9.50	59594527	4	0	0	0	0	0	0	0	0	0
9.60	59351743	4	0	0	0	0	0	0	0	0	0
9.70	59109377	4	0	0	0	0	0	0	0	0	0
9.80	58867429	4	0	0	0	0	0	0	0	0	0
9.90	58625899	4	0	0	0	0	0	0	0	0	0
10.00	58384788	4	0	0	0	0	0	0	0	0	0
10.10	58144096	4	0	0	0	0	0	0	0	0	0
10.20	57903822	4	0	0	0	0	0	0	0	0	0
10.30	57663969	4	0	0	0	0	0	0	0	0	0
10.40	57424535	4	0	0	0	0	0	0	0	0	0
10.50	57185520	4	0	0	0	0	0	0	0	0	0
10.60	56946926	4	0	0	0	0	0	0	0	0	0
10.70	56708753	4	0	0	0	0	0	0	0	0	0
10.80	56471000	4	0	0	0	0	0	0	0	0	0
10.90	56233669	4	0	0	0	0	0	0	0	0	0
11.00	55996759	4	0	0	0	0	0	0	0	0	0
11.10	55760270	4	0	0	0	0	0	0	0	0	0
11.20	55524203	4	0	0	0	0	0	0	0	0	0
11.30	55288559	4	0	0	0	0	0	0	0	0	0
11.40	55053337	4	0	0	0	0	0	0	0	0	0
11.50	54818538	4	0	0	0	0	0	0	0	0	0
11.60	54584161	4	0	0	0	0	0	0	0	0	0
11.70	54350208	4	0	0	0	0	0	0	0	0	0
11.80	54116679	4	0	0	0	0	0	0	0	0	0
11.90	53883574	4	0	0	0	0	0	0	0	0	0
12.00	53650892	4	0	0	0	0	0	0	0	0	0
12.10	53418636	4	0	0	0	0	0	0	0	0	0
12.20	53186804	4	0	0	0	0	0	0	0	0	0
12.30	52955397	4	0	0	0	0	0	0	0	0	0
12.40	52724415	4	0	0	0	0	0	0	0	0	0
12.50	52493859	4	0	0	0	0	0	0	0	0	0
12.60	52263729	4	0	0	0	0	0	0	0	0	0
12.70	52034025	4	0	0	0	0	0	0	0	0	0
12.80	51804748	4	0	0	0	0	0	0	0	0	0
12.90	51575897	4	0	0	0	0	0	0	0	0	0
13.00	51347474	4	0	0	0	0	0	0	0	0	0
13.10	51119478	4	0	0	0	0	0	0	0	0	0
13.20	50891910	4	0	0	0	0	0	0	0	0	0
13.30	50664769	4	0	0	0	0	0	0	0	0	0
13.40	50438057	4	0	0	0	0	0	0	0	0	0
13.50	50211774	4	0	0	0	0	0	0	0	0	0
13.60	49985919	4	0	0	0	0	0	0	0	0	0
13.70	49760494	4	0	0	0	0	0	0	0	0	0
13.80	49535498	4	0	0	0	0	0	0	0	0	0
13.90	49310932	4	0	0	0	0	0	0	0	0	0
14.00	49086797	4	0	0	0	0	0	0	0	0	0
14.10	48863091	4	0	0	0	0	0	0	0	0	0
14.20	48639817	4	0	0	0	0	0	0	0	0	0
14.30	48416973	4	0	0	0	0	0	0	0	0	0
14.40	48194561	4	0	0	0	0	0	0	0	0	0
14.50	47972581	4	0	0	0	0	0	0	0	0	0
14.60	47751032	4	0	0	0	0	0	0	0	0	0
14.70	47529916	4	0	0	0	0	0	0	0	0	0
14.80	47309233	4	0	0	0	0	0	0	0	0	0
14.90	47088982	4	0	0	0	0	0	0	0	0	0
15.00	46869165	4	0	0	0	0	0	0	0	0	0
15.10	46649781	4	0	0	0	0	0	0	0	0	0
15.20	46430831	4	0	0	0	0	0	0	0	0	0
15.30	46212316	4	0	0	0	0	0	0	0	0	0
15.40	45994234	4	0	0	0	0	0	0	0	0	0
15.50	45776588	4	0	0	0	0	0	0	0	0	0
15.60	45559377	4	0	0	0	0	0	0	0	0	0
15.70	45342602	4	0	0	0	0	0	0	0	0	0
15.80	45126262	4	0	0	0	0	0	0	0	0	0
15.90	44910359	4	0	0	0	0	0	0	0	0	0
16.00	44694892	4	0	0	0	0	0	0	0	0	0
16.10	44479862	4	0	0	0	0	0	0	0	0	0
16.20	44265269	4	0	0	0	0	0	0	0	0	0
16.30	44051113	4	0	0	0	0	0	0	0	0	0
16.40	43837396	4	0	0	0	0	0	0	0	0	0
16.50	43624116	4	0	0	0	0	0	0	0	0	0
16.60	43411275	4	0	0	0	0	0	0	0	0	0
16.70	43198873	4	0	0	0	0	0	0	0	0	0
16.80	42986910	4	0	0	0	0	0	0	0	0	0
16.90	42775387	4	0	0	0	0	0	0	0	0	0
17.00	42564303	4	0	0	0	0	0	0	0	0	0
17.10	42353660	4	0	0	0	0	0	0	0	0	0
17.20	42143457	4	0	0	0	0	0	0	0	0	0
17.30	41933695	4	0	0	0	0	0	0	0	0	0
17.40	41724374	4	0	0	0	0	0	0	0	0	0
17.50	41515495	4	0	0	0	0	0	0	0	0	0
17.60	41307058	4	0	0	0	0	0	0	0	0	0
17.70	41099063	4	0	0	0	0	0	0	0	0	0
17.80	40891511	4	0	0	0	0	0	0	0	0	0
17.90	40684401	4	0	0	0	0	0	0	0	0	0
18.00	40477735	4	0	0	0	0	0	0	0	0	0
18.10	40271513	4	0	0	0	0	0	0	0	0	0
18.20	40065735	4	0	0	0	0	0	0	0	0	0
18.30	39860401	4	0	0	0	0	0	0	0	0	0
18.40	39655512	4	0	0	0	0	0	0	0	0	0
18.50	39451068	4	0	0	0	0	0	0	0	0	0
18.60	39247070	4	0	0	0	0	0	0	0	0	0
18.70	39043517	4	0	0	0	0	0	0	0	0	0
18.80	38840411	4	0	0	0	0	0	0	0	0	0
18.90	38637751	4	0	0	0	0	0	0	0	0	0
19.00	38435538	4	0	0	0	0	0	0	0	0	0
19.10	38233772	4	0	0	0	0	0	0	0	0	0
19.20	38032455	4	0	0	0	0	0	0	0	0	0
19.30	37831585	4	0	0	0	0	0	0	0	0	0
19.40	37631163	4	0	0	0	0	0	0	0	0	0
19.50	37431191	4	0	0	0	0	0	0	0	0	0
19.60	37231667	4	0	0	0	0	0	0	0	0	0
19.70	37032594	4	0	0	0	0	0	0	0	0	0
19.80	36833970	4	0	0	0	0	0	0	0	0	0
19.90	36635796	4	0	0	0	0	0	0	0	0	0
20.00	36438073	4	0	0	0	0	0	0	0	0	0
20.10	36240802	4	0	0	0	0	0	0	0	0	0
20.20	36043981	4	0	0	0	0	0	0	0	0	0
20.30	35847613	4	0	0	0	0	0	0	0	0	0
20.40	35651697	4	0	0	0	0	0	0	0	0	0
20.50	35456233	4	0	0	0	0	0	0	0	0	0
20.60	35261223	4	0	0	0	0	0	0	0	0	0
20.70	35066666	4	0	0	0	0	0	0	0	0	0
20.80	34872562	4	0	0	0	0	0	0	0	0	0
20.90	34678913	4	0	0	0	0	0	0	0	0	0
21.00	34485719	4	0	0	0	0	0	0	0	0	0
21.10	34292979	4	0	0	0	0	0	0	0	0	0
21.20	34100695	4	0	0	0	0	0	0	0	0	0
21.30	33908867	4	0	0	0	0	0	0	0	0	0
21.40	33717495	4	0	0	0	0	0	0	0	0	0
21.50	33526579	4	0	0	0	0	0	0	0	0	0
21.60	33336121	4	0	0	0	0	0	0	0	0	0
21.70	33146120	4	0	0	0	0	0	0	0	0	0
21.80	32956577	4	0	0	0	0	0	0	0	0	0
21.90	32767492	4	0	0	0	0	0	0	0	0	0
22.00	32578866	4	0	0	0	0	0	0	0	0	0
22.10	32390699	4	0	0	0	0	0	0	0	0	0
22.20	32202992	4	0	0	0	0	0	0	0	0	0
22.30	32015744	4	0	0	0	0	0	0	0	0	0
22.40	31828957	4	0	0	0	0	0	0	0	0	0
22.50	31642630	4	0	0	0	0	0	0	0	0	0
22.60	31456765	4	0	0	0	0	0	0	0	0	0
22.70	31271361	4	0	0	0	0	0	0	0	0	0
22.80	31086420	4	0	0	0	0	0	0	0	0	0
22.90	30901941	4	0	0	0	0	0	0	0	0	0
23.00	30717925	4	0	0	0	0	0	0	0	0	0
23.10	30534372	4	0	0	0	0	0	0	0	0	0
23.20	30351283	4	0	0	0	0	0	0	0	0	0
23.30	30168658	4	0	0	0	0	0	0	0	0	0
23.40	29986498	4	0	0	0	0	0	0	0	0	0
23.50	29804803	4	0	0	0	0	0	0	0	0	0
23.60	29623574	4	0	0	0	0	0	0	0	0	0
23.70	29442810	4	0	0	0	0	0	0	0	0	0
23.80	29262513	4	0	0	0	0	0	0	0	0	0
23.90	29082683	4	0	0	0	0	0	0	0	0	0
24.00	28903321	4	0	0	0	0	0	0	0	0	0
24.10	28724426	4	0	0	0	0	0	0	0	0	0
24.20	28545999	4	0	0	0	0	0	0	0	0	0
24.30	28368041	4	0	0	0	0	0	0	0	0	0
24.40	28190553	4	0	0	0	0	0	0	0	0	0
24.50	28013534	4	0	0	0	0	0	0	0	0	0
24.60	27836985	4	0	0	0	0	0	0	0	0	0
24.70	27660906	4	0	0	0	0	0	0	0	0	0
24.80	27485299	4	0	0	0	0	0	0	0	0	0
24.90	27310164	4	0	0	0	0	0	0	0	0	0
25.00	27135500	4	0	0	0	0	0	0	0	0	0
25.10	26961309	4	0	0	0	0	0	0	0	0	0
25.20	26787590	4	0	0	0	0	0	0	0	0	0
25.30	26614346	4	0	0	0	0	0	0	0	0	0
25.40	26441575	4	0	0	0	0	0	0	0	0	0
25.50	26269278	4	0	0	0	0	0	0	0	0	0
25.60	26097457	4	0	0	0	0	0	0	0	0	0
25.70	25926110	4	0	0	0	0	0	0	0	0	0
25.80	25755240	4	0	0	0	0	0	0	0	0	0
25.90	25584846	4	0	0	0	0	0	0	0	0	0
26.00	25414929	4	0	0	0	0	0	0	0	0	0
26.10	25245489	4	0	0	0	0	0	0	0	0	0
26.20	25076528	4	0	0	0	0	0	0	0	0	0
26.30	24908044	4	0	0	0	0	0	0	0	0	0
26.40	24740040	4	0	0	0	0	0	0	0	0	0
26.50	24572514	4	0	0	0	0	0	0	0	0	0
26.60	24405469	4	0	0	0	0	0	0	0	0	0
26.70	24238904	4	0	0	0	0	0	0	0	0	0
26.80	24072820	4	0	0	0	0	0	0	0	0	0
26.90	23907218	4	0	0	0	0	0	0	0	0	0
27.00	23742098	4	0	0	0	0	0	0	0	0	0
27.10	23577460	4	0	0	0	0	0	0	0	0	0
27.20	23413305	4	0	0	0	0	0	0	0	0	0
27.30	23249633	4	0	0	0	0	0	0	0	0	0
27.40	23086446	4	0	0	0	0	0	0	0	0	0
27.50	22923744	4	0	0	0	0	0	0	0	0	0
27.60	22761526	4	0	0	0	0	0	0	0	0	0
27.70	22599794	4	0	0	0	0	0	0	0	0	0
27.80	22438549	4	0	0	0	0	0	0	0	0	0
27.90	22277790	4	0	0	0	0	0	0	0	0	0
28.00	22117519	4	0	0	0	0	0	0	0	0	0
28.10	21957736	4	0	0	0	0	0	0	0	0	0
28.20	21798441	4	0	0	0	0	0	0	0	0	0
28.30	21639635	4	0	0	0	0	0	0	0	0	0
28.40	21481319	4	0	0	0	0	0	0	0	0	0
28.50	21323493	4	0	0	0	0	0	0	0	0	0
28.60	21166157	4	0	0	0	0	0	0	0	0	0
28.70	21009313	4	0	0	0	0	0	0	0	0	0
28.80	20852961	4	0	0	0	0	0	0	0	0	0
28.90	20697101	4	0	0	0	0	0	0	0	0	0
29.00	20541735	4	0	0	0	0	0	0	0	0	0
29.10	20386862	4	0	0	0	0	0	0	0	0	0
29.20	20232483	4	0	0	0	0	0	0	0	0	0
29.30	20078599	4	0	0	0	0	0	0	0	0	0
29.40	19925210	4	0	0	0	0	0	0	0	0	0
29.50	19772317	4	0	0	0	0	0	0	0	0	0
29.60	19619921	4	0	0	0	0	0	0	0	0	0
29.70	19468022	4	0	0	0	0	0	0	0	0	0
29.80	19316621	4	0	0	0	0	0	0	0	0	0
29.90	19165718	4	0	0	0	0	0	0	0	0	0
30.00	19015315	4	0	0	0	0	0	0	0	0	0
30.10	18865411	4	0	0	0	0	0	0	0	0	0
30.20	18716007	4	0	0	0	0	0	0	0	0	0
30.30	18567104	4	0	0	0	0	0	0	0	0	0
30.40	18418703	4	0	0	0	0	0	0	0	0	0
30.50	18270803	4	0	0	0	0	0	0	0	0	0
30.60	18123407	4	0	0	0	0	0	0	0	0	0
30.70	17976514	4	0	0	0	0	0	0	0	0	0
30.80	17830125	4	0	0	0	0	0	0	0	0	0
30.90	17684241	4	0	0	0	0	0	0	0	0	0
31.00	17538862	4	0	0	0	0	0	0	0	0	0
31.10	17393989	4	0	0	0	0	0	0	0	0	0
31.20	17249623	4	0	0	0	0	0	0	0	0	0
31.30	17105765	4	0	0	0	0	0	0	0	0	0
31.40	16962414	4	0	0	0	0	0	0	0	0	0
31.50	16819572	4	0	0	0	0	0	0	0	0	0
31.60	16677239	4	0	0	0	0	0	0	0	0	0
31.70	16535417	4	0	0	0	0	0	0	0	0	0
31.80	16394105	4	0	0	0	0	0	0	0	0	0
31.90	16253305	4	0	0	0	0	0	0	0	0	0
32.00	16113016	4	0	0	0	0	0	0	0	0	0
32.10	15973241	4	0	0	0	0	0	0	0	0	0
32.20	15833979	4	0	0	0	0	0	0	0	0	0
32.30	15695231	4	0	0	0	0	0	0	0	0	0
32.40	15556999	4	0	0	0	0	0	0	0	0	0
32.50	15419282	4	0	0	0	0	0	0	0	0	0
32.60	15282081	4	0	0	0	0	0	0	0	0	0
32.70	15145398	4	0	0	0	0	0	0	0	0	0
32.80	15009232	4	0	0	0	0	0	0	0	0	0
32.90	14873585	4	0	0	0	0	0	0	0	0	0
33.00	14738457	4	0	0	0	0	0	0	0	0	0
33.10	14603849	4	0	0	0	0	0	0	0	0	0
33.20	14469762	4	0	0	0	0	0	0	0	0	0
33.30	14336197	4	0	0	0	0	0	0	0	0	0
33.40	14203154	4	0	0	0	0	0	0	0	0	0
33.50	14070634	4	0	0	0	0	0	0	0	0	0
33.60	13938638	4	0	0	0	0	0	0	0	0	0
33.70	13807167	4	0	0	0	0	0	0	0	0	0
33.80	13676221	4	0	0	0	0	0	0	0	0	0
33.90	13545801	4	0	0	0	0	0	0	0	0	0
34.00	13415908	4	0	0	0	0	0	0	0	0	0
34.10	13286543	4	0	0	0	0	0	0	0	0	0
34.20	13157707	4	0	0	0	0	0	0	0	0	0
34.30	13029400	4	0	0	0	0	0	0	0	0	0
34.40	12901623	4	0	0	0	0	0	0	0	0	0
34.50	12774378	4	0	0	0	0	0	0	0	0	0
34.60	12647664	4	0	0	0	0	0	0	0	0	0
34.70	12521483	4	0	0	0	0	0	0	0	0	0
34.80	12395836	4	0	0	0	0	0	0	0	0	0
34.90	12270723	4	0	0	0	0	0	0	0	0	0
35.00	12146145	4	0	0	0	0	0	0	0	0	0
35.10	12022103	4	0	0	0	0	0	0	0	0	0
35.20	11898599	4	0	0	0	0	0	0	0	0	0
35.30	11775632	4	0	0	0	0	0	0	0	0	0
35.40	11653204	4	0	0	0	0	0	0	0	0	0
35.50	11531315	4	0	0	0	0	0	0	0	0	0
35.60	11409968	4	0	0	0	0	0	0	0	0	0
35.70	11289161	4	0	0	0	0	0	0	0	0	0
35.80	11168897	4	0	0	0	0	0	0	0	0	0
35.90	11049176	4	0	0	0	0	0	0	0	0	0
36.00	10929999	4	0	0	0	0	0	0	0	0	0
36.10	10811368	4	0	0	0	0	0	0	0	0	0
36.20	10693282	4	0	0	0	0	0	0	0	0	0
36.30	10575743	4	0	0	0	0	0	0	0	0	0
36.40	10458753	4	0	0	0	0	0	0	0	0	0
36.50	10342311	4	0	0	0	0	0	0	0	0	0
36.60	10226419	4	0	0	0	0	0	0	0	0	0
36.70	10111078	4	0	0	0	0	0	0	0	0	0
36.80	9996288	4	0	0	0	0	0	0	0	0	0
36.90	9882052	4	0	0	0	0	0	0	0	0	0
37.00	9768369	4	0	0	0	0	0	0	0	0	0
37.10	9655241	4	0	0	0	0	0	0	0	0	0
37.20	9542669	4	0	0	0	0	0	0	0	0	0
37.30	9430653	4	0	0	0	0	0	0	0	0	0
37.40	9319196	4	0	0	0	0	0	0	0	0	0
37.50	9208297	4	0	0	0	0	0	0	0	0	0
37.60	9097959	4	0	0	0	0	0	0	0	0	0
37.70	8988181	4	0	0	0	0	0	0	0	0	0
37.80	8878966	4	0	0	0	0	0	0	0	0	0
37.90	8770314	4	0	0	0	0	0	0	0	0	0
38.00	8662226	4	0	0	0	0	0	0	0	0	0
38.10	8554703	4	0	0	0	0	0	0	0	0	0
38.20	8447747	4	0	0	0	0	0	0	0	0	0
38.30	8341359	4	0	0	0	0	0	0	0	0	0
38.40	8235539	4	0	0	0	0	0	0	0	0	0
38.50	8130289	4	0	0	0	0	0	0	0	0	0
38.60	8025611	4	0	0	0	0	0	0	0	0	0
38.70	7921504	4	0	0	0	0	0	0	0	0	0
38.80	7817971	4	0	0	0	0	0	0	0	0	0
38.90	7715013	4	0	0	0	0	0	0	0	0	0
39.00	7612630	4	0	0	0	0	0	0	0	0	0
39.10	7510824	4	0	0	0	0	0	0	0	0	0
39.20	7409596	4	0	0	0	0	0	0	0	0	0
39.30	7308948	4	0	0	0	0	0	0	0	0	0
39.40	7208881	4	0	0	0	0	0	0	0	0	0
39.50	7109395	4	0	0	0	0	0	0	0	0	0
39.60	7010493	4	0	0	0	0	0	0	0	0	0
39.70	6912175	4	0	0	0	0	0	0	0	0	0
39.80	6814443	4	0	0	0	0	0	0	0	0	0
39.90	6717298	4	0	0	0	0	0	0	0	0	0
40.00	6620742	4	0	0	0	0	0	0	0	0	0
40.10	6524775	4	0	0	0	0	0	0	0	0	0
40.20	6429400	4	0	0	0	0	0	0	0	0	0
40.30	6334617	4	0	0	0	0	0	0	0	0	0
40.40	6240428	4	0	0	0	0	0	0	0	0	0
40.50	6146834	4	0	0	0	0	0	0	0	0	0
40.60	6053837	4	0	0	0	0	0	0	0	0	0
40.70	5961438	4	0	0	0	0	0	0	0	0	0
40.80	5869638	4	0	0	0	0	0	0	0	0	0
40.90	5778440	4	0	0	0	0	0	0	0	0	0
41.00	5687844	4	0	0	0	0	0	0	0	0	0
41.10	5597853	4	0	0	0	0	0	0	0	0	0
41.20	5508466	4	0	0	0	0	0	0	0	0	0
41.30	5419687	4	0	0	0	0	0	0	0	0	0
41.40	5331517	4	0	0	0	0	0	0	0	0	0
41.50	5243957	4	0	0	0	0	0	0	0	0	0
41.60	5157008	4	0	0	0	0	0	0	0	0	0
41.70	5070673	4	0	0	0	0	0	0	0	0	0
41.80	4984953	4	0	0	0	0	0	0	0	0	0
41.90	4899850	4	0	0	0	0	0	0	0	0	0
42.00	4815365	4	0	0	0	0	0	0	0	0	0
42.10	4731500	4	0	0	0	0	0	0	0	0	0
42.20	4648257	4	0	0	0	0	0	0	0	0	0
42.30	4565637	4	0	0	0	0	0	0	0	0	0
42.40	4483643	4	0	0	0	0	0	0	0	0	0
42.50	4402276	4	0	0	0	0	0	0	0	0	0
42.60	4321537	4	0	0	0	0	0	0	0	0	0
42.70	4241430	4	0	0	0	0	0	0	0	0	0
42.80	4161955	4	0	0	0	0	0	0	0	0	0
42.90	4083114	4	0	0	0	0	0	0	0	0	0
43.00	4004909	4	0	0	0	0	0	0	0	0	0
43.10	3927343	4	0	0	0	0	0	0	0	0	0
43.20	3850418	4	0	0	0	0	0	0	0	0	0
43.30	3774134	4	0	0	0	0	0	0	0	0	0
43.40	3698495	4	0	0	0	0	0	0	0	0	0
43.50	3623502	4	0	0	0	0	0	0	0	0	0
43.60	3549157	4	0	0	0	0	0	0	0	0	0
43.70	3475463	4	0	0	0	0	0	0	0	0	0
43.80	3402422	4	0	0	0	0	0	0	0	0	0
43.90	3330035	4	0	0	0	0	0	0	0	0	0
44.00	3258306	4	0	0	0	0	0	0	0	0	0
44.10	3187235	4	0	0	0	0	0	0	0	0	0
44.20	3116827	4	0	0	0	0	0	0	0	0	0
44.30	3047082	4	0	0	0	0	0	0	0	0	0
44.40	2978004	4	0	0	0	0	0	0	0	0	0
44.50	2909595	4	0	0	0	0	0	0	0	0	0
44.60	2841856	4	0	0	0	0	0	0	0	0	0
44.70	2774791	4	0	0	0	0	0	0	0	0	0
44.80	2708403	4	0	0	0	0	0	0	0	0	0
44.90	2642693	4	0	0	0	0	0	0	0	0	0
45.00	2577665	4	0	0	0	0	0	0	0	0	0
45.10	2513320	4	0	0	0	0	0	0	0	0	0
45.20	2449663	4	0	0	0	0	0	0	0	0	0
45.30	2386695	4	0	0	0	0	0	0	0	0	0
45.40	2324419	4	0	0	0	0	0	0	0	0	0
45.50	2262839	4	0	0	0	0	0	0	0	0	0
45.60	2201957	4	0	0	0	0	0	0	0	0	0
45.70	2141776	4	0	0	0	0	0	0	0	0	0
45.80	2082300	4	0	0	0	0	0	0	0	0	0
45.90	2023531	4	0	0	0	0	0	0	0	0	0
46.00	1965472	4	0	0	0	0	0	0	0	0	0
46.10	1908127	4	0	0	0	0	0	0	0	0	0
46.20	1851500	4	0	0	0	0	0	0	0	0	0
46.30	1795593	4	0	0	0	0	0	0	0	0	0
46.40	1740410	4	0	0	0	0	0	0	0	0	0
46.50	1685955	4	0	0	0	0	0	0	0	0	0
46.60	1632231	4	0	0	0	0	0	0	0	0	0
46.70	1579242	4	0	0	0	0	0	0	0	0	0
46.80	1526992	4	0	0	0	0	0	0	0	0	0
46.90	1475485	4	0	0	0	0	0	0	0	0	0
47.00	1424724	4	0	0	0	0	0	0	0	0	0
47.10	1374715	4	0	0	0	0	0	0	0	0	0
47.20	1325460	4	0	0	0	0	0	0	0	0	0
47.30	1276965	4	0	0	0	0	0	0	0	0	0
47.40	1229234	4	0	0	0	0	0	0	0	0	0
47.50	1182272	4	0	0	0	0	0	0	0	0	0
47.60	1136083	4	0	0	0	0	0	0	0	0	0
47.70	1090671	4	0	0	0	0	0	0	0	0	0
47.80	1046043	4	0	0	0	0	0	0	0	0	0
47.90	1002204	4	0	0	0	0	0	0	0	0	0
48.00	959157	4	0	0	0	0	0	0	0	0	0
48.10	916910	4	0	0	0	0	0	0	0	0	0
48.20	875468	4	0	0	0	0	0	0	0	0	0
48.30	834836	4	0	0	0	0	0	0	0	0	0
48.40	795021	4	0	0	0	0	0	0	0	0	0
48.50	756029	4	0	0	0	0	0	0	0	0	0
48.60	717867	4	0	0	0	0	0	0	0	0	0
48.70	680541	4	0	0	0	0	0	0	0	0	0
48.80	644058	4	0	0	0	0	0	0	0	0	0
48.90	608427	4	0	0	0	0	0	0	0	0	0
49.00	573653	4	0	0	0	0	0	0	0	0	0
49.10	539746	4	0	0	0	0	0	0	0	0	0
49.20	506714	4	0	0	0	0	0	0	0	0	0
49.30	474565	4	0	0	0	0	0	0	0	0	0
49.40	443308	4	0	0	0	0	0	0	0	0	0
49.50	412954	4	0	0	0	0	0	0	0	0	0
49.60	383512	4	0	0	0	0	0	0	0	0	0
49.70	354993	4	0	0	0	0	0	0	0	0	0
49.80	327409	4	0	0	0	0	0	0	0	0	0
49.90	300770	4	0	0	0	0	0	0	0	0	0
50.00	275091	4	0	0	0	0	0	0	0	0	0
50.10	250384	4	0	0	0	0	0	0	0	0	0
50.20	226664	4	0	0	0	0	0	0	0	0	0
50.30	203947	4	0	0	0	0	0	0	0	0	0
50.40	182249	4	0	0	0	0	0	0	0	0	0
50.50	161589	4	0	0	0	0	0	0	0	0	0
50.60	141986	4	0	0	0	0	0	0	0	0	0
50.70	123462	4	0	0	0	0	0	0	0	0	0
50.80	106042	4	0	0	0	0	0	0	0	0	0
50.90	89751	4	0	0	0	0	0	0	0	0	0
51.00	74620	4	0	0	0	0	0	0	0	0	0
51.10	60684	4	0	0	0	0	0	0	0	0	0
51.20	47982	4	0	0	0	0	0	0	0	0	0
51.30	36560	4	0	0	0	0	0	0	0	0	0
51.40	26474	4	0	0	0	0	0	0	0	0	0
51.50	17795	4	0	0	0	0	0	0	0	0	0
51.60	10615	4	0	0	0	0	0	0	0	0	0
51.70	5063	4	0	0	0	0	0	0	0	0	0
51.80	1349	4	0	0	0	0	0	0	0	0	0
51.89	0	4	0	0	0	0	0	0	0	0	0