1.497550000000000000e+04
1.497650000000000000e+04
1.497750000000000000e+04
1.497850000000000000e+04
1.497950000000000000e+04
1.498050000000000000e+04
1.498150000000000000e+04
1.498250000000000000e+04
1.498350000000000000e+04
1.498450000000000000e+04
1.498550000000000000e+04
1.498650000000000000e+04
1.498750000000000000e+04
1.498850000000000000e+04
1.498950000000000000e+04
1.499050000000000000e+04
1.499150000000000000e+04
1.499250000000000000e+04
1.499350000000000000e+04
1.499450000000000000e+04
1.499550000000000000e+04
1.499650000000000000e+04
1.499750000000000000e+04
1.499850000000000000e+04
1.499950000000000000e+04
1.500050000000000000e+04
1.500150000000000000e+04
1.500250000000000000e+04
1.500350000000000000e+04
1.500450000000000000e+04
1.500550000000000000e+04
1.500650000000000000e+04
1.500750000000000000e+04
1.500850000000000000e+04
1.500950000000000000e+04
1.501050000000000000e+04
1.501150000000000000e+04
1.501250000000000000e+04
1.501350000000000000e+04
1.501450000000000000e+04
1.501550000000000000e+04
1.501650000000000000e+04
1.501750000000000000e+04
1.501850000000000000e+04
1.501950000000000000e+04
1.502050000000000000e+04
1.502150000000000000e+04
1.502250000000000000e+04
1.502350000000000000e+04
1.502450000000000000e+04
1.502550000000000000e+04
1.502650000000000000e+04
1.502750000000000000e+04
1.502850000000000000e+04
1.502950000000000000e+04
1.503050000000000000e+04
1.503150000000000000e+04
1.503250000000000000e+04
1.503350000000000000e+04
1.503450000000000000e+04
1.503550000000000000e+04
1.503650000000000000e+04
1.503750000000000000e+04
1.503850000000000000e+04
1.503950000000000000e+04
1.504050000000000000e+04
1.504150000000000000e+04
1.504250000000000000e+04
1.504350000000000000e+04
1.504450000000000000e+04
1.504550000000000000e+04
1.504650000000000000e+04
1.504750000000000000e+04
1.504850000000000000e+04
1.504950000000000000e+04
1.505050000000000000e+04
1.505150000000000000e+04
1.505250000000000000e+04
1.505350000000000000e+04
1.505450000000000000e+04
1.505550000000000000e+04
1.505650000000000000e+04
1.505750000000000000e+04
1.505850000000000000e+04
1.505950000000000000e+04
1.506050000000000000e+04
1.506150000000000000e+04
1.506250000000000000e+04
1.506350000000000000e+04
1.506450000000000000e+04
1.506550000000000000e+04
1.506650000000000000e+04
1.506750000000000000e+04
1.506850000000000000e+04
1.506950000000000000e+04
1.507050000000000000e+04
1.507150000000000000e+04
1.507250000000000000e+04
1.507350000000000000e+04
1.507450000000000000e+04
1.507550000000000000e+04
1.507650000000000000e+04
1.507750000000000000e+04
1.507850000000000000e+04
1.507950000000000000e+04
1.508050000000000000e+04
1.508150000000000000e+04
1.508250000000000000e+04
1.508350000000000000e+04
1.508450000000000000e+04
1.508550000000000000e+04
1.508650000000000000e+04
1.508750000000000000e+04
1.508850000000000000e+04
1.508950000000000000e+04
1.509050000000000000e+04
1.509150000000000000e+04
1.509250000000000000e+04
1.509350000000000000e+04
1.509450000000000000e+04
1.509550000000000000e+04
1.509650000000000000e+04
1.509750000000000000e+04
1.509850000000000000e+04
1.509950000000000000e+04
1.510050000000000000e+04
1.510150000000000000e+04
1.510250000000000000e+04
1.510350000000000000e+04
1.510450000000000000e+04
1.510550000000000000e+04
1.510650000000000000e+04
1.510750000000000000e+04
1.510850000000000000e+04
1.510950000000000000e+04
1.511050000000000000e+04
1.511150000000000000e+04
1.511250000000000000e+04
1.511350000000000000e+04
1.511450000000000000e+04
1.511550000000000000e+04
1.511650000000000000e+04
1.511750000000000000e+04
1.511850000000000000e+04
1.511950000000000000e+04
1.512050000000000000e+04
1.512150000000000000e+04
1.512250000000000000e+04
1.512350000000000000e+04
1.512450000000000000e+04
1.512550000000000000e+04
1.512650000000000000e+04
1.512750000000000000e+04
1.512850000000000000e+04
1.512950000000000000e+04
1.513050000000000000e+04
1.513150000000000000e+04
1.513250000000000000e+04
1.513350000000000000e+04
1.513450000000000000e+04
1.513550000000000000e+04
1.513650000000000000e+04
1.513750000000000000e+04
1.513850000000000000e+04
1.513950000000000000e+04
1.514050000000000000e+04
1.514150000000000000e+04
1.514250000000000000e+04
1.514350000000000000e+04
1.514450000000000000e+04
1.514550000000000000e+04
1.514650000000000000e+04
1.514750000000000000e+04
1.514850000000000000e+04
1.514950000000000000e+04
1.515050000000000000e+04
1.515150000000000000e+04
1.515250000000000000e+04
1.515350000000000000e+04
1.515450000000000000e+04
1.515550000000000000e+04
1.515650000000000000e+04
1.515750000000000000e+04
1.515850000000000000e+04
1.515950000000000000e+04
1.516050000000000000e+04
1.516150000000000000e+04
1.516250000000000000e+04
1.516350000000000000e+04
1.516450000000000000e+04
1.516550000000000000e+04
1.516650000000000000e+04
1.516750000000000000e+04
1.516850000000000000e+04
1.516950000000000000e+04
1.517050000000000000e+04
1.517150000000000000e+04
1.517250000000000000e+04
1.517350000000000000e+04
1.517450000000000000e+04
1.517550000000000000e+04
1.517650000000000000e+04
1.517750000000000000e+04
1.517850000000000000e+04
1.517950000000000000e+04
1.518050000000000000e+04
1.518150000000000000e+04
1.518250000000000000e+04
1.518350000000000000e+04
1.518450000000000000e+04
1.518550000000000000e+04
1.518650000000000000e+04
1.518750000000000000e+04
1.518850000000000000e+04
1.518950000000000000e+04
1.519050000000000000e+04
1.519150000000000000e+04
1.519250000000000000e+04
1.519350000000000000e+04
1.519450000000000000e+04
1.519550000000000000e+04
1.519650000000000000e+04
1.519750000000000000e+04
1.519850000000000000e+04
1.519950000000000000e+04
1.520050000000000000e+04
1.520150000000000000e+04
1.520250000000000000e+04
1.520350000000000000e+04
1.520450000000000000e+04
1.520550000000000000e+04
1.520650000000000000e+04
1.520750000000000000e+04
1.520850000000000000e+04
1.520950000000000000e+04
1.521050000000000000e+04
1.521150000000000000e+04
1.521250000000000000e+04
1.521350000000000000e+04
1.521450000000000000e+04
1.521550000000000000e+04
1.521650000000000000e+04
1.521750000000000000e+04
1.521850000000000000e+04
1.521950000000000000e+04
1.522050000000000000e+04
1.522150000000000000e+04
1.522250000000000000e+04
1.522350000000000000e+04
1.522450000000000000e+04
1.522550000000000000e+04
1.522650000000000000e+04
1.522750000000000000e+04
1.522850000000000000e+04
1.522950000000000000e+04
1.523050000000000000e+04
1.523150000000000000e+04
1.523250000000000000e+04
1.523350000000000000e+04
1.523450000000000000e+04
1.523550000000000000e+04
1.523650000000000000e+04
1.523750000000000000e+04
1.523850000000000000e+04
1.523950000000000000e+04
1.524050000000000000e+04
1.524150000000000000e+04
1.524250000000000000e+04
1.524350000000000000e+04
1.524450000000000000e+04
1.524550000000000000e+04
1.524650000000000000e+04
1.524750000000000000e+04
1.524850000000000000e+04
1.524950000000000000e+04
1.525050000000000000e+04
1.525150000000000000e+04
1.525250000000000000e+04
1.525350000000000000e+04
1.525450000000000000e+04
1.525550000000000000e+04
1.525650000000000000e+04
1.525750000000000000e+04
1.525850000000000000e+04
1.525950000000000000e+04
1.526050000000000000e+04
1.526150000000000000e+04
1.526250000000000000e+04
1.526350000000000000e+04
1.526450000000000000e+04
1.526550000000000000e+04
1.526650000000000000e+04
1.526750000000000000e+04
1.526850000000000000e+04
1.526950000000000000e+04
1.527050000000000000e+04
1.527150000000000000e+04
1.527250000000000000e+04
1.527350000000000000e+04
1.527450000000000000e+04
1.527550000000000000e+04
1.527650000000000000e+04
1.527750000000000000e+04
1.527850000000000000e+04
1.527950000000000000e+04
1.528050000000000000e+04
1.528150000000000000e+04
1.528250000000000000e+04
1.528350000000000000e+04
1.528450000000000000e+04
1.528550000000000000e+04
1.528650000000000000e+04
1.528750000000000000e+04
1.528850000000000000e+04
1.528950000000000000e+04
1.529050000000000000e+04
1.529150000000000000e+04
1.529250000000000000e+04
1.529350000000000000e+04
1.529450000000000000e+04
1.529550000000000000e+04
1.529650000000000000e+04
1.529750000000000000e+04
1.529850000000000000e+04
1.529950000000000000e+04
1.530050000000000000e+04
1.530150000000000000e+04
1.530250000000000000e+04
1.530350000000000000e+04
1.530450000000000000e+04
1.530550000000000000e+04
1.530650000000000000e+04
1.530750000000000000e+04
1.530850000000000000e+04
1.530950000000000000e+04
1.531050000000000000e+04
1.531150000000000000e+04
1.531250000000000000e+04
1.531350000000000000e+04
1.531450000000000000e+04
1.531550000000000000e+04
1.531650000000000000e+04
1.531750000000000000e+04
1.531850000000000000e+04
1.531950000000000000e+04
1.532050000000000000e+04
1.532150000000000000e+04
1.532250000000000000e+04
1.532350000000000000e+04
1.532450000000000000e+04
1.532550000000000000e+04
1.532650000000000000e+04
1.532750000000000000e+04
1.532850000000000000e+04
1.532950000000000000e+04
1.533050000000000000e+04
1.533150000000000000e+04
1.533250000000000000e+04
1.533350000000000000e+04
1.533450000000000000e+04
1.533550000000000000e+04
1.533650000000000000e+04
1.533750000000000000e+04
1.533850000000000000e+04
1.533950000000000000e+04
1.534050000000000000e+04
1.534150000000000000e+04
1.534250000000000000e+04
1.534350000000000000e+04
1.534450000000000000e+04
1.534550000000000000e+04
1.534650000000000000e+04
1.534750000000000000e+04
1.534850000000000000e+04
1.534950000000000000e+04
1.535050000000000000e+04
1.535150000000000000e+04
1.535250000000000000e+04
1.535350000000000000e+04
1.535450000000000000e+04
1.535550000000000000e+04
1.535650000000000000e+04
1.535750000000000000e+04
1.535850000000000000e+04
1.535950000000000000e+04
1.536050000000000000e+04
1.536150000000000000e+04
1.536250000000000000e+04
1.536350000000000000e+04
1.536450000000000000e+04
1.536550000000000000e+04
1.536650000000000000e+04
1.536750000000000000e+04
1.536850000000000000e+04
1.536950000000000000e+04
1.537050000000000000e+04
1.537150000000000000e+04
1.537250000000000000e+04
1.537350000000000000e+04
1.537450000000000000e+04
1.537550000000000000e+04
1.537650000000000000e+04
1.537750000000000000e+04
1.537850000000000000e+04
1.537950000000000000e+04
1.538050000000000000e+04
1.538150000000000000e+04
1.538250000000000000e+04
1.538350000000000000e+04
1.538450000000000000e+04
1.538550000000000000e+04
1.538650000000000000e+04
1.538750000000000000e+04
1.538850000000000000e+04
1.538950000000000000e+04
1.539050000000000000e+04
1.539150000000000000e+04
1.539250000000000000e+04
1.539350000000000000e+04
1.539450000000000000e+04
1.539550000000000000e+04
1.539650000000000000e+04
1.539750000000000000e+04
1.539850000000000000e+04
1.539950000000000000e+04
1.540050000000000000e+04
1.540150000000000000e+04
1.540250000000000000e+04
1.540350000000000000e+04
1.540450000000000000e+04
1.540550000000000000e+04
1.540650000000000000e+04
1.540750000000000000e+04
1.540850000000000000e+04
1.540950000000000000e+04
1.541050000000000000e+04
1.541150000000000000e+04
1.541250000000000000e+04
1.541350000000000000e+04
1.541450000000000000e+04
1.541550000000000000e+04
1.541650000000000000e+04
1.541750000000000000e+04
1.541850000000000000e+04
1.541950000000000000e+04
1.542050000000000000e+04
1.542150000000000000e+04
1.542250000000000000e+04
1.542350000000000000e+04
1.542450000000000000e+04
1.542550000000000000e+04
1.542650000000000000e+04
1.542750000000000000e+04
1.542850000000000000e+04
1.542950000000000000e+04
1.543050000000000000e+04
1.543150000000000000e+04
1.543250000000000000e+04
1.543350000000000000e+04
1.543450000000000000e+04
1.543550000000000000e+04
1.543650000000000000e+04
1.543750000000000000e+04
1.543850000000000000e+04
1.543950000000000000e+04
1.544050000000000000e+04
1.544150000000000000e+04
1.544250000000000000e+04
1.544350000000000000e+04
1.544450000000000000e+04
1.544550000000000000e+04
1.544650000000000000e+04
1.544750000000000000e+04
1.544850000000000000e+04
1.544950000000000000e+04
1.545050000000000000e+04
1.545150000000000000e+04
1.545250000000000000e+04
1.545350000000000000e+04
1.545450000000000000e+04
1.545550000000000000e+04
1.545650000000000000e+04
1.545750000000000000e+04
1.545850000000000000e+04
1.545950000000000000e+04
1.546050000000000000e+04
1.546150000000000000e+04
1.546250000000000000e+04
1.546350000000000000e+04
1.546450000000000000e+04
1.546550000000000000e+04
1.546650000000000000e+04
1.546750000000000000e+04
1.546850000000000000e+04
1.546950000000000000e+04
1.547050000000000000e+04
1.547150000000000000e+04
1.547250000000000000e+04
1.547350000000000000e+04
1.547450000000000000e+04
1.547550000000000000e+04
1.547650000000000000e+04
1.547750000000000000e+04
1.547850000000000000e+04
1.547950000000000000e+04
1.548050000000000000e+04
1.548150000000000000e+04
1.548250000000000000e+04
1.548350000000000000e+04
1.548450000000000000e+04
1.548550000000000000e+04
1.548650000000000000e+04
1.548750000000000000e+04
1.548850000000000000e+04
1.548950000000000000e+04
1.549050000000000000e+04
1.549150000000000000e+04
1.549250000000000000e+04
1.549350000000000000e+04
1.549450000000000000e+04
1.549550000000000000e+04
1.549650000000000000e+04
1.549750000000000000e+04
1.549850000000000000e+04
1.549950000000000000e+04
1.550050000000000000e+04
1.550150000000000000e+04
1.550250000000000000e+04
1.550350000000000000e+04
1.550450000000000000e+04
1.550550000000000000e+04
1.550650000000000000e+04
1.550750000000000000e+04
1.550850000000000000e+04
1.550950000000000000e+04
1.551050000000000000e+04
1.551150000000000000e+04
1.551250000000000000e+04
1.551350000000000000e+04
1.551450000000000000e+04
1.551550000000000000e+04
1.551650000000000000e+04
1.551750000000000000e+04
1.551850000000000000e+04
1.551950000000000000e+04
1.552050000000000000e+04
1.552150000000000000e+04
1.552250000000000000e+04
1.552350000000000000e+04
1.552450000000000000e+04
1.552550000000000000e+04
1.552650000000000000e+04
1.552750000000000000e+04
1.552850000000000000e+04
1.552950000000000000e+04
1.553050000000000000e+04
1.553150000000000000e+04
1.553250000000000000e+04
1.553350000000000000e+04
1.553450000000000000e+04
1.553550000000000000e+04
1.553650000000000000e+04
1.553750000000000000e+04
1.553850000000000000e+04
1.553950000000000000e+04
1.554050000000000000e+04
1.554150000000000000e+04
1.554250000000000000e+04
1.554350000000000000e+04
1.554450000000000000e+04
1.554550000000000000e+04
1.554650000000000000e+04
1.554750000000000000e+04
1.554850000000000000e+04
1.554950000000000000e+04
1.555050000000000000e+04
1.555150000000000000e+04
1.555250000000000000e+04
1.555350000000000000e+04
1.555450000000000000e+04
1.555550000000000000e+04
1.555650000000000000e+04
1.555750000000000000e+04
1.555850000000000000e+04
1.555950000000000000e+04
1.556050000000000000e+04
1.556150000000000000e+04
1.556250000000000000e+04
1.556350000000000000e+04
1.556450000000000000e+04
1.556550000000000000e+04
1.556650000000000000e+04
1.556750000000000000e+04
1.556850000000000000e+04
1.556950000000000000e+04
1.557050000000000000e+04
1.557150000000000000e+04
1.557250000000000000e+04
1.557350000000000000e+04
1.557450000000000000e+04
1.557550000000000000e+04
1.557650000000000000e+04
1.557750000000000000e+04
1.557850000000000000e+04
1.557950000000000000e+04
1.558050000000000000e+04
1.558150000000000000e+04
1.558250000000000000e+04
1.558350000000000000e+04
1.558450000000000000e+04
1.558550000000000000e+04
1.558650000000000000e+04
1.558750000000000000e+04
1.558850000000000000e+04
1.558950000000000000e+04
1.559050000000000000e+04
1.559150000000000000e+04
1.559250000000000000e+04
1.559350000000000000e+04
1.559450000000000000e+04
1.559550000000000000e+04
1.559650000000000000e+04
1.559750000000000000e+04
1.559850000000000000e+04
1.559950000000000000e+04
1.560050000000000000e+04
1.560150000000000000e+04
1.560250000000000000e+04
1.560350000000000000e+04
1.560450000000000000e+04
1.560550000000000000e+04
1.560650000000000000e+04
1.560750000000000000e+04
1.560850000000000000e+04
1.560950000000000000e+04
1.561050000000000000e+04
1.561150000000000000e+04
1.561250000000000000e+04
1.561350000000000000e+04
1.561450000000000000e+04
1.561550000000000000e+04
1.561650000000000000e+04
1.561750000000000000e+04
1.561850000000000000e+04
1.561950000000000000e+04
1.562050000000000000e+04
1.562150000000000000e+04
1.562250000000000000e+04
1.562350000000000000e+04
1.562450000000000000e+04
1.562550000000000000e+04
1.562650000000000000e+04
1.562750000000000000e+04
1.562850000000000000e+04
1.562950000000000000e+04
1.563050000000000000e+04
1.563150000000000000e+04
1.563250000000000000e+04
1.563350000000000000e+04
1.563450000000000000e+04
1.563550000000000000e+04
1.563650000000000000e+04
1.563750000000000000e+04
1.563850000000000000e+04
1.563950000000000000e+04
1.564050000000000000e+04
1.564150000000000000e+04
1.564250000000000000e+04
1.564350000000000000e+04
1.564450000000000000e+04
1.564550000000000000e+04
1.564650000000000000e+04
1.564750000000000000e+04
1.564850000000000000e+04
1.564950000000000000e+04
1.565050000000000000e+04
1.565150000000000000e+04
1.565250000000000000e+04
1.565350000000000000e+04
1.565450000000000000e+04
1.565550000000000000e+04
1.565650000000000000e+04
1.565750000000000000e+04
1.565850000000000000e+04
1.565950000000000000e+04
1.566050000000000000e+04
1.566150000000000000e+04
1.566250000000000000e+04
1.566350000000000000e+04
1.566450000000000000e+04
1.566550000000000000e+04
1.566650000000000000e+04
1.566750000000000000e+04
1.566850000000000000e+04
1.566950000000000000e+04
1.567050000000000000e+04
1.567150000000000000e+04
1.567250000000000000e+04
1.567350000000000000e+04
1.567450000000000000e+04
1.567550000000000000e+04
1.567650000000000000e+04
1.567750000000000000e+04
1.567850000000000000e+04
1.567950000000000000e+04
1.568050000000000000e+04
1.568150000000000000e+04
1.568250000000000000e+04
1.568350000000000000e+04
1.568450000000000000e+04
1.568550000000000000e+04
1.568650000000000000e+04
1.568750000000000000e+04
1.568850000000000000e+04
1.568950000000000000e+04
1.569050000000000000e+04
1.569150000000000000e+04
1.569250000000000000e+04
1.569350000000000000e+04
1.569450000000000000e+04
1.569550000000000000e+04
1.569650000000000000e+04
1.569750000000000000e+04
1.569850000000000000e+04
1.569950000000000000e+04
1.570050000000000000e+04
1.570150000000000000e+04
1.570250000000000000e+04
1.570350000000000000e+04
1.570450000000000000e+04
1.570550000000000000e+04
1.570650000000000000e+04
1.570750000000000000e+04
1.570850000000000000e+04
1.570950000000000000e+04
1.571050000000000000e+04
1.571150000000000000e+04
1.571250000000000000e+04
1.571350000000000000e+04
1.571450000000000000e+04
1.571550000000000000e+04
1.571650000000000000e+04
1.571750000000000000e+04
1.571850000000000000e+04
1.571950000000000000e+04
1.572050000000000000e+04
1.572150000000000000e+04
1.572250000000000000e+04
1.572350000000000000e+04
1.572450000000000000e+04
1.572550000000000000e+04
1.572650000000000000e+04
1.572750000000000000e+04
1.572850000000000000e+04
1.572950000000000000e+04
1.573050000000000000e+04
1.573150000000000000e+04
1.573250000000000000e+04
1.573350000000000000e+04
1.573450000000000000e+04
1.573550000000000000e+04
1.573650000000000000e+04
1.573750000000000000e+04
1.573850000000000000e+04
1.573950000000000000e+04
1.574050000000000000e+04
1.574150000000000000e+04
1.574250000000000000e+04
1.574350000000000000e+04
1.574450000000000000e+04
1.574550000000000000e+04
1.574650000000000000e+04
1.574750000000000000e+04
1.574850000000000000e+04
1.574950000000000000e+04
1.575050000000000000e+04
1.575150000000000000e+04
1.575250000000000000e+04
1.575350000000000000e+04
1.575450000000000000e+04
1.575550000000000000e+04
1.575650000000000000e+04
1.575750000000000000e+04
1.575850000000000000e+04
1.575950000000000000e+04
1.576050000000000000e+04
1.576150000000000000e+04
1.576250000000000000e+04
1.576350000000000000e+04
1.576450000000000000e+04
1.576550000000000000e+04
1.576650000000000000e+04
1.576750000000000000e+04
1.576850000000000000e+04
1.576950000000000000e+04
1.577050000000000000e+04
1.577150000000000000e+04
1.577250000000000000e+04
1.577350000000000000e+04
1.577450000000000000e+04
1.577550000000000000e+04
1.577650000000000000e+04
1.577750000000000000e+04
1.577850000000000000e+04
1.577950000000000000e+04
1.578050000000000000e+04
1.578150000000000000e+04
1.578250000000000000e+04
1.578350000000000000e+04
1.578450000000000000e+04
1.578550000000000000e+04
1.578650000000000000e+04
1.578750000000000000e+04
1.578850000000000000e+04
1.578950000000000000e+04
1.579050000000000000e+04
1.579150000000000000e+04
1.579250000000000000e+04
1.579350000000000000e+04
1.579450000000000000e+04
1.579550000000000000e+04
1.579650000000000000e+04
1.579750000000000000e+04
1.579850000000000000e+04
1.579950000000000000e+04
1.580050000000000000e+04
1.580150000000000000e+04
1.580250000000000000e+04
1.580350000000000000e+04
1.580450000000000000e+04
1.580550000000000000e+04
1.580650000000000000e+04
1.580750000000000000e+04
1.580850000000000000e+04
1.580950000000000000e+04
1.581050000000000000e+04
1.581150000000000000e+04
1.581250000000000000e+04
1.581350000000000000e+04
1.581450000000000000e+04
1.581550000000000000e+04
1.581650000000000000e+04
1.581750000000000000e+04
1.581850000000000000e+04
1.581950000000000000e+04
1.582050000000000000e+04
1.582150000000000000e+04
1.582250000000000000e+04
1.582350000000000000e+04
1.582450000000000000e+04
1.582550000000000000e+04
1.582650000000000000e+04
1.582750000000000000e+04
1.582850000000000000e+04
1.582950000000000000e+04
1.583050000000000000e+04
1.583150000000000000e+04
1.583250000000000000e+04
1.583350000000000000e+04
1.583450000000000000e+04
1.583550000000000000e+04
1.583650000000000000e+04
1.583750000000000000e+04
1.583850000000000000e+04
1.583950000000000000e+04
1.584050000000000000e+04
1.584150000000000000e+04
1.584250000000000000e+04
1.584350000000000000e+04
1.584450000000000000e+04
1.584550000000000000e+04
1.584650000000000000e+04
1.584750000000000000e+04
1.584850000000000000e+04
1.584950000000000000e+04
1.585050000000000000e+04
1.585150000000000000e+04
1.585250000000000000e+04
1.585350000000000000e+04
1.585450000000000000e+04
1.585550000000000000e+04
1.585650000000000000e+04
1.585750000000000000e+04
1.585850000000000000e+04
1.585950000000000000e+04
1.586050000000000000e+04
1.586150000000000000e+04
1.586250000000000000e+04
1.586350000000000000e+04
1.586450000000000000e+04
1.586550000000000000e+04
1.586650000000000000e+04
1.586750000000000000e+04
1.586850000000000000e+04
1.586950000000000000e+04
1.587050000000000000e+04
1.587150000000000000e+04
1.587250000000000000e+04
1.587350000000000000e+04
1.587450000000000000e+04
1.587550000000000000e+04
1.587650000000000000e+04
1.587750000000000000e+04
1.587850000000000000e+04
1.587950000000000000e+04
1.588050000000000000e+04
1.588150000000000000e+04
1.588250000000000000e+04
1.588350000000000000e+04
1.588450000000000000e+04
1.588550000000000000e+04
1.588650000000000000e+04
1.588750000000000000e+04
1.588850000000000000e+04
1.588950000000000000e+04
1.589050000000000000e+04
1.589150000000000000e+04
1.589250000000000000e+04
1.589350000000000000e+04
1.589450000000000000e+04
1.589550000000000000e+04
1.589650000000000000e+04
1.589750000000000000e+04
1.589850000000000000e+04
1.589950000000000000e+04
1.590050000000000000e+04
1.590150000000000000e+04
1.590250000000000000e+04
1.590350000000000000e+04
1.590450000000000000e+04
1.590550000000000000e+04
1.590650000000000000e+04
1.590750000000000000e+04
1.590850000000000000e+04
1.590950000000000000e+04
1.591050000000000000e+04
1.591150000000000000e+04
1.591250000000000000e+04
1.591350000000000000e+04
1.591450000000000000e+04
1.591550000000000000e+04
1.591650000000000000e+04
1.591750000000000000e+04
1.591850000000000000e+04
1.591950000000000000e+04
1.592050000000000000e+04
1.592150000000000000e+04
1.592250000000000000e+04
1.592350000000000000e+04
1.592450000000000000e+04
1.592550000000000000e+04
1.592650000000000000e+04
1.592750000000000000e+04
1.592850000000000000e+04
1.592950000000000000e+04
1.593050000000000000e+04
1.593150000000000000e+04
1.593250000000000000e+04
1.593350000000000000e+04
1.593450000000000000e+04
1.593550000000000000e+04
1.593650000000000000e+04
1.593750000000000000e+04
1.593850000000000000e+04
1.593950000000000000e+04
1.594050000000000000e+04
1.594150000000000000e+04
1.594250000000000000e+04
1.594350000000000000e+04
1.594450000000000000e+04
1.594550000000000000e+04
1.594650000000000000e+04
1.594750000000000000e+04
1.594850000000000000e+04
1.594950000000000000e+04
1.595050000000000000e+04
1.595150000000000000e+04
1.595250000000000000e+04
1.595350000000000000e+04
1.595450000000000000e+04
1.595550000000000000e+04
1.595650000000000000e+04
1.595750000000000000e+04
1.595850000000000000e+04
1.595950000000000000e+04
1.596050000000000000e+04
1.596150000000000000e+04
1.596250000000000000e+04
1.596350000000000000e+04
1.596450000000000000e+04
1.596550000000000000e+04
1.596650000000000000e+04
1.596750000000000000e+04
1.596850000000000000e+04
1.596950000000000000e+04
1.597050000000000000e+04
1.597150000000000000e+04
1.597250000000000000e+04
1.597350000000000000e+04
1.597450000000000000e+04
1.597550000000000000e+04
1.597650000000000000e+04
1.597750000000000000e+04
1.597850000000000000e+04
1.597950000000000000e+04
1.598050000000000000e+04
1.598150000000000000e+04
1.598250000000000000e+04
1.598350000000000000e+04
1.598450000000000000e+04
1.598550000000000000e+04
1.598650000000000000e+04
1.598750000000000000e+04
1.598850000000000000e+04
1.598950000000000000e+04
1.599050000000000000e+04
1.599150000000000000e+04
1.599250000000000000e+04
1.599350000000000000e+04
1.599450000000000000e+04
1.599550000000000000e+04
1.599650000000000000e+04
1.599750000000000000e+04
1.599850000000000000e+04
1.599950000000000000e+04
1.600050000000000000e+04
1.600150000000000000e+04
1.600250000000000000e+04
1.600350000000000000e+04
1.600450000000000000e+04
1.600550000000000000e+04
1.600650000000000000e+04
1.600750000000000000e+04
1.600850000000000000e+04
1.600950000000000000e+04
1.601050000000000000e+04
1.601150000000000000e+04
1.601250000000000000e+04
1.601350000000000000e+04
1.601450000000000000e+04
1.601550000000000000e+04
1.601650000000000000e+04
1.601750000000000000e+04
1.601850000000000000e+04
1.601950000000000000e+04
1.602050000000000000e+04
1.602150000000000000e+04
1.602250000000000000e+04
1.602350000000000000e+04
1.602450000000000000e+04
1.602550000000000000e+04
1.602650000000000000e+04
1.602750000000000000e+04
1.602850000000000000e+04
1.602950000000000000e+04
1.603050000000000000e+04
1.603150000000000000e+04
1.603250000000000000e+04
1.603350000000000000e+04
1.603450000000000000e+04
1.603550000000000000e+04
1.603650000000000000e+04
1.603750000000000000e+04
1.603850000000000000e+04
1.603950000000000000e+04
1.604050000000000000e+04
1.604150000000000000e+04
1.604250000000000000e+04
1.604350000000000000e+04
1.604450000000000000e+04
1.604550000000000000e+04
1.604650000000000000e+04
1.604750000000000000e+04
1.604850000000000000e+04
1.604950000000000000e+04
1.605050000000000000e+04
1.605150000000000000e+04
1.605250000000000000e+04
1.605350000000000000e+04
1.605450000000000000e+04
1.605550000000000000e+04
1.605650000000000000e+04
1.605750000000000000e+04
1.605850000000000000e+04
1.605950000000000000e+04
1.606050000000000000e+04
1.606150000000000000e+04
1.606250000000000000e+04
1.606350000000000000e+04
1.606450000000000000e+04
1.606550000000000000e+04
1.606650000000000000e+04
1.606750000000000000e+04
1.606850000000000000e+04
1.606950000000000000e+04
1.607050000000000000e+04
1.607150000000000000e+04
1.607250000000000000e+04
1.607350000000000000e+04
1.607450000000000000e+04
1.607550000000000000e+04
1.607650000000000000e+04
1.607750000000000000e+04
1.607850000000000000e+04
1.607950000000000000e+04
1.608050000000000000e+04
1.608150000000000000e+04
1.608250000000000000e+04
1.608350000000000000e+04
1.608450000000000000e+04
1.608550000000000000e+04
1.608650000000000000e+04
1.608750000000000000e+04
1.608850000000000000e+04
1.608950000000000000e+04
1.609050000000000000e+04
1.609150000000000000e+04
1.609250000000000000e+04
1.609350000000000000e+04
1.609450000000000000e+04
1.609550000000000000e+04
1.609650000000000000e+04
1.609750000000000000e+04
1.609850000000000000e+04
1.609950000000000000e+04
1.610050000000000000e+04
1.610150000000000000e+04
1.610250000000000000e+04
1.610350000000000000e+04
1.610450000000000000e+04
1.610550000000000000e+04
1.610650000000000000e+04
1.610750000000000000e+04
1.610850000000000000e+04
1.610950000000000000e+04
1.611050000000000000e+04
1.611150000000000000e+04
1.611250000000000000e+04
1.611350000000000000e+04
1.611450000000000000e+04
1.611550000000000000e+04
1.611650000000000000e+04
1.611750000000000000e+04
1.611850000000000000e+04
1.611950000000000000e+04
1.612050000000000000e+04
1.612150000000000000e+04
1.612250000000000000e+04
1.612350000000000000e+04
1.612450000000000000e+04
1.612550000000000000e+04
1.612650000000000000e+04
1.612750000000000000e+04
1.612850000000000000e+04
1.612950000000000000e+04
1.613050000000000000e+04
1.613150000000000000e+04
1.613250000000000000e+04
1.613350000000000000e+04
1.613450000000000000e+04
1.613550000000000000e+04
1.613650000000000000e+04
1.613750000000000000e+04
1.613850000000000000e+04
1.613950000000000000e+04
1.614050000000000000e+04
1.614150000000000000e+04
1.614250000000000000e+04
1.614350000000000000e+04
1.614450000000000000e+04
1.614550000000000000e+04
1.614650000000000000e+04
1.614750000000000000e+04
1.614850000000000000e+04
1.614950000000000000e+04
1.615050000000000000e+04
1.615150000000000000e+04
1.615250000000000000e+04
1.615350000000000000e+04
1.615450000000000000e+04
1.615550000000000000e+04
1.615650000000000000e+04
1.615750000000000000e+04
1.615850000000000000e+04
1.615950000000000000e+04
1.616050000000000000e+04
1.616150000000000000e+04
1.616250000000000000e+04
1.616350000000000000e+04
1.616450000000000000e+04
1.616550000000000000e+04
1.616650000000000000e+04
1.616750000000000000e+04
1.616850000000000000e+04
1.616950000000000000e+04
1.617050000000000000e+04
1.617150000000000000e+04
1.617250000000000000e+04
1.617350000000000000e+04
1.617450000000000000e+04
1.617550000000000000e+04
1.617650000000000000e+04
1.617750000000000000e+04
1.617850000000000000e+04
1.617950000000000000e+04
1.618050000000000000e+04
1.618150000000000000e+04
1.618250000000000000e+04
1.618350000000000000e+04
1.618450000000000000e+04
1.618550000000000000e+04
1.618650000000000000e+04
1.618750000000000000e+04
1.618850000000000000e+04
1.618950000000000000e+04
1.619050000000000000e+04
1.619150000000000000e+04
1.619250000000000000e+04
1.619350000000000000e+04
1.619450000000000000e+04
1.619550000000000000e+04
1.619650000000000000e+04
1.619750000000000000e+04
1.619850000000000000e+04
1.619950000000000000e+04
1.620050000000000000e+04
1.620150000000000000e+04
1.620250000000000000e+04
1.620350000000000000e+04
1.620450000000000000e+04
1.620550000000000000e+04
1.620650000000000000e+04
1.620750000000000000e+04
1.620850000000000000e+04
1.620950000000000000e+04
1.621050000000000000e+04
1.621150000000000000e+04
1.621250000000000000e+04
1.621350000000000000e+04
1.621450000000000000e+04
1.621550000000000000e+04
1.621650000000000000e+04
1.621750000000000000e+04
1.621850000000000000e+04
1.621950000000000000e+04
1.622050000000000000e+04
1.622150000000000000e+04
1.622250000000000000e+04
1.622350000000000000e+04
1.622450000000000000e+04
1.622550000000000000e+04
1.622650000000000000e+04
1.622750000000000000e+04
1.622850000000000000e+04
1.622950000000000000e+04
1.623050000000000000e+04
1.623150000000000000e+04
1.623250000000000000e+04
1.623350000000000000e+04
1.623450000000000000e+04
1.623550000000000000e+04
1.623650000000000000e+04
1.623750000000000000e+04
1.623850000000000000e+04
1.623950000000000000e+04
1.624050000000000000e+04
1.624150000000000000e+04
1.624250000000000000e+04
1.624350000000000000e+04
1.624450000000000000e+04
1.624550000000000000e+04
1.624650000000000000e+04
1.624750000000000000e+04
1.624850000000000000e+04
1.624950000000000000e+04
1.625050000000000000e+04
1.625150000000000000e+04
1.625250000000000000e+04
1.625350000000000000e+04
1.625450000000000000e+04
1.625550000000000000e+04
1.625650000000000000e+04
1.625750000000000000e+04
1.625850000000000000e+04
1.625950000000000000e+04
1.626050000000000000e+04
1.626150000000000000e+04
1.626250000000000000e+04
1.626350000000000000e+04
1.626450000000000000e+04
1.626550000000000000e+04
1.626650000000000000e+04
1.626750000000000000e+04
1.626850000000000000e+04
1.626950000000000000e+04
1.627050000000000000e+04
1.627150000000000000e+04
1.627250000000000000e+04
1.627350000000000000e+04
1.627450000000000000e+04
1.627550000000000000e+04
1.627650000000000000e+04
1.627750000000000000e+04
1.627850000000000000e+04
1.627950000000000000e+04
1.628050000000000000e+04
1.628150000000000000e+04
1.628250000000000000e+04
1.628350000000000000e+04
1.628450000000000000e+04
1.628550000000000000e+04
1.628650000000000000e+04
1.628750000000000000e+04
1.628850000000000000e+04
1.628950000000000000e+04
1.629050000000000000e+04
1.629150000000000000e+04
1.629250000000000000e+04
1.629350000000000000e+04
1.629450000000000000e+04
1.629550000000000000e+04
1.629650000000000000e+04
1.629750000000000000e+04
1.629850000000000000e+04
1.629950000000000000e+04
1.630050000000000000e+04
1.630150000000000000e+04
1.630250000000000000e+04
1.630350000000000000e+04
1.630450000000000000e+04
1.630550000000000000e+04
1.630650000000000000e+04
1.630750000000000000e+04
1.630850000000000000e+04
1.630950000000000000e+04
1.631050000000000000e+04
1.631150000000000000e+04
1.631250000000000000e+04
1.631350000000000000e+04
1.631450000000000000e+04
1.631550000000000000e+04
1.631650000000000000e+04
1.631750000000000000e+04
1.631850000000000000e+04
1.631950000000000000e+04
1.632050000000000000e+04
1.632150000000000000e+04
1.632250000000000000e+04
1.632350000000000000e+04
1.632450000000000000e+04
1.632550000000000000e+04
1.632650000000000000e+04
1.632750000000000000e+04
1.632850000000000000e+04
1.632950000000000000e+04
1.633050000000000000e+04
1.633150000000000000e+04
1.633250000000000000e+04
1.633350000000000000e+04
1.633450000000000000e+04
1.633550000000000000e+04
1.633650000000000000e+04
1.633750000000000000e+04
1.633850000000000000e+04
1.633950000000000000e+04
1.634050000000000000e+04
1.634150000000000000e+04
1.634250000000000000e+04
1.634350000000000000e+04
1.634450000000000000e+04
1.634550000000000000e+04
1.634650000000000000e+04
1.634750000000000000e+04
1.634850000000000000e+04
1.634950000000000000e+04
1.635050000000000000e+04
1.635150000000000000e+04
1.635250000000000000e+04
1.635350000000000000e+04
1.635450000000000000e+04
1.635550000000000000e+04
1.635650000000000000e+04
1.635750000000000000e+04
1.635850000000000000e+04
1.635950000000000000e+04
1.636050000000000000e+04
1.636150000000000000e+04
1.636250000000000000e+04
1.636350000000000000e+04
1.636450000000000000e+04
1.636550000000000000e+04
1.636650000000000000e+04
1.636750000000000000e+04
1.636850000000000000e+04
1.636950000000000000e+04
1.637050000000000000e+04
1.637150000000000000e+04
1.637250000000000000e+04
1.637350000000000000e+04
1.637450000000000000e+04
1.637550000000000000e+04
1.637650000000000000e+04
1.637750000000000000e+04
1.637850000000000000e+04
1.637950000000000000e+04
1.638050000000000000e+04
1.638150000000000000e+04
1.638250000000000000e+04
1.638350000000000000e+04
1.638450000000000000e+04
1.638550000000000000e+04
1.638650000000000000e+04
1.638750000000000000e+04
1.638850000000000000e+04
1.638950000000000000e+04
1.639050000000000000e+04
1.639150000000000000e+04
1.639250000000000000e+04
1.639350000000000000e+04
1.639450000000000000e+04
1.639550000000000000e+04
1.639650000000000000e+04
1.639750000000000000e+04
1.639850000000000000e+04
1.639950000000000000e+04
1.640050000000000000e+04
1.640150000000000000e+04
1.640250000000000000e+04
1.640350000000000000e+04
1.640450000000000000e+04
1.640550000000000000e+04
1.640650000000000000e+04
1.640750000000000000e+04
1.640850000000000000e+04
1.640950000000000000e+04
1.641050000000000000e+04
1.641150000000000000e+04
1.641250000000000000e+04
1.641350000000000000e+04
1.641450000000000000e+04
1.641550000000000000e+04
1.641650000000000000e+04
1.641750000000000000e+04
1.641850000000000000e+04
1.641950000000000000e+04
1.642050000000000000e+04
1.642150000000000000e+04
1.642250000000000000e+04
1.642350000000000000e+04
1.642450000000000000e+04
1.642550000000000000e+04
1.642650000000000000e+04
1.642750000000000000e+04
1.642850000000000000e+04
1.642950000000000000e+04
1.643050000000000000e+04
1.643150000000000000e+04
1.643250000000000000e+04
1.643350000000000000e+04
1.643450000000000000e+04
1.643550000000000000e+04
1.643650000000000000e+04
1.643750000000000000e+04
1.643850000000000000e+04
1.643950000000000000e+04
1.644050000000000000e+04
1.644150000000000000e+04
1.644250000000000000e+04
1.644350000000000000e+04
1.644450000000000000e+04
1.644550000000000000e+04
1.644650000000000000e+04
1.644750000000000000e+04
1.644850000000000000e+04
1.644950000000000000e+04
1.645050000000000000e+04
1.645150000000000000e+04
1.645250000000000000e+04
1.645350000000000000e+04
1.645450000000000000e+04
1.645550000000000000e+04
1.645650000000000000e+04
1.645750000000000000e+04
1.645850000000000000e+04
1.645950000000000000e+04
1.646050000000000000e+04
1.646150000000000000e+04
1.646250000000000000e+04
1.646350000000000000e+04
1.646450000000000000e+04
1.646550000000000000e+04
1.646650000000000000e+04
1.646750000000000000e+04
1.646850000000000000e+04
1.646950000000000000e+04
1.647050000000000000e+04
1.647150000000000000e+04
1.647250000000000000e+04
1.647350000000000000e+04
1.647450000000000000e+04
1.647550000000000000e+04
1.647650000000000000e+04
1.647750000000000000e+04
1.647850000000000000e+04
1.647950000000000000e+04
1.648050000000000000e+04
1.648150000000000000e+04
1.648250000000000000e+04
1.648350000000000000e+04
1.648450000000000000e+04
1.648550000000000000e+04
1.648650000000000000e+04
1.648750000000000000e+04
1.648850000000000000e+04
1.648950000000000000e+04
1.649050000000000000e+04
1.649150000000000000e+04
1.649250000000000000e+04
1.649350000000000000e+04
1.649450000000000000e+04
1.649550000000000000e+04
1.649650000000000000e+04
1.649750000000000000e+04
1.649850000000000000e+04
1.649950000000000000e+04
1.650050000000000000e+04
1.650150000000000000e+04
1.650250000000000000e+04
1.650350000000000000e+04
1.650450000000000000e+04
1.650550000000000000e+04
1.650650000000000000e+04
1.650750000000000000e+04
1.650850000000000000e+04
1.650950000000000000e+04
1.651050000000000000e+04
1.651150000000000000e+04
1.651250000000000000e+04
1.651350000000000000e+04
1.651450000000000000e+04
1.651550000000000000e+04
1.651650000000000000e+04
1.651750000000000000e+04
1.651850000000000000e+04
1.651950000000000000e+04
1.652050000000000000e+04
1.652150000000000000e+04
1.652250000000000000e+04
1.652350000000000000e+04
1.652450000000000000e+04
1.652550000000000000e+04
1.652650000000000000e+04
1.652750000000000000e+04
1.652850000000000000e+04
1.652950000000000000e+04
1.653050000000000000e+04
1.653150000000000000e+04
1.653250000000000000e+04
1.653350000000000000e+04
1.653450000000000000e+04
1.653550000000000000e+04
1.653650000000000000e+04
1.653750000000000000e+04
1.653850000000000000e+04
1.653950000000000000e+04
1.654050000000000000e+04
1.654150000000000000e+04
1.654250000000000000e+04
1.654350000000000000e+04
1.654450000000000000e+04
1.654550000000000000e+04
1.654650000000000000e+04
1.654750000000000000e+04
1.654850000000000000e+04
1.654950000000000000e+04
1.655050000000000000e+04
1.655150000000000000e+04
1.655250000000000000e+04
1.655350000000000000e+04
1.655450000000000000e+04
1.655550000000000000e+04
1.655650000000000000e+04
1.655750000000000000e+04
1.655850000000000000e+04
1.655950000000000000e+04
1.656050000000000000e+04
1.656150000000000000e+04
1.656250000000000000e+04
1.656350000000000000e+04
1.656450000000000000e+04
1.656550000000000000e+04
1.656650000000000000e+04
1.656750000000000000e+04
1.656850000000000000e+04
1.656950000000000000e+04
1.657050000000000000e+04
1.657150000000000000e+04
1.657250000000000000e+04
1.657350000000000000e+04
1.657450000000000000e+04
1.657550000000000000e+04
1.657650000000000000e+04
1.657750000000000000e+04
1.657850000000000000e+04
1.657950000000000000e+04
1.658050000000000000e+04
1.658150000000000000e+04
1.658250000000000000e+04
1.658350000000000000e+04
1.658450000000000000e+04
1.658550000000000000e+04
1.658650000000000000e+04
1.658750000000000000e+04
1.658850000000000000e+04
1.658950000000000000e+04
1.659050000000000000e+04
1.659150000000000000e+04
1.659250000000000000e+04
1.659350000000000000e+04
1.659450000000000000e+04
1.659550000000000000e+04
1.659650000000000000e+04
1.659750000000000000e+04
1.659850000000000000e+04
1.659950000000000000e+04
1.660050000000000000e+04
1.660150000000000000e+04
1.660250000000000000e+04
1.660350000000000000e+04
1.660450000000000000e+04
1.660550000000000000e+04
1.660650000000000000e+04
1.660750000000000000e+04
1.660850000000000000e+04
1.660950000000000000e+04
1.661050000000000000e+04
1.661150000000000000e+04
1.661250000000000000e+04
1.661350000000000000e+04
1.661450000000000000e+04
1.661550000000000000e+04
1.661650000000000000e+04
1.661750000000000000e+04
1.661850000000000000e+04
1.661950000000000000e+04
1.662050000000000000e+04
1.662150000000000000e+04
1.662250000000000000e+04
1.662350000000000000e+04
1.662450000000000000e+04
1.662550000000000000e+04
1.662650000000000000e+04
1.662750000000000000e+04
1.662850000000000000e+04
1.662950000000000000e+04
1.663050000000000000e+04
1.663150000000000000e+04
1.663250000000000000e+04
1.663350000000000000e+04
1.663450000000000000e+04
1.663550000000000000e+04
1.663650000000000000e+04
1.663750000000000000e+04
1.663850000000000000e+04
1.663950000000000000e+04
1.664050000000000000e+04
1.664150000000000000e+04
1.664250000000000000e+04
1.664350000000000000e+04
1.664450000000000000e+04
1.664550000000000000e+04
1.664650000000000000e+04
1.664750000000000000e+04
1.664850000000000000e+04
1.664950000000000000e+04
1.665050000000000000e+04
1.665150000000000000e+04
1.665250000000000000e+04
1.665350000000000000e+04
1.665450000000000000e+04
1.665550000000000000e+04
1.665650000000000000e+04
1.665750000000000000e+04
1.665850000000000000e+04
1.665950000000000000e+04
1.666050000000000000e+04
1.666150000000000000e+04
1.666250000000000000e+04
1.666350000000000000e+04
1.666450000000000000e+04
1.666550000000000000e+04
1.666650000000000000e+04
1.666750000000000000e+04
1.666850000000000000e+04
1.666950000000000000e+04
1.667050000000000000e+04
1.667150000000000000e+04
1.667250000000000000e+04
1.667350000000000000e+04
1.667450000000000000e+04
1.667550000000000000e+04
1.667650000000000000e+04
1.667750000000000000e+04
1.667850000000000000e+04
1.667950000000000000e+04
1.668050000000000000e+04
1.668150000000000000e+04
1.668250000000000000e+04
1.668350000000000000e+04
1.668450000000000000e+04
1.668550000000000000e+04
1.668650000000000000e+04
1.668750000000000000e+04
1.668850000000000000e+04
1.668950000000000000e+04
1.669050000000000000e+04
1.669150000000000000e+04
1.669250000000000000e+04
1.669350000000000000e+04
1.669450000000000000e+04
1.669550000000000000e+04
1.669650000000000000e+04
1.669750000000000000e+04
1.669850000000000000e+04
1.669950000000000000e+04
1.670050000000000000e+04
1.670150000000000000e+04
1.670250000000000000e+04
1.670350000000000000e+04
1.670450000000000000e+04
1.670550000000000000e+04
1.670650000000000000e+04
1.670750000000000000e+04
1.670850000000000000e+04
1.670950000000000000e+04
1.671050000000000000e+04
1.671150000000000000e+04
1.671250000000000000e+04
1.671350000000000000e+04
1.671450000000000000e+04
1.671550000000000000e+04
1.671650000000000000e+04
1.671750000000000000e+04
1.671850000000000000e+04
1.671950000000000000e+04
1.672050000000000000e+04
1.672150000000000000e+04
1.672250000000000000e+04
1.672350000000000000e+04
1.672450000000000000e+04
1.672550000000000000e+04
1.672650000000000000e+04
1.672750000000000000e+04
1.672850000000000000e+04
1.672950000000000000e+04
1.673050000000000000e+04
1.673150000000000000e+04
1.673250000000000000e+04
1.673350000000000000e+04
1.673450000000000000e+04
1.673550000000000000e+04
1.673650000000000000e+04
1.673750000000000000e+04
1.673850000000000000e+04
1.673950000000000000e+04
1.674050000000000000e+04
1.674150000000000000e+04
1.674250000000000000e+04
1.674350000000000000e+04
1.674450000000000000e+04
1.674550000000000000e+04
1.674650000000000000e+04
1.674750000000000000e+04
1.674850000000000000e+04
1.674950000000000000e+04
1.675050000000000000e+04
1.675150000000000000e+04
1.675250000000000000e+04
1.675350000000000000e+04
1.675450000000000000e+04
1.675550000000000000e+04
1.675650000000000000e+04
1.675750000000000000e+04
1.675850000000000000e+04
1.675950000000000000e+04
1.676050000000000000e+04
1.676150000000000000e+04
1.676250000000000000e+04
1.676350000000000000e+04
1.676450000000000000e+04
1.676550000000000000e+04
1.676650000000000000e+04
1.676750000000000000e+04
1.676850000000000000e+04
1.676950000000000000e+04
1.677050000000000000e+04
1.677150000000000000e+04
1.677250000000000000e+04
1.677350000000000000e+04
1.677450000000000000e+04
1.677550000000000000e+04
1.677650000000000000e+04
1.677750000000000000e+04
1.677850000000000000e+04
1.677950000000000000e+04
1.678050000000000000e+04
1.678150000000000000e+04
1.678250000000000000e+04
1.678350000000000000e+04
1.678450000000000000e+04
1.678550000000000000e+04
1.678650000000000000e+04
1.678750000000000000e+04
1.678850000000000000e+04
1.678950000000000000e+04
1.679050000000000000e+04
1.679150000000000000e+04
1.679250000000000000e+04
1.679350000000000000e+04
1.679450000000000000e+04
1.679550000000000000e+04
1.679650000000000000e+04
1.679750000000000000e+04
1.679850000000000000e+04
1.679950000000000000e+04
1.680050000000000000e+04
1.680150000000000000e+04
1.680250000000000000e+04
1.680350000000000000e+04
1.680450000000000000e+04
1.680550000000000000e+04
1.680650000000000000e+04
1.680750000000000000e+04
1.680850000000000000e+04
1.680950000000000000e+04
1.681050000000000000e+04
1.681150000000000000e+04
1.681250000000000000e+04
1.681350000000000000e+04
1.681450000000000000e+04
1.681550000000000000e+04
1.681650000000000000e+04
1.681750000000000000e+04
1.681850000000000000e+04
1.681950000000000000e+04
1.682050000000000000e+04
1.682150000000000000e+04
1.682250000000000000e+04
1.682350000000000000e+04
1.682450000000000000e+04
1.682550000000000000e+04
1.682650000000000000e+04
1.682750000000000000e+04
1.682850000000000000e+04
1.682950000000000000e+04
1.683050000000000000e+04
1.683150000000000000e+04
1.683250000000000000e+04
1.683350000000000000e+04
1.683450000000000000e+04
1.683550000000000000e+04
1.683650000000000000e+04
1.683750000000000000e+04
1.683850000000000000e+04
1.683950000000000000e+04
1.684050000000000000e+04
1.684150000000000000e+04
1.684250000000000000e+04
1.684350000000000000e+04
1.684450000000000000e+04
1.684550000000000000e+04
1.684650000000000000e+04
1.684750000000000000e+04
1.684850000000000000e+04
1.684950000000000000e+04
1.685050000000000000e+04
1.685150000000000000e+04
1.685250000000000000e+04
1.685350000000000000e+04
1.685450000000000000e+04
1.685550000000000000e+04
1.685650000000000000e+04
1.685750000000000000e+04
1.685850000000000000e+04
1.685950000000000000e+04
1.686050000000000000e+04
1.686150000000000000e+04
1.686250000000000000e+04
1.686350000000000000e+04
1.686450000000000000e+04
1.686550000000000000e+04
1.686650000000000000e+04
1.686750000000000000e+04
1.686850000000000000e+04
1.686950000000000000e+04
1.687050000000000000e+04
1.687150000000000000e+04
1.687250000000000000e+04
1.687350000000000000e+04
1.687450000000000000e+04
1.687550000000000000e+04
1.687650000000000000e+04
1.687750000000000000e+04
1.687850000000000000e+04
1.687950000000000000e+04
1.688050000000000000e+04
1.688150000000000000e+04
1.688250000000000000e+04
1.688350000000000000e+04
1.688450000000000000e+04
1.688550000000000000e+04
1.688650000000000000e+04
1.688750000000000000e+04
1.688850000000000000e+04
1.688950000000000000e+04
1.689050000000000000e+04
1.689150000000000000e+04
1.689250000000000000e+04
1.689350000000000000e+04
1.689450000000000000e+04
1.689550000000000000e+04
1.689650000000000000e+04
1.689750000000000000e+04
1.689850000000000000e+04
1.689950000000000000e+04
1.690050000000000000e+04
1.690150000000000000e+04
1.690250000000000000e+04
1.690350000000000000e+04
1.690450000000000000e+04
1.690550000000000000e+04
1.690650000000000000e+04
1.690750000000000000e+04
1.690850000000000000e+04
1.690950000000000000e+04
1.691050000000000000e+04
1.691150000000000000e+04
1.691250000000000000e+04
1.691350000000000000e+04
1.691450000000000000e+04
1.691550000000000000e+04
1.691650000000000000e+04
1.691750000000000000e+04
1.691850000000000000e+04
1.691950000000000000e+04
1.692050000000000000e+04
1.692150000000000000e+04
1.692250000000000000e+04
1.692350000000000000e+04
1.692450000000000000e+04
1.692550000000000000e+04
1.692650000000000000e+04
1.692750000000000000e+04
1.692850000000000000e+04
1.692950000000000000e+04
1.693050000000000000e+04
1.693150000000000000e+04
1.693250000000000000e+04
1.693350000000000000e+04
1.693450000000000000e+04
1.693550000000000000e+04
1.693650000000000000e+04
1.693750000000000000e+04
1.693850000000000000e+04
1.693950000000000000e+04
1.694050000000000000e+04
1.694150000000000000e+04
1.694250000000000000e+04
1.694350000000000000e+04
1.694450000000000000e+04
1.694550000000000000e+04
1.694650000000000000e+04
1.694750000000000000e+04
1.694850000000000000e+04
1.694950000000000000e+04
1.695050000000000000e+04
1.695150000000000000e+04
1.695250000000000000e+04
1.695350000000000000e+04
1.695450000000000000e+04
1.695550000000000000e+04
1.695650000000000000e+04
1.695750000000000000e+04
1.695850000000000000e+04
1.695950000000000000e+04
1.696050000000000000e+04
1.696150000000000000e+04
1.696250000000000000e+04
1.696350000000000000e+04
1.696450000000000000e+04
1.696550000000000000e+04
1.696650000000000000e+04
1.696750000000000000e+04
1.696850000000000000e+04
1.696950000000000000e+04
1.697050000000000000e+04
1.697150000000000000e+04
1.697250000000000000e+04
1.697350000000000000e+04
1.697450000000000000e+04
1.697550000000000000e+04
1.697650000000000000e+04
1.697750000000000000e+04
1.697850000000000000e+04
1.697950000000000000e+04
1.698050000000000000e+04
1.698150000000000000e+04
1.698250000000000000e+04
1.698350000000000000e+04
1.698450000000000000e+04
1.698550000000000000e+04
1.698650000000000000e+04
1.698750000000000000e+04
1.698850000000000000e+04
1.698950000000000000e+04
1.699050000000000000e+04
1.699150000000000000e+04
1.699250000000000000e+04
1.699350000000000000e+04
1.699450000000000000e+04
1.699550000000000000e+04
1.699650000000000000e+04
1.699750000000000000e+04
1.699850000000000000e+04
1.699950000000000000e+04
1.700050000000000000e+04
1.700150000000000000e+04
1.700250000000000000e+04
1.700350000000000000e+04
1.700450000000000000e+04
1.700550000000000000e+04
1.700650000000000000e+04
1.700750000000000000e+04
1.700850000000000000e+04
1.700950000000000000e+04
1.701050000000000000e+04
1.701150000000000000e+04
1.701250000000000000e+04
1.701350000000000000e+04
1.701450000000000000e+04
1.701550000000000000e+04
1.701650000000000000e+04
1.701750000000000000e+04
1.701850000000000000e+04
1.701950000000000000e+04
1.702050000000000000e+04
1.702150000000000000e+04
1.702250000000000000e+04
1.702350000000000000e+04
1.702450000000000000e+04
1.702550000000000000e+04
1.702650000000000000e+04
1.702750000000000000e+04
1.702850000000000000e+04
1.702950000000000000e+04
1.703050000000000000e+04
1.703150000000000000e+04
1.703250000000000000e+04
1.703350000000000000e+04
1.703450000000000000e+04
1.703550000000000000e+04
1.703650000000000000e+04
1.703750000000000000e+04
1.703850000000000000e+04
1.703950000000000000e+04
1.704050000000000000e+04
1.704150000000000000e+04
1.704250000000000000e+04
1.704350000000000000e+04
1.704450000000000000e+04
1.704550000000000000e+04
1.704650000000000000e+04
1.704750000000000000e+04
1.704850000000000000e+04
1.704950000000000000e+04
1.705050000000000000e+04
1.705150000000000000e+04
1.705250000000000000e+04
1.705350000000000000e+04
1.705450000000000000e+04
1.705550000000000000e+04
1.705650000000000000e+04
1.705750000000000000e+04
1.705850000000000000e+04
1.705950000000000000e+04
1.706050000000000000e+04
1.706150000000000000e+04
1.706250000000000000e+04
1.706350000000000000e+04
1.706450000000000000e+04
1.706550000000000000e+04
1.706650000000000000e+04
1.706750000000000000e+04
1.706850000000000000e+04
1.706950000000000000e+04
1.707050000000000000e+04
1.707150000000000000e+04
1.707250000000000000e+04
1.707350000000000000e+04
1.707450000000000000e+04
1.707550000000000000e+04
1.707650000000000000e+04
1.707750000000000000e+04
1.707850000000000000e+04
1.707950000000000000e+04
1.708050000000000000e+04
1.708150000000000000e+04
1.708250000000000000e+04
1.708350000000000000e+04
1.708450000000000000e+04
1.708550000000000000e+04
1.708650000000000000e+04
1.708750000000000000e+04
1.708850000000000000e+04
1.708950000000000000e+04
1.709050000000000000e+04
1.709150000000000000e+04
1.709250000000000000e+04
1.709350000000000000e+04
1.709450000000000000e+04
1.709550000000000000e+04
1.709650000000000000e+04
1.709750000000000000e+04
1.709850000000000000e+04
1.709950000000000000e+04
1.710050000000000000e+04
1.710150000000000000e+04
1.710250000000000000e+04
1.710350000000000000e+04
1.710450000000000000e+04
1.710550000000000000e+04
1.710650000000000000e+04
1.710750000000000000e+04
1.710850000000000000e+04
1.710950000000000000e+04
1.711050000000000000e+04
1.711150000000000000e+04
1.711250000000000000e+04
1.711350000000000000e+04
1.711450000000000000e+04
1.711550000000000000e+04
1.711650000000000000e+04
1.711750000000000000e+04
1.711850000000000000e+04
1.711950000000000000e+04
1.712050000000000000e+04
1.712150000000000000e+04
1.712250000000000000e+04
1.712350000000000000e+04
1.712450000000000000e+04
1.712550000000000000e+04
1.712650000000000000e+04
1.712750000000000000e+04
1.712850000000000000e+04
1.712950000000000000e+04
1.713050000000000000e+04
1.713150000000000000e+04
1.713250000000000000e+04
1.713350000000000000e+04
1.713450000000000000e+04
1.713550000000000000e+04
1.713650000000000000e+04
1.713750000000000000e+04
1.713850000000000000e+04
1.713950000000000000e+04
1.714050000000000000e+04
1.714150000000000000e+04
1.714250000000000000e+04
1.714350000000000000e+04
1.714450000000000000e+04
1.714550000000000000e+04
1.714650000000000000e+04
1.714750000000000000e+04
1.714850000000000000e+04
1.714950000000000000e+04
1.715050000000000000e+04
1.715150000000000000e+04
1.715250000000000000e+04
1.715350000000000000e+04
1.715450000000000000e+04
1.715550000000000000e+04
1.715650000000000000e+04
1.715750000000000000e+04
1.715850000000000000e+04
1.715950000000000000e+04
1.716050000000000000e+04
1.716150000000000000e+04
1.716250000000000000e+04
1.716350000000000000e+04
1.716450000000000000e+04
1.716550000000000000e+04
1.716650000000000000e+04
1.716750000000000000e+04
1.716850000000000000e+04
1.716950000000000000e+04
1.717050000000000000e+04
1.717150000000000000e+04
1.717250000000000000e+04
1.717350000000000000e+04
1.717450000000000000e+04
1.717550000000000000e+04
1.717650000000000000e+04
1.717750000000000000e+04
1.717850000000000000e+04
1.717950000000000000e+04
1.718050000000000000e+04
1.718150000000000000e+04
1.718250000000000000e+04
1.718350000000000000e+04
1.718450000000000000e+04
1.718550000000000000e+04
1.718650000000000000e+04
1.718750000000000000e+04
1.718850000000000000e+04
1.718950000000000000e+04
1.719050000000000000e+04
1.719150000000000000e+04
1.719250000000000000e+04
1.719350000000000000e+04
1.719450000000000000e+04
1.719550000000000000e+04
1.719650000000000000e+04
1.719750000000000000e+04
1.719850000000000000e+04
1.719950000000000000e+04
1.720050000000000000e+04
1.720150000000000000e+04
1.720250000000000000e+04
1.720350000000000000e+04
1.720450000000000000e+04
1.720550000000000000e+04
1.720650000000000000e+04
1.720750000000000000e+04
1.720850000000000000e+04
1.720950000000000000e+04
1.721050000000000000e+04
1.721150000000000000e+04
1.721250000000000000e+04
1.721350000000000000e+04
1.721450000000000000e+04
1.721550000000000000e+04
1.721650000000000000e+04
1.721750000000000000e+04
1.721850000000000000e+04
1.721950000000000000e+04
1.722050000000000000e+04
1.722150000000000000e+04
1.722250000000000000e+04
1.722350000000000000e+04
1.722450000000000000e+04
1.722550000000000000e+04
1.722650000000000000e+04
1.722750000000000000e+04
1.722850000000000000e+04
1.722950000000000000e+04
1.723050000000000000e+04
1.723150000000000000e+04
1.723250000000000000e+04
1.723350000000000000e+04
1.723450000000000000e+04
1.723550000000000000e+04
1.723650000000000000e+04
1.723750000000000000e+04
1.723850000000000000e+04
1.723950000000000000e+04
1.724050000000000000e+04
1.724150000000000000e+04
1.724250000000000000e+04
1.724350000000000000e+04
1.724450000000000000e+04
1.724550000000000000e+04
1.724650000000000000e+04
1.724750000000000000e+04
1.724850000000000000e+04
1.724950000000000000e+04
1.725050000000000000e+04
1.725150000000000000e+04
1.725250000000000000e+04
1.725350000000000000e+04
1.725450000000000000e+04
1.725550000000000000e+04
1.725650000000000000e+04
1.725750000000000000e+04
1.725850000000000000e+04
1.725950000000000000e+04
1.726050000000000000e+04
1.726150000000000000e+04
1.726250000000000000e+04
1.726350000000000000e+04
1.726450000000000000e+04
1.726550000000000000e+04
1.726650000000000000e+04
1.726750000000000000e+04
1.726850000000000000e+04
1.726950000000000000e+04
1.727050000000000000e+04
1.727150000000000000e+04
1.727250000000000000e+04
1.727350000000000000e+04
1.727450000000000000e+04
1.727550000000000000e+04
1.727650000000000000e+04
1.727750000000000000e+04
1.727850000000000000e+04
1.727950000000000000e+04
1.728050000000000000e+04
1.728150000000000000e+04
1.728250000000000000e+04
1.728350000000000000e+04
1.728450000000000000e+04
1.728550000000000000e+04
1.728650000000000000e+04
1.728750000000000000e+04
1.728850000000000000e+04
1.728950000000000000e+04
1.729050000000000000e+04
1.729150000000000000e+04
1.729250000000000000e+04
1.729350000000000000e+04
1.729450000000000000e+04
1.729550000000000000e+04
1.729650000000000000e+04
1.729750000000000000e+04
1.729850000000000000e+04
1.729950000000000000e+04
1.730050000000000000e+04
1.730150000000000000e+04
1.730250000000000000e+04
1.730350000000000000e+04
1.730450000000000000e+04
1.730550000000000000e+04
1.730650000000000000e+04
1.730750000000000000e+04
1.730850000000000000e+04
1.730950000000000000e+04
1.731050000000000000e+04
1.731150000000000000e+04
1.731250000000000000e+04
1.731350000000000000e+04
1.731450000000000000e+04
1.731550000000000000e+04
1.731650000000000000e+04
1.731750000000000000e+04
1.731850000000000000e+04
1.731950000000000000e+04
1.732050000000000000e+04
1.732150000000000000e+04
1.732250000000000000e+04
1.732350000000000000e+04
1.732450000000000000e+04
1.732550000000000000e+04
1.732650000000000000e+04
1.732750000000000000e+04
1.732850000000000000e+04
1.732950000000000000e+04
1.733050000000000000e+04
1.733150000000000000e+04
1.733250000000000000e+04
1.733350000000000000e+04
1.733450000000000000e+04
1.733550000000000000e+04
1.733650000000000000e+04
1.733750000000000000e+04
1.733850000000000000e+04
1.733950000000000000e+04
1.734050000000000000e+04
1.734150000000000000e+04
1.734250000000000000e+04
1.734350000000000000e+04
1.734450000000000000e+04
1.734550000000000000e+04
1.734650000000000000e+04
1.734750000000000000e+04
1.734850000000000000e+04
1.734950000000000000e+04
1.735050000000000000e+04
1.735150000000000000e+04
1.735250000000000000e+04
1.735350000000000000e+04
1.735450000000000000e+04
1.735550000000000000e+04
1.735650000000000000e+04
1.735750000000000000e+04
1.735850000000000000e+04
1.735950000000000000e+04
1.736050000000000000e+04
1.736150000000000000e+04
1.736250000000000000e+04
1.736350000000000000e+04
1.736450000000000000e+04
1.736550000000000000e+04
1.736650000000000000e+04
1.736750000000000000e+04
1.736850000000000000e+04
1.736950000000000000e+04
1.737050000000000000e+04
1.737150000000000000e+04
1.737250000000000000e+04
1.737350000000000000e+04
1.737450000000000000e+04
1.737550000000000000e+04
1.737650000000000000e+04
1.737750000000000000e+04
1.737850000000000000e+04
1.737950000000000000e+04
1.738050000000000000e+04
1.738150000000000000e+04
1.738250000000000000e+04
1.738350000000000000e+04
1.738450000000000000e+04
1.738550000000000000e+04
1.738650000000000000e+04
1.738750000000000000e+04
1.738850000000000000e+04
1.738950000000000000e+04
1.739050000000000000e+04
1.739150000000000000e+04
1.739250000000000000e+04
1.739350000000000000e+04
1.739450000000000000e+04
1.739550000000000000e+04
1.739650000000000000e+04
1.739750000000000000e+04
1.739850000000000000e+04
1.739950000000000000e+04
1.740050000000000000e+04
1.740150000000000000e+04
1.740250000000000000e+04
1.740350000000000000e+04
1.740450000000000000e+04
1.740550000000000000e+04
1.740650000000000000e+04
1.740750000000000000e+04
1.740850000000000000e+04
1.740950000000000000e+04
1.741050000000000000e+04
1.741150000000000000e+04
1.741250000000000000e+04
1.741350000000000000e+04
1.741450000000000000e+04
1.741550000000000000e+04
1.741650000000000000e+04
1.741750000000000000e+04
1.741850000000000000e+04
1.741950000000000000e+04
1.742050000000000000e+04
1.742150000000000000e+04
1.742250000000000000e+04
1.742350000000000000e+04
1.742450000000000000e+04
1.742550000000000000e+04
1.742650000000000000e+04
1.742750000000000000e+04
1.742850000000000000e+04
1.742950000000000000e+04
1.743050000000000000e+04
1.743150000000000000e+04
1.743250000000000000e+04
1.743350000000000000e+04
1.743450000000000000e+04
1.743550000000000000e+04
1.743650000000000000e+04
1.743750000000000000e+04
1.743850000000000000e+04
1.743950000000000000e+04
1.744050000000000000e+04
1.744150000000000000e+04
1.744250000000000000e+04
1.744350000000000000e+04
1.744450000000000000e+04
1.744550000000000000e+04
1.744650000000000000e+04
1.744750000000000000e+04
1.744850000000000000e+04
1.744950000000000000e+04
1.745050000000000000e+04
1.745150000000000000e+04
1.745250000000000000e+04
1.745350000000000000e+04
1.745450000000000000e+04
1.745550000000000000e+04
1.745650000000000000e+04
1.745750000000000000e+04
1.745850000000000000e+04
1.745950000000000000e+04
1.746050000000000000e+04
1.746150000000000000e+04
1.746250000000000000e+04
1.746350000000000000e+04
1.746450000000000000e+04
1.746550000000000000e+04
1.746650000000000000e+04
1.746750000000000000e+04
1.746850000000000000e+04
1.746950000000000000e+04
1.747050000000000000e+04
1.747150000000000000e+04
1.747250000000000000e+04
1.747350000000000000e+04
1.747450000000000000e+04
1.747550000000000000e+04
1.747650000000000000e+04
1.747750000000000000e+04
1.747850000000000000e+04
1.747950000000000000e+04
1.748050000000000000e+04
1.748150000000000000e+04
1.748250000000000000e+04
1.748350000000000000e+04
1.748450000000000000e+04
1.748550000000000000e+04
1.748650000000000000e+04
1.748750000000000000e+04
1.748850000000000000e+04
1.748950000000000000e+04
1.749050000000000000e+04
1.749150000000000000e+04
1.749250000000000000e+04
1.749350000000000000e+04
1.749450000000000000e+04
1.749550000000000000e+04
1.749650000000000000e+04
1.749750000000000000e+04
1.749850000000000000e+04
1.749950000000000000e+04
1.750050000000000000e+04
1.750150000000000000e+04
1.750250000000000000e+04
1.750350000000000000e+04
1.750450000000000000e+04
1.750550000000000000e+04
1.750650000000000000e+04
1.750750000000000000e+04
1.750850000000000000e+04
1.750950000000000000e+04
1.751050000000000000e+04
1.751150000000000000e+04
1.751250000000000000e+04
1.751350000000000000e+04
1.751450000000000000e+04
1.751550000000000000e+04
1.751650000000000000e+04
1.751750000000000000e+04
1.751850000000000000e+04
1.751950000000000000e+04
1.752050000000000000e+04
1.752150000000000000e+04
1.752250000000000000e+04
1.752350000000000000e+04
1.752450000000000000e+04
1.752550000000000000e+04
1.752650000000000000e+04
1.752750000000000000e+04
1.752850000000000000e+04
1.752950000000000000e+04
1.753050000000000000e+04
1.753150000000000000e+04
1.753250000000000000e+04
1.753350000000000000e+04
1.753450000000000000e+04
1.753550000000000000e+04
1.753650000000000000e+04
1.753750000000000000e+04
1.753850000000000000e+04
1.753950000000000000e+04
1.754050000000000000e+04
1.754150000000000000e+04
1.754250000000000000e+04
1.754350000000000000e+04
1.754450000000000000e+04
1.754550000000000000e+04
1.754650000000000000e+04
1.754750000000000000e+04
1.754850000000000000e+04
1.754950000000000000e+04
1.755050000000000000e+04
1.755150000000000000e+04
1.755250000000000000e+04
1.755350000000000000e+04
1.755450000000000000e+04
1.755550000000000000e+04
1.755650000000000000e+04
1.755750000000000000e+04
1.755850000000000000e+04
1.755950000000000000e+04
1.756050000000000000e+04
1.756150000000000000e+04
1.756250000000000000e+04
1.756350000000000000e+04
1.756450000000000000e+04
1.756550000000000000e+04
1.756650000000000000e+04
1.756750000000000000e+04
1.756850000000000000e+04
1.756950000000000000e+04
1.757050000000000000e+04
1.757150000000000000e+04
1.757250000000000000e+04
1.757350000000000000e+04
1.757450000000000000e+04
1.757550000000000000e+04
1.757650000000000000e+04
1.757750000000000000e+04
1.757850000000000000e+04
1.757950000000000000e+04
1.758050000000000000e+04
1.758150000000000000e+04
1.758250000000000000e+04
1.758350000000000000e+04
1.758450000000000000e+04
1.758550000000000000e+04
1.758650000000000000e+04
1.758750000000000000e+04
1.758850000000000000e+04
1.758950000000000000e+04
1.759050000000000000e+04
1.759150000000000000e+04
1.759250000000000000e+04
1.759350000000000000e+04
1.759450000000000000e+04
1.759550000000000000e+04
1.759650000000000000e+04
1.759750000000000000e+04
1.759850000000000000e+04
1.759950000000000000e+04
1.760050000000000000e+04
1.760150000000000000e+04
1.760250000000000000e+04
1.760350000000000000e+04
1.760450000000000000e+04
1.760550000000000000e+04
1.760650000000000000e+04
1.760750000000000000e+04
1.760850000000000000e+04
1.760950000000000000e+04
1.761050000000000000e+04
1.761150000000000000e+04
1.761250000000000000e+04
1.761350000000000000e+04
1.761450000000000000e+04
1.761550000000000000e+04
1.761650000000000000e+04
1.761750000000000000e+04
1.761850000000000000e+04
1.761950000000000000e+04
1.762050000000000000e+04
1.762150000000000000e+04
1.762250000000000000e+04
1.762350000000000000e+04
1.762450000000000000e+04
1.762550000000000000e+04
1.762650000000000000e+04
1.762750000000000000e+04
1.762850000000000000e+04
1.762950000000000000e+04
1.763050000000000000e+04
1.763150000000000000e+04
1.763250000000000000e+04
1.763350000000000000e+04
1.763450000000000000e+04
1.763550000000000000e+04
1.763650000000000000e+04
1.763750000000000000e+04
1.763850000000000000e+04
1.763950000000000000e+04
1.764050000000000000e+04
1.764150000000000000e+04
1.764250000000000000e+04
1.764350000000000000e+04
1.764450000000000000e+04
1.764550000000000000e+04
1.764650000000000000e+04
1.764750000000000000e+04
1.764850000000000000e+04
1.764950000000000000e+04
1.765050000000000000e+04
1.765150000000000000e+04
1.765250000000000000e+04
1.765350000000000000e+04
1.765450000000000000e+04
1.765550000000000000e+04
1.765650000000000000e+04
1.765750000000000000e+04
1.765850000000000000e+04
1.765950000000000000e+04
1.766050000000000000e+04
1.766150000000000000e+04
1.766250000000000000e+04
1.766350000000000000e+04
1.766450000000000000e+04
1.766550000000000000e+04
1.766650000000000000e+04
1.766750000000000000e+04
1.766850000000000000e+04
1.766950000000000000e+04
1.767050000000000000e+04
1.767150000000000000e+04
1.767250000000000000e+04
1.767350000000000000e+04
1.767450000000000000e+04
1.767550000000000000e+04
1.767650000000000000e+04
1.767750000000000000e+04
1.767850000000000000e+04
1.767950000000000000e+04
1.768050000000000000e+04
1.768150000000000000e+04
1.768250000000000000e+04
1.768350000000000000e+04
1.768450000000000000e+04
1.768550000000000000e+04
1.768650000000000000e+04
1.768750000000000000e+04
1.768850000000000000e+04
1.768950000000000000e+04
1.769050000000000000e+04
1.769150000000000000e+04
1.769250000000000000e+04
1.769350000000000000e+04
1.769450000000000000e+04
1.769550000000000000e+04
1.769650000000000000e+04
1.769750000000000000e+04
1.769850000000000000e+04
1.769950000000000000e+04
1.770050000000000000e+04
1.770150000000000000e+04
1.770250000000000000e+04
1.770350000000000000e+04
1.770450000000000000e+04
1.770550000000000000e+04
1.770650000000000000e+04
1.770750000000000000e+04
1.770850000000000000e+04
1.770950000000000000e+04
1.771050000000000000e+04
1.771150000000000000e+04
1.771250000000000000e+04
1.771350000000000000e+04
1.771450000000000000e+04
1.771550000000000000e+04
1.771650000000000000e+04
1.771750000000000000e+04
1.771850000000000000e+04
1.771950000000000000e+04
1.772050000000000000e+04
1.772150000000000000e+04
1.772250000000000000e+04
1.772350000000000000e+04
1.772450000000000000e+04
1.772550000000000000e+04
1.772650000000000000e+04
1.772750000000000000e+04
1.772850000000000000e+04
1.772950000000000000e+04
1.773050000000000000e+04
1.773150000000000000e+04
1.773250000000000000e+04
1.773350000000000000e+04
1.773450000000000000e+04
1.773550000000000000e+04
1.773650000000000000e+04
1.773750000000000000e+04
1.773850000000000000e+04
1.773950000000000000e+04
1.774050000000000000e+04
1.774150000000000000e+04
1.774250000000000000e+04
1.774350000000000000e+04
1.774450000000000000e+04
1.774550000000000000e+04
1.774650000000000000e+04
1.774750000000000000e+04
1.774850000000000000e+04
1.774950000000000000e+04
1.775050000000000000e+04
1.775150000000000000e+04
1.775250000000000000e+04
1.775350000000000000e+04
1.775450000000000000e+04
1.775550000000000000e+04
1.775650000000000000e+04
1.775750000000000000e+04
1.775850000000000000e+04
1.775950000000000000e+04
1.776050000000000000e+04
1.776150000000000000e+04
1.776250000000000000e+04
1.776350000000000000e+04
1.776450000000000000e+04
1.776550000000000000e+04
1.776650000000000000e+04
1.776750000000000000e+04
1.776850000000000000e+04
1.776950000000000000e+04
1.777050000000000000e+04
1.777150000000000000e+04
1.777250000000000000e+04
1.777350000000000000e+04
1.777450000000000000e+04
1.777550000000000000e+04
1.777650000000000000e+04
1.777750000000000000e+04
1.777850000000000000e+04
1.777950000000000000e+04
1.778050000000000000e+04
1.778150000000000000e+04
1.778250000000000000e+04
1.778350000000000000e+04
1.778450000000000000e+04
1.778550000000000000e+04
1.778650000000000000e+04
1.778750000000000000e+04
1.778850000000000000e+04
1.778950000000000000e+04
1.779050000000000000e+04
1.779150000000000000e+04
1.779250000000000000e+04
1.779350000000000000e+04
1.779450000000000000e+04
1.779550000000000000e+04
1.779650000000000000e+04
1.779750000000000000e+04
1.779850000000000000e+04
1.779950000000000000e+04
1.780050000000000000e+04
1.780150000000000000e+04
1.780250000000000000e+04
1.780350000000000000e+04
1.780450000000000000e+04
1.780550000000000000e+04
1.780650000000000000e+04
1.780750000000000000e+04
1.780850000000000000e+04
1.780950000000000000e+04
1.781050000000000000e+04
1.781150000000000000e+04
1.781250000000000000e+04
1.781350000000000000e+04
1.781450000000000000e+04
1.781550000000000000e+04
1.781650000000000000e+04
1.781750000000000000e+04
1.781850000000000000e+04
1.781950000000000000e+04
1.782050000000000000e+04
1.782150000000000000e+04
1.782250000000000000e+04
1.782350000000000000e+04
1.782450000000000000e+04
1.782550000000000000e+04
1.782650000000000000e+04
1.782750000000000000e+04
1.782850000000000000e+04
1.782950000000000000e+04
1.783050000000000000e+04
1.783150000000000000e+04
1.783250000000000000e+04
1.783350000000000000e+04
1.783450000000000000e+04
1.783550000000000000e+04
1.783650000000000000e+04
1.783750000000000000e+04
1.783850000000000000e+04
1.783950000000000000e+04
1.784050000000000000e+04
1.784150000000000000e+04
1.784250000000000000e+04
1.784350000000000000e+04
1.784450000000000000e+04
1.784550000000000000e+04
1.784650000000000000e+04
1.784750000000000000e+04
1.784850000000000000e+04
1.784950000000000000e+04
1.785050000000000000e+04
1.785150000000000000e+04
1.785250000000000000e+04
1.785350000000000000e+04
1.785450000000000000e+04
1.785550000000000000e+04
1.785650000000000000e+04
1.785750000000000000e+04
1.785850000000000000e+04
1.785950000000000000e+04
1.786050000000000000e+04
1.786150000000000000e+04
1.786250000000000000e+04
1.786350000000000000e+04
1.786450000000000000e+04
1.786550000000000000e+04
1.786650000000000000e+04
1.786750000000000000e+04
1.786850000000000000e+04
1.786950000000000000e+04
1.787050000000000000e+04
1.787150000000000000e+04
1.787250000000000000e+04
1.787350000000000000e+04
1.787450000000000000e+04
1.787550000000000000e+04
1.787650000000000000e+04
1.787750000000000000e+04
1.787850000000000000e+04
1.787950000000000000e+04
1.788050000000000000e+04
1.788150000000000000e+04
1.788250000000000000e+04
1.788350000000000000e+04
1.788450000000000000e+04
1.788550000000000000e+04
1.788650000000000000e+04
1.788750000000000000e+04
1.788850000000000000e+04
1.788950000000000000e+04
1.789050000000000000e+04
1.789150000000000000e+04
1.789250000000000000e+04
1.789350000000000000e+04
1.789450000000000000e+04
1.789550000000000000e+04
1.789650000000000000e+04
1.789750000000000000e+04
1.789850000000000000e+04
1.789950000000000000e+04
1.790050000000000000e+04
1.790150000000000000e+04
1.790250000000000000e+04
1.790350000000000000e+04
1.790450000000000000e+04
1.790550000000000000e+04
1.790650000000000000e+04
1.790750000000000000e+04
1.790850000000000000e+04
1.790950000000000000e+04
1.791050000000000000e+04
1.791150000000000000e+04
1.791250000000000000e+04
1.791350000000000000e+04
1.791450000000000000e+04
1.791550000000000000e+04
1.791650000000000000e+04
1.791750000000000000e+04
1.791850000000000000e+04
1.791950000000000000e+04
1.792050000000000000e+04
1.792150000000000000e+04
1.792250000000000000e+04
1.792350000000000000e+04
1.792450000000000000e+04
1.792550000000000000e+04
1.792650000000000000e+04
1.792750000000000000e+04
1.792850000000000000e+04
1.792950000000000000e+04
1.793050000000000000e+04
1.793150000000000000e+04
1.793250000000000000e+04
1.793350000000000000e+04
1.793450000000000000e+04
1.793550000000000000e+04
1.793650000000000000e+04
1.793750000000000000e+04
1.793850000000000000e+04
1.793950000000000000e+04
1.794050000000000000e+04
1.794150000000000000e+04
1.794250000000000000e+04
1.794350000000000000e+04
1.794450000000000000e+04
1.794550000000000000e+04
1.794650000000000000e+04
1.794750000000000000e+04
1.794850000000000000e+04
1.794950000000000000e+04
1.795050000000000000e+04
1.795150000000000000e+04
1.795250000000000000e+04
1.795350000000000000e+04
1.795450000000000000e+04
1.795550000000000000e+04
1.795650000000000000e+04
1.795750000000000000e+04
1.795850000000000000e+04
1.795950000000000000e+04
1.796050000000000000e+04
1.796150000000000000e+04
1.796250000000000000e+04
1.796350000000000000e+04
1.796450000000000000e+04
1.796550000000000000e+04
1.796650000000000000e+04
1.796750000000000000e+04
1.796850000000000000e+04
1.796950000000000000e+04
1.797050000000000000e+04
1.797150000000000000e+04
1.797250000000000000e+04
1.797350000000000000e+04
1.797450000000000000e+04
1.797550000000000000e+04
1.797650000000000000e+04
1.797750000000000000e+04
1.797850000000000000e+04
1.797950000000000000e+04
1.798050000000000000e+04
1.798150000000000000e+04
1.798250000000000000e+04
1.798350000000000000e+04
1.798450000000000000e+04
1.798550000000000000e+04
1.798650000000000000e+04
1.798750000000000000e+04
1.798850000000000000e+04
1.798950000000000000e+04
1.799050000000000000e+04
1.799150000000000000e+04
1.799250000000000000e+04
1.799350000000000000e+04
1.799450000000000000e+04
1.799550000000000000e+04
1.799650000000000000e+04
1.799750000000000000e+04
1.799850000000000000e+04
1.799950000000000000e+04
1.800050000000000000e+04
1.800150000000000000e+04
1.800250000000000000e+04
1.800350000000000000e+04
1.800450000000000000e+04
1.800550000000000000e+04
1.800650000000000000e+04
1.800750000000000000e+04
1.800850000000000000e+04
1.800950000000000000e+04
1.801050000000000000e+04
1.801150000000000000e+04
1.801250000000000000e+04
1.801350000000000000e+04
1.801450000000000000e+04
1.801550000000000000e+04
1.801650000000000000e+04
1.801750000000000000e+04
1.801850000000000000e+04
1.801950000000000000e+04
1.802050000000000000e+04
1.802150000000000000e+04
1.802250000000000000e+04
1.802350000000000000e+04
1.802450000000000000e+04
1.802550000000000000e+04
1.802650000000000000e+04
1.802750000000000000e+04
1.802850000000000000e+04
1.802950000000000000e+04
1.803050000000000000e+04
1.803150000000000000e+04
1.803250000000000000e+04
1.803350000000000000e+04
1.803450000000000000e+04
1.803550000000000000e+04
1.803650000000000000e+04
1.803750000000000000e+04
1.803850000000000000e+04
1.803950000000000000e+04
1.804050000000000000e+04
1.804150000000000000e+04
1.804250000000000000e+04
1.804350000000000000e+04
1.804450000000000000e+04
1.804550000000000000e+04
1.804650000000000000e+04
1.804750000000000000e+04
1.804850000000000000e+04
1.804950000000000000e+04
1.805050000000000000e+04
1.805150000000000000e+04
1.805250000000000000e+04
1.805350000000000000e+04
1.805450000000000000e+04
1.805550000000000000e+04
1.805650000000000000e+04
1.805750000000000000e+04
1.805850000000000000e+04
1.805950000000000000e+04
1.806050000000000000e+04
1.806150000000000000e+04
1.806250000000000000e+04
1.806350000000000000e+04
1.806450000000000000e+04
1.806550000000000000e+04
1.806650000000000000e+04
1.806750000000000000e+04
1.806850000000000000e+04
1.806950000000000000e+04
1.807050000000000000e+04
1.807150000000000000e+04
1.807250000000000000e+04
1.807350000000000000e+04
1.807450000000000000e+04
1.807550000000000000e+04
1.807650000000000000e+04
1.807750000000000000e+04
1.807850000000000000e+04
1.807950000000000000e+04
1.808050000000000000e+04
1.808150000000000000e+04
1.808250000000000000e+04
1.808350000000000000e+04
1.808450000000000000e+04
1.808550000000000000e+04
1.808650000000000000e+04
1.808750000000000000e+04
1.808850000000000000e+04
1.808950000000000000e+04
1.809050000000000000e+04
1.809150000000000000e+04
1.809250000000000000e+04
1.809350000000000000e+04
1.809450000000000000e+04
1.809550000000000000e+04
1.809650000000000000e+04
1.809750000000000000e+04
1.809850000000000000e+04
1.809950000000000000e+04
1.810050000000000000e+04
1.810150000000000000e+04
1.810250000000000000e+04
1.810350000000000000e+04
1.810450000000000000e+04
1.810550000000000000e+04
1.810650000000000000e+04
1.810750000000000000e+04
1.810850000000000000e+04
1.810950000000000000e+04
1.811050000000000000e+04
1.811150000000000000e+04
1.811250000000000000e+04
1.811350000000000000e+04
1.811450000000000000e+04
1.811550000000000000e+04
1.811650000000000000e+04
1.811750000000000000e+04
1.811850000000000000e+04
1.811950000000000000e+04
1.812050000000000000e+04
1.812150000000000000e+04
1.812250000000000000e+04
1.812350000000000000e+04
1.812450000000000000e+04
1.812550000000000000e+04
1.812650000000000000e+04
1.812750000000000000e+04
1.812850000000000000e+04
1.812950000000000000e+04
1.813050000000000000e+04
1.813150000000000000e+04
1.813250000000000000e+04
1.813350000000000000e+04
1.813450000000000000e+04
1.813550000000000000e+04
1.813650000000000000e+04
1.813750000000000000e+04
1.813850000000000000e+04
1.813950000000000000e+04
1.814050000000000000e+04
1.814150000000000000e+04
1.814250000000000000e+04
1.814350000000000000e+04
1.814450000000000000e+04
1.814550000000000000e+04
1.814650000000000000e+04
1.814750000000000000e+04
1.814850000000000000e+04
1.814950000000000000e+04
1.815050000000000000e+04
1.815150000000000000e+04
1.815250000000000000e+04
1.815350000000000000e+04
1.815450000000000000e+04
1.815550000000000000e+04
1.815650000000000000e+04
1.815750000000000000e+04
1.815850000000000000e+04
1.815950000000000000e+04
1.816050000000000000e+04
1.816150000000000000e+04
1.816250000000000000e+04
1.816350000000000000e+04
1.816450000000000000e+04
1.816550000000000000e+04
1.816650000000000000e+04
1.816750000000000000e+04
1.816850000000000000e+04
1.816950000000000000e+04
1.817050000000000000e+04
1.817150000000000000e+04
1.817250000000000000e+04
1.817350000000000000e+04
1.817450000000000000e+04
1.817550000000000000e+04
1.817650000000000000e+04
1.817750000000000000e+04
1.817850000000000000e+04
1.817950000000000000e+04
1.818050000000000000e+04
1.818150000000000000e+04
1.818250000000000000e+04
1.818350000000000000e+04
1.818450000000000000e+04
1.818550000000000000e+04
1.818650000000000000e+04
1.818750000000000000e+04
1.818850000000000000e+04
1.818950000000000000e+04
1.819050000000000000e+04
1.819150000000000000e+04
1.819250000000000000e+04
1.819350000000000000e+04
1.819450000000000000e+04
1.819550000000000000e+04
1.819650000000000000e+04
1.819750000000000000e+04
1.819850000000000000e+04
1.819950000000000000e+04
1.820050000000000000e+04
1.820150000000000000e+04
1.820250000000000000e+04
1.820350000000000000e+04
1.820450000000000000e+04
1.820550000000000000e+04
1.820650000000000000e+04
1.820750000000000000e+04
1.820850000000000000e+04
1.820950000000000000e+04
1.821050000000000000e+04
1.821150000000000000e+04
1.821250000000000000e+04
1.821350000000000000e+04
1.821450000000000000e+04
1.821550000000000000e+04
1.821650000000000000e+04
1.821750000000000000e+04
1.821850000000000000e+04
1.821950000000000000e+04
1.822050000000000000e+04
1.822150000000000000e+04
1.822250000000000000e+04
1.822350000000000000e+04
1.822450000000000000e+04
1.822550000000000000e+04
1.822650000000000000e+04
1.822750000000000000e+04
1.822850000000000000e+04
1.822950000000000000e+04
1.823050000000000000e+04
1.823150000000000000e+04
1.823250000000000000e+04
1.823350000000000000e+04
1.823450000000000000e+04
1.823550000000000000e+04
1.823650000000000000e+04
1.823750000000000000e+04
1.823850000000000000e+04
1.823950000000000000e+04
1.824050000000000000e+04
1.824150000000000000e+04
1.824250000000000000e+04
1.824350000000000000e+04
1.824450000000000000e+04
1.824550000000000000e+04
1.824650000000000000e+04
1.824750000000000000e+04
1.824850000000000000e+04
1.824950000000000000e+04
1.825050000000000000e+04
1.825150000000000000e+04
1.825250000000000000e+04
1.825350000000000000e+04
1.825450000000000000e+04
1.825550000000000000e+04
1.825650000000000000e+04
1.825750000000000000e+04
1.825850000000000000e+04
1.825950000000000000e+04
1.826050000000000000e+04
1.826150000000000000e+04
1.826250000000000000e+04
1.826350000000000000e+04
1.826450000000000000e+04
1.826550000000000000e+04
1.826650000000000000e+04
1.826750000000000000e+04
1.826850000000000000e+04
1.826950000000000000e+04
1.827050000000000000e+04
1.827150000000000000e+04
1.827250000000000000e+04
1.827350000000000000e+04
1.827450000000000000e+04
1.827550000000000000e+04
1.827650000000000000e+04
1.827750000000000000e+04
1.827850000000000000e+04
1.827950000000000000e+04
1.828050000000000000e+04
1.828150000000000000e+04
1.828250000000000000e+04
1.828350000000000000e+04
1.828450000000000000e+04
1.828550000000000000e+04
1.828650000000000000e+04
1.828750000000000000e+04
1.828850000000000000e+04
1.828950000000000000e+04
1.829050000000000000e+04
1.829150000000000000e+04
1.829250000000000000e+04
1.829350000000000000e+04
1.829450000000000000e+04
1.829550000000000000e+04
1.829650000000000000e+04
1.829750000000000000e+04
1.829850000000000000e+04
1.829950000000000000e+04
1.830050000000000000e+04
1.830150000000000000e+04
1.830250000000000000e+04
1.830350000000000000e+04
1.830450000000000000e+04
1.830550000000000000e+04
1.830650000000000000e+04
1.830750000000000000e+04
1.830850000000000000e+04
1.830950000000000000e+04
1.831050000000000000e+04
1.831150000000000000e+04
1.831250000000000000e+04
1.831350000000000000e+04
1.831450000000000000e+04
1.831550000000000000e+04
1.831650000000000000e+04
1.831750000000000000e+04
1.831850000000000000e+04
1.831950000000000000e+04
1.832050000000000000e+04
1.832150000000000000e+04
1.832250000000000000e+04
1.832350000000000000e+04
1.832450000000000000e+04
1.832550000000000000e+04
1.832650000000000000e+04
1.832750000000000000e+04
1.832850000000000000e+04
1.832950000000000000e+04
1.833050000000000000e+04
1.833150000000000000e+04
1.833250000000000000e+04
1.833350000000000000e+04
1.833450000000000000e+04
1.833550000000000000e+04
1.833650000000000000e+04
1.833750000000000000e+04
1.833850000000000000e+04
1.833950000000000000e+04
1.834050000000000000e+04
1.834150000000000000e+04
1.834250000000000000e+04
1.834350000000000000e+04
1.834450000000000000e+04
1.834550000000000000e+04
1.834650000000000000e+04
1.834750000000000000e+04
1.834850000000000000e+04
1.834950000000000000e+04
1.835050000000000000e+04
1.835150000000000000e+04
1.835250000000000000e+04
1.835350000000000000e+04
1.835450000000000000e+04
1.835550000000000000e+04
1.835650000000000000e+04
1.835750000000000000e+04
1.835850000000000000e+04
1.835950000000000000e+04
1.836050000000000000e+04
1.836150000000000000e+04
1.836250000000000000e+04
1.836350000000000000e+04
1.836450000000000000e+04
1.836550000000000000e+04
1.836650000000000000e+04
1.836750000000000000e+04
1.836850000000000000e+04
1.836950000000000000e+04
1.837050000000000000e+04
1.837150000000000000e+04
1.837250000000000000e+04
1.837350000000000000e+04
1.837450000000000000e+04
1.837550000000000000e+04
1.837650000000000000e+04
1.837750000000000000e+04
1.837850000000000000e+04
1.837950000000000000e+04
1.838050000000000000e+04
1.838150000000000000e+04
1.838250000000000000e+04
1.838350000000000000e+04
1.838450000000000000e+04
1.838550000000000000e+04
1.838650000000000000e+04
1.838750000000000000e+04
1.838850000000000000e+04
1.838950000000000000e+04
1.839050000000000000e+04
1.839150000000000000e+04
1.839250000000000000e+04
1.839350000000000000e+04
1.839450000000000000e+04
1.839550000000000000e+04
1.839650000000000000e+04
1.839750000000000000e+04
1.839850000000000000e+04
1.839950000000000000e+04
1.840050000000000000e+04
1.840150000000000000e+04
1.840250000000000000e+04
1.840350000000000000e+04
1.840450000000000000e+04
1.840550000000000000e+04
1.840650000000000000e+04
1.840750000000000000e+04
1.840850000000000000e+04
1.840950000000000000e+04
1.841050000000000000e+04
1.841150000000000000e+04
1.841250000000000000e+04
1.841350000000000000e+04
1.841450000000000000e+04
1.841550000000000000e+04
1.841650000000000000e+04
1.841750000000000000e+04
1.841850000000000000e+04
1.841950000000000000e+04
1.842050000000000000e+04
1.842150000000000000e+04
1.842250000000000000e+04
1.842350000000000000e+04
1.842450000000000000e+04
1.842550000000000000e+04
1.842650000000000000e+04
1.842750000000000000e+04
1.842850000000000000e+04
1.842950000000000000e+04
1.843050000000000000e+04
1.843150000000000000e+04
1.843250000000000000e+04
1.843350000000000000e+04
1.843450000000000000e+04
1.843550000000000000e+04
1.843650000000000000e+04
1.843750000000000000e+04
1.843850000000000000e+04
1.843950000000000000e+04
1.844050000000000000e+04
1.844150000000000000e+04
1.844250000000000000e+04
1.844350000000000000e+04
1.844450000000000000e+04
1.844550000000000000e+04
1.844650000000000000e+04
1.844750000000000000e+04
1.844850000000000000e+04
1.844950000000000000e+04
1.845050000000000000e+04
1.845150000000000000e+04
1.845250000000000000e+04
1.845350000000000000e+04
1.845450000000000000e+04
1.845550000000000000e+04
1.845650000000000000e+04
1.845750000000000000e+04
1.845850000000000000e+04
1.845950000000000000e+04
1.846050000000000000e+04
1.846150000000000000e+04
1.846250000000000000e+04
1.846350000000000000e+04
1.846450000000000000e+04
1.846550000000000000e+04
1.846650000000000000e+04
1.846750000000000000e+04
1.846850000000000000e+04
1.846950000000000000e+04
1.847050000000000000e+04
1.847150000000000000e+04
1.847250000000000000e+04
1.847350000000000000e+04
1.847450000000000000e+04
1.847550000000000000e+04
1.847650000000000000e+04
1.847750000000000000e+04
1.847850000000000000e+04
1.847950000000000000e+04
1.848050000000000000e+04
1.848150000000000000e+04
1.848250000000000000e+04
1.848350000000000000e+04
1.848450000000000000e+04
1.848550000000000000e+04
1.848650000000000000e+04
1.848750000000000000e+04
1.848850000000000000e+04
1.848950000000000000e+04
1.849050000000000000e+04
1.849150000000000000e+04
1.849250000000000000e+04
1.849350000000000000e+04
1.849450000000000000e+04
1.849550000000000000e+04
1.849650000000000000e+04
1.849750000000000000e+04
1.849850000000000000e+04
1.849950000000000000e+04
1.850050000000000000e+04
1.850150000000000000e+04
1.850250000000000000e+04
1.850350000000000000e+04
1.850450000000000000e+04
1.850550000000000000e+04
1.850650000000000000e+04
1.850750000000000000e+04
1.850850000000000000e+04
1.850950000000000000e+04
1.851050000000000000e+04
1.851150000000000000e+04
1.851250000000000000e+04
1.851350000000000000e+04
1.851450000000000000e+04
1.851550000000000000e+04
1.851650000000000000e+04
1.851750000000000000e+04
1.851850000000000000e+04
1.851950000000000000e+04
1.852050000000000000e+04
1.852150000000000000e+04
1.852250000000000000e+04
1.852350000000000000e+04
1.852450000000000000e+04
1.852550000000000000e+04
1.852650000000000000e+04
1.852750000000000000e+04
1.852850000000000000e+04
1.852950000000000000e+04
1.853050000000000000e+04
1.853150000000000000e+04
1.853250000000000000e+04
1.853350000000000000e+04
1.853450000000000000e+04
1.853550000000000000e+04
1.853650000000000000e+04
1.853750000000000000e+04
1.853850000000000000e+04
1.853950000000000000e+04
1.854050000000000000e+04
1.854150000000000000e+04
1.854250000000000000e+04
1.854350000000000000e+04
1.854450000000000000e+04
1.854550000000000000e+04
1.854650000000000000e+04
1.854750000000000000e+04
1.854850000000000000e+04
1.854950000000000000e+04
1.855050000000000000e+04
1.855150000000000000e+04
1.855250000000000000e+04
1.855350000000000000e+04
1.855450000000000000e+04
1.855550000000000000e+04
1.855650000000000000e+04
1.855750000000000000e+04
1.855850000000000000e+04
1.855950000000000000e+04
1.856050000000000000e+04
1.856150000000000000e+04
1.856250000000000000e+04
1.856350000000000000e+04
1.856450000000000000e+04
1.856550000000000000e+04
1.856650000000000000e+04
1.856750000000000000e+04
1.856850000000000000e+04
1.856950000000000000e+04
1.857050000000000000e+04
1.857150000000000000e+04
1.857250000000000000e+04
1.857350000000000000e+04
1.857450000000000000e+04
1.857550000000000000e+04
1.857650000000000000e+04
1.857750000000000000e+04
1.857850000000000000e+04
1.857950000000000000e+04
1.858050000000000000e+04
1.858150000000000000e+04
1.858250000000000000e+04
1.858350000000000000e+04
1.858450000000000000e+04
1.858550000000000000e+04
1.858650000000000000e+04
1.858750000000000000e+04
1.858850000000000000e+04
1.858950000000000000e+04
1.859050000000000000e+04
1.859150000000000000e+04
1.859250000000000000e+04
1.859350000000000000e+04
1.859450000000000000e+04
1.859550000000000000e+04
1.859650000000000000e+04
1.859750000000000000e+04
1.859850000000000000e+04
1.859950000000000000e+04
1.860050000000000000e+04
1.860150000000000000e+04
1.860250000000000000e+04
1.860350000000000000e+04
1.860450000000000000e+04
1.860550000000000000e+04
1.860650000000000000e+04
1.860750000000000000e+04
1.860850000000000000e+04
1.860950000000000000e+04
1.861050000000000000e+04
1.861150000000000000e+04
1.861250000000000000e+04
1.861350000000000000e+04
1.861450000000000000e+04
1.861550000000000000e+04
1.861650000000000000e+04
1.861750000000000000e+04
1.861850000000000000e+04
1.861950000000000000e+04
1.862050000000000000e+04
1.862150000000000000e+04
1.862250000000000000e+04
1.862350000000000000e+04
1.862450000000000000e+04
1.862550000000000000e+04
1.862650000000000000e+04
1.862750000000000000e+04
