-999	"MyLake init"
Z (m)	Az (m2)	Tz (deg C)	Cz	Sz (kg/m3)	TPz (mg/m3)	DOPz (mg/m3)	Chlaz (mg/m3)	DOCz (mg/m3)	TPz_sed (mg/m3)	Chlaz_sed (mg/m3)	"Fvol_IM (m3/m3	 dry w.)"	Hice (m)	Hsnow (m)
0.00	2071403	4	0	0	0	0	0	0	0	0	0	0	0
0.10	2055434	4	0	0	0	0	0	0	0	0	0
0.20	2039549	4	0	0	0	0	0	0	0	0	0
0.30	2023745	4	0	0	0	0	0	0	0	0	0
0.40	2008024	4	0	0	0	0	0	0	0	0	0
0.50	1992384	4	0	0	0	0	0	0	0	0	0
0.60	1976825	4	0	0	0	0	0	0	0	0	0
0.70	1961348	4	0	0	0	0	0	0	0	0	0
0.80	1945952	4	0	0	0	0	0	0	0	0	0
0.90	1930637	4	0	0	0	0	0	0	0	0	0
1.00	1915403	4	0	0	0	0	0	0	0	0	0
1.10	1900249	4	0	0	0	0	0	0	0	0	0
1.20	1885176	4	0	0	0	0	0	0	0	0	0
1.30	1870182	4	0	0	0	0	0	0	0	0	0
1.40	1855268	4	0	0	0	0	0	0	0	0	0
1.50	1840434	4	0	0	0	0	0	0	0	0	0
1.60	1825680	4	0	0	0	0	0	0	0	0	0
1.70	1811004	4	0	0	0	0	0	0	0	0	0
1.80	1796407	4	0	0	0	0	0	0	0	0	0
1.90	1781890	4	0	0	0	0	0	0	0	0	0
2.00	1767450	4	0	0	0	0	0	0	0	0	0
2.10	1753089	4	0	0	0	0	0	0	0	0	0
2.20	1738807	4	0	0	0	0	0	0	0	0	0
2.30	1724602	4	0	0	0	0	0	0	0	0	0
2.40	1710474	4	0	0	0	0	0	0	0	0	0
2.50	1696425	4	0	0	0	0	0	0	0	0	0
2.60	1682452	4	0	0	0	0	0	0	0	0	0
2.70	1668557	4	0	0	0	0	0	0	0	0	0
2.80	1654738	4	0	0	0	0	0	0	0	0	0
2.90	1640996	4	0	0	0	0	0	0	0	0	0
3.00	1627330	4	0	0	0	0	0	0	0	0	0
3.10	1613741	4	0	0	0	0	0	0	0	0	0
3.20	1600227	4	0	0	0	0	0	0	0	0	0
3.30	1586790	4	0	0	0	0	0	0	0	0	0
3.40	1573428	4	0	0	0	0	0	0	0	0	0
3.50	1560141	4	0	0	0	0	0	0	0	0	0
3.60	1546929	4	0	0	0	0	0	0	0	0	0
3.70	1533792	4	0	0	0	0	0	0	0	0	0
3.80	1520730	4	0	0	0	0	0	0	0	0	0
3.90	1507743	4	0	0	0	0	0	0	0	0	0
4.00	1494829	4	0	0	0	0	0	0	0	0	0
4.10	1481990	4	0	0	0	0	0	0	0	0	0
4.20	1469224	4	0	0	0	0	0	0	0	0	0
4.30	1456532	4	0	0	0	0	0	0	0	0	0
4.40	1443914	4	0	0	0	0	0	0	0	0	0
4.50	1431369	4	0	0	0	0	0	0	0	0	0
4.60	1418896	4	0	0	0	0	0	0	0	0	0
4.70	1406497	4	0	0	0	0	0	0	0	0	0
4.80	1394170	4	0	0	0	0	0	0	0	0	0
4.90	1381915	4	0	0	0	0	0	0	0	0	0
5.00	1369733	4	0	0	0	0	0	0	0	0	0
5.10	1357622	4	0	0	0	0	0	0	0	0	0
5.20	1345583	4	0	0	0	0	0	0	0	0	0
5.30	1333616	4	0	0	0	0	0	0	0	0	0
5.40	1321720	4	0	0	0	0	0	0	0	0	0
5.50	1309895	4	0	0	0	0	0	0	0	0	0
5.60	1298141	4	0	0	0	0	0	0	0	0	0
5.70	1286457	4	0	0	0	0	0	0	0	0	0
5.80	1274844	4	0	0	0	0	0	0	0	0	0
5.90	1263301	4	0	0	0	0	0	0	0	0	0
6.00	1251828	4	0	0	0	0	0	0	0	0	0
6.10	1240424	4	0	0	0	0	0	0	0	0	0
6.20	1229091	4	0	0	0	0	0	0	0	0	0
6.30	1217826	4	0	0	0	0	0	0	0	0	0
6.40	1206631	4	0	0	0	0	0	0	0	0	0
6.50	1195505	4	0	0	0	0	0	0	0	0	0
6.60	1184447	4	0	0	0	0	0	0	0	0	0
6.70	1173458	4	0	0	0	0	0	0	0	0	0
6.80	1162538	4	0	0	0	0	0	0	0	0	0
6.90	1151685	4	0	0	0	0	0	0	0	0	0
7.00	1140900	4	0	0	0	0	0	0	0	0	0
7.10	1130183	4	0	0	0	0	0	0	0	0	0
7.20	1119533	4	0	0	0	0	0	0	0	0	0
7.30	1108950	4	0	0	0	0	0	0	0	0	0
7.40	1098435	4	0	0	0	0	0	0	0	0	0
7.50	1087986	4	0	0	0	0	0	0	0	0	0
7.60	1077604	4	0	0	0	0	0	0	0	0	0
7.70	1067288	4	0	0	0	0	0	0	0	0	0
7.80	1057038	4	0	0	0	0	0	0	0	0	0
7.90	1046854	4	0	0	0	0	0	0	0	0	0
8.00	1036736	4	0	0	0	0	0	0	0	0	0
8.10	1026683	4	0	0	0	0	0	0	0	0	0
8.20	1016696	4	0	0	0	0	0	0	0	0	0
8.30	1006774	4	0	0	0	0	0	0	0	0	0
8.40	996916	4	0	0	0	0	0	0	0	0	0
8.50	987123	4	0	0	0	0	0	0	0	0	0
8.60	977395	4	0	0	0	0	0	0	0	0	0
8.70	967731	4	0	0	0	0	0	0	0	0	0
8.80	958131	4	0	0	0	0	0	0	0	0	0
8.90	948595	4	0	0	0	0	0	0	0	0	0
9.00	939122	4	0	0	0	0	0	0	0	0	0
9.10	929712	4	0	0	0	0	0	0	0	0	0
9.20	920366	4	0	0	0	0	0	0	0	0	0
9.30	911083	4	0	0	0	0	0	0	0	0	0
9.40	901862	4	0	0	0	0	0	0	0	0	0
9.50	892704	4	0	0	0	0	0	0	0	0	0
9.60	883609	4	0	0	0	0	0	0	0	0	0
9.70	874575	4	0	0	0	0	0	0	0	0	0
9.80	865603	4	0	0	0	0	0	0	0	0	0
9.90	856693	4	0	0	0	0	0	0	0	0	0
10.00	847844	4	0	0	0	0	0	0	0	0	0
10.10	839057	4	0	0	0	0	0	0	0	0	0
10.20	830330	4	0	0	0	0	0	0	0	0	0
10.30	821665	4	0	0	0	0	0	0	0	0	0
10.40	813060	4	0	0	0	0	0	0	0	0	0
10.50	804515	4	0	0	0	0	0	0	0	0	0
10.60	796030	4	0	0	0	0	0	0	0	0	0
10.70	787606	4	0	0	0	0	0	0	0	0	0
10.80	779241	4	0	0	0	0	0	0	0	0	0
10.90	770936	4	0	0	0	0	0	0	0	0	0
11.00	762690	4	0	0	0	0	0	0	0	0	0
11.10	754503	4	0	0	0	0	0	0	0	0	0
11.20	746375	4	0	0	0	0	0	0	0	0	0
11.30	738305	4	0	0	0	0	0	0	0	0	0
11.40	730294	4	0	0	0	0	0	0	0	0	0
11.50	722342	4	0	0	0	0	0	0	0	0	0
11.60	714447	4	0	0	0	0	0	0	0	0	0
11.70	706610	4	0	0	0	0	0	0	0	0	0
11.80	698831	4	0	0	0	0	0	0	0	0	0
11.90	691109	4	0	0	0	0	0	0	0	0	0
12.00	683444	4	0	0	0	0	0	0	0	0	0
12.10	675837	4	0	0	0	0	0	0	0	0	0
12.20	668286	4	0	0	0	0	0	0	0	0	0
12.30	660791	4	0	0	0	0	0	0	0	0	0
12.40	653353	4	0	0	0	0	0	0	0	0	0
12.50	645971	4	0	0	0	0	0	0	0	0	0
12.60	638645	4	0	0	0	0	0	0	0	0	0
12.70	631375	4	0	0	0	0	0	0	0	0	0
12.80	624160	4	0	0	0	0	0	0	0	0	0
12.90	617000	4	0	0	0	0	0	0	0	0	0
13.00	609895	4	0	0	0	0	0	0	0	0	0
13.10	602845	4	0	0	0	0	0	0	0	0	0
13.20	595850	4	0	0	0	0	0	0	0	0	0
13.30	588909	4	0	0	0	0	0	0	0	0	0
13.40	582023	4	0	0	0	0	0	0	0	0	0
13.50	575190	4	0	0	0	0	0	0	0	0	0
13.60	568411	4	0	0	0	0	0	0	0	0	0
13.70	561686	4	0	0	0	0	0	0	0	0	0
13.80	555014	4	0	0	0	0	0	0	0	0	0
13.90	548395	4	0	0	0	0	0	0	0	0	0
14.00	541829	4	0	0	0	0	0	0	0	0	0
14.10	535316	4	0	0	0	0	0	0	0	0	0
14.20	528855	4	0	0	0	0	0	0	0	0	0
14.30	522446	4	0	0	0	0	0	0	0	0	0
14.40	516090	4	0	0	0	0	0	0	0	0	0
14.50	509785	4	0	0	0	0	0	0	0	0	0
14.60	503532	4	0	0	0	0	0	0	0	0	0
14.70	497331	4	0	0	0	0	0	0	0	0	0
14.80	491180	4	0	0	0	0	0	0	0	0	0
14.90	485081	4	0	0	0	0	0	0	0	0	0
15.00	479032	4	0	0	0	0	0	0	0	0	0
15.10	473034	4	0	0	0	0	0	0	0	0	0
15.20	467086	4	0	0	0	0	0	0	0	0	0
15.30	461189	4	0	0	0	0	0	0	0	0	0
15.40	455341	4	0	0	0	0	0	0	0	0	0
15.50	449543	4	0	0	0	0	0	0	0	0	0
15.60	443795	4	0	0	0	0	0	0	0	0	0
15.70	438096	4	0	0	0	0	0	0	0	0	0
15.80	432445	4	0	0	0	0	0	0	0	0	0
15.90	426844	4	0	0	0	0	0	0	0	0	0
16.00	421292	4	0	0	0	0	0	0	0	0	0
16.10	415787	4	0	0	0	0	0	0	0	0	0
16.20	410332	4	0	0	0	0	0	0	0	0	0
16.30	404924	4	0	0	0	0	0	0	0	0	0
16.40	399564	4	0	0	0	0	0	0	0	0	0
16.50	394251	4	0	0	0	0	0	0	0	0	0
16.60	388986	4	0	0	0	0	0	0	0	0	0
16.70	383768	4	0	0	0	0	0	0	0	0	0
16.80	378597	4	0	0	0	0	0	0	0	0	0
16.90	373472	4	0	0	0	0	0	0	0	0	0
17.00	368394	4	0	0	0	0	0	0	0	0	0
17.10	363363	4	0	0	0	0	0	0	0	0	0
17.20	358377	4	0	0	0	0	0	0	0	0	0
17.30	353438	4	0	0	0	0	0	0	0	0	0
17.40	348544	4	0	0	0	0	0	0	0	0	0
17.50	343695	4	0	0	0	0	0	0	0	0	0
17.60	338892	4	0	0	0	0	0	0	0	0	0
17.70	334134	4	0	0	0	0	0	0	0	0	0
17.80	329421	4	0	0	0	0	0	0	0	0	0
17.90	324752	4	0	0	0	0	0	0	0	0	0
18.00	320127	4	0	0	0	0	0	0	0	0	0
18.10	315547	4	0	0	0	0	0	0	0	0	0
18.20	311011	4	0	0	0	0	0	0	0	0	0
18.30	306518	4	0	0	0	0	0	0	0	0	0
18.40	302069	4	0	0	0	0	0	0	0	0	0
18.50	297664	4	0	0	0	0	0	0	0	0	0
18.60	293301	4	0	0	0	0	0	0	0	0	0
18.70	288981	4	0	0	0	0	0	0	0	0	0
18.80	284704	4	0	0	0	0	0	0	0	0	0
18.90	280470	4	0	0	0	0	0	0	0	0	0
19.00	276278	4	0	0	0	0	0	0	0	0	0
19.10	272127	4	0	0	0	0	0	0	0	0	0
19.20	268019	4	0	0	0	0	0	0	0	0	0
19.30	263952	4	0	0	0	0	0	0	0	0	0
19.40	259927	4	0	0	0	0	0	0	0	0	0
19.50	255943	4	0	0	0	0	0	0	0	0	0
19.60	252000	4	0	0	0	0	0	0	0	0	0
19.70	248097	4	0	0	0	0	0	0	0	0	0
19.80	244235	4	0	0	0	0	0	0	0	0	0
19.90	240414	4	0	0	0	0	0	0	0	0	0
20.00	236632	4	0	0	0	0	0	0	0	0	0
20.10	232891	4	0	0	0	0	0	0	0	0	0
20.20	229189	4	0	0	0	0	0	0	0	0	0
20.30	225527	4	0	0	0	0	0	0	0	0	0
20.40	221904	4	0	0	0	0	0	0	0	0	0
20.50	218320	4	0	0	0	0	0	0	0	0	0
20.60	214775	4	0	0	0	0	0	0	0	0	0
20.70	211268	4	0	0	0	0	0	0	0	0	0
20.80	207800	4	0	0	0	0	0	0	0	0	0
20.90	204371	4	0	0	0	0	0	0	0	0	0
21.00	200979	4	0	0	0	0	0	0	0	0	0
21.10	197625	4	0	0	0	0	0	0	0	0	0
21.20	194308	4	0	0	0	0	0	0	0	0	0
21.30	191029	4	0	0	0	0	0	0	0	0	0
21.40	187787	4	0	0	0	0	0	0	0	0	0
21.50	184582	4	0	0	0	0	0	0	0	0	0
21.60	181414	4	0	0	0	0	0	0	0	0	0
21.70	178282	4	0	0	0	0	0	0	0	0	0
21.80	175187	4	0	0	0	0	0	0	0	0	0
21.90	172128	4	0	0	0	0	0	0	0	0	0
22.00	169104	4	0	0	0	0	0	0	0	0	0
22.10	166116	4	0	0	0	0	0	0	0	0	0
22.20	163164	4	0	0	0	0	0	0	0	0	0
22.30	160247	4	0	0	0	0	0	0	0	0	0
22.40	157365	4	0	0	0	0	0	0	0	0	0
22.50	154518	4	0	0	0	0	0	0	0	0	0
22.60	151705	4	0	0	0	0	0	0	0	0	0
22.70	148927	4	0	0	0	0	0	0	0	0	0
22.80	146183	4	0	0	0	0	0	0	0	0	0
22.90	143472	4	0	0	0	0	0	0	0	0	0
23.00	140796	4	0	0	0	0	0	0	0	0	0
23.10	138153	4	0	0	0	0	0	0	0	0	0
23.20	135544	4	0	0	0	0	0	0	0	0	0
23.30	132967	4	0	0	0	0	0	0	0	0	0
23.40	130424	4	0	0	0	0	0	0	0	0	0
23.50	127913	4	0	0	0	0	0	0	0	0	0
23.60	125435	4	0	0	0	0	0	0	0	0	0
23.70	122989	4	0	0	0	0	0	0	0	0	0
23.80	120575	4	0	0	0	0	0	0	0	0	0
23.90	118193	4	0	0	0	0	0	0	0	0	0
24.00	115842	4	0	0	0	0	0	0	0	0	0
24.10	113523	4	0	0	0	0	0	0	0	0	0
24.20	111235	4	0	0	0	0	0	0	0	0	0
24.30	108978	4	0	0	0	0	0	0	0	0	0
24.40	106752	4	0	0	0	0	0	0	0	0	0
24.50	104556	4	0	0	0	0	0	0	0	0	0
24.60	102391	4	0	0	0	0	0	0	0	0	0
24.70	100256	4	0	0	0	0	0	0	0	0	0
24.80	98151	4	0	0	0	0	0	0	0	0	0
24.90	96075	4	0	0	0	0	0	0	0	0	0
25.00	94030	4	0	0	0	0	0	0	0	0	0
25.10	92013	4	0	0	0	0	0	0	0	0	0
25.20	90025	4	0	0	0	0	0	0	0	0	0
25.30	88067	4	0	0	0	0	0	0	0	0	0
25.40	86137	4	0	0	0	0	0	0	0	0	0
25.50	84235	4	0	0	0	0	0	0	0	0	0
25.60	82362	4	0	0	0	0	0	0	0	0	0
25.70	80516	4	0	0	0	0	0	0	0	0	0
25.80	78699	4	0	0	0	0	0	0	0	0	0
25.90	76909	4	0	0	0	0	0	0	0	0	0
26.00	75147	4	0	0	0	0	0	0	0	0	0
26.10	73411	4	0	0	0	0	0	0	0	0	0
26.20	71703	4	0	0	0	0	0	0	0	0	0
26.30	70021	4	0	0	0	0	0	0	0	0	0
26.40	68366	4	0	0	0	0	0	0	0	0	0
26.50	66737	4	0	0	0	0	0	0	0	0	0
26.60	65135	4	0	0	0	0	0	0	0	0	0
26.70	63558	4	0	0	0	0	0	0	0	0	0
26.80	62007	4	0	0	0	0	0	0	0	0	0
26.90	60481	4	0	0	0	0	0	0	0	0	0
27.00	58981	4	0	0	0	0	0	0	0	0	0
27.10	57506	4	0	0	0	0	0	0	0	0	0
27.20	56055	4	0	0	0	0	0	0	0	0	0
27.30	54629	4	0	0	0	0	0	0	0	0	0
27.40	53228	4	0	0	0	0	0	0	0	0	0
27.50	51851	4	0	0	0	0	0	0	0	0	0
27.60	50498	4	0	0	0	0	0	0	0	0	0
27.70	49168	4	0	0	0	0	0	0	0	0	0
27.80	47863	4	0	0	0	0	0	0	0	0	0
27.90	46580	4	0	0	0	0	0	0	0	0	0
28.00	45321	4	0	0	0	0	0	0	0	0	0
28.10	44084	4	0	0	0	0	0	0	0	0	0
28.20	42871	4	0	0	0	0	0	0	0	0	0
28.30	41680	4	0	0	0	0	0	0	0	0	0
28.40	40511	4	0	0	0	0	0	0	0	0	0
28.50	39364	4	0	0	0	0	0	0	0	0	0
28.60	38239	4	0	0	0	0	0	0	0	0	0
28.70	37136	4	0	0	0	0	0	0	0	0	0
28.80	36054	4	0	0	0	0	0	0	0	0	0
28.90	34994	4	0	0	0	0	0	0	0	0	0
29.00	33954	4	0	0	0	0	0	0	0	0	0
29.10	32936	4	0	0	0	0	0	0	0	0	0
29.20	31938	4	0	0	0	0	0	0	0	0	0
29.30	30960	4	0	0	0	0	0	0	0	0	0
29.40	30002	4	0	0	0	0	0	0	0	0	0
29.50	29065	4	0	0	0	0	0	0	0	0	0
29.60	28147	4	0	0	0	0	0	0	0	0	0
29.70	27249	4	0	0	0	0	0	0	0	0	0
29.80	26370	4	0	0	0	0	0	0	0	0	0
29.90	25511	4	0	0	0	0	0	0	0	0	0
30.00	24670	4	0	0	0	0	0	0	0	0	0
30.10	23848	4	0	0	0	0	0	0	0	0	0
30.20	23044	4	0	0	0	0	0	0	0	0	0
30.30	22259	4	0	0	0	0	0	0	0	0	0
30.40	21492	4	0	0	0	0	0	0	0	0	0
30.50	20742	4	0	0	0	0	0	0	0	0	0
30.60	20011	4	0	0	0	0	0	0	0	0	0
30.70	19296	4	0	0	0	0	0	0	0	0	0
30.80	18599	4	0	0	0	0	0	0	0	0	0
30.90	17919	4	0	0	0	0	0	0	0	0	0
31.00	17256	4	0	0	0	0	0	0	0	0	0
31.10	16609	4	0	0	0	0	0	0	0	0	0
31.20	15979	4	0	0	0	0	0	0	0	0	0
31.30	15365	4	0	0	0	0	0	0	0	0	0
31.40	14767	4	0	0	0	0	0	0	0	0	0
31.50	14184	4	0	0	0	0	0	0	0	0	0
31.60	13618	4	0	0	0	0	0	0	0	0	0
31.70	13066	4	0	0	0	0	0	0	0	0	0
31.80	12530	4	0	0	0	0	0	0	0	0	0
31.90	12008	4	0	0	0	0	0	0	0	0	0
32.00	11501	4	0	0	0	0	0	0	0	0	0
32.10	11009	4	0	0	0	0	0	0	0	0	0
32.20	10531	4	0	0	0	0	0	0	0	0	0
32.30	10067	4	0	0	0	0	0	0	0	0	0
32.40	9617	4	0	0	0	0	0	0	0	0	0
32.50	9181	4	0	0	0	0	0	0	0	0	0
32.60	8757	4	0	0	0	0	0	0	0	0	0
32.70	8348	4	0	0	0	0	0	0	0	0	0
32.80	7951	4	0	0	0	0	0	0	0	0	0
32.90	7567	4	0	0	0	0	0	0	0	0	0
33.00	7195	4	0	0	0	0	0	0	0	0	0
33.10	6836	4	0	0	0	0	0	0	0	0	0
33.20	6489	4	0	0	0	0	0	0	0	0	0
33.30	6154	4	0	0	0	0	0	0	0	0	0
33.40	5831	4	0	0	0	0	0	0	0	0	0
33.50	5520	4	0	0	0	0	0	0	0	0	0
33.60	5219	4	0	0	0	0	0	0	0	0	0
33.70	4930	4	0	0	0	0	0	0	0	0	0
33.80	4652	4	0	0	0	0	0	0	0	0	0
33.90	4384	4	0	0	0	0	0	0	0	0	0
34.00	4127	4	0	0	0	0	0	0	0	0	0
34.10	3880	4	0	0	0	0	0	0	0	0	0
34.20	3643	4	0	0	0	0	0	0	0	0	0
34.30	3416	4	0	0	0	0	0	0	0	0	0
34.40	3199	4	0	0	0	0	0	0	0	0	0
34.50	2991	4	0	0	0	0	0	0	0	0	0
34.60	2792	4	0	0	0	0	0	0	0	0	0
34.70	2603	4	0	0	0	0	0	0	0	0	0
34.80	2422	4	0	0	0	0	0	0	0	0	0
34.90	2250	4	0	0	0	0	0	0	0	0	0
35.00	2086	4	0	0	0	0	0	0	0	0	0
35.10	1930	4	0	0	0	0	0	0	0	0	0
35.20	1782	4	0	0	0	0	0	0	0	0	0
35.30	1642	4	0	0	0	0	0	0	0	0	0
35.40	1510	4	0	0	0	0	0	0	0	0	0
35.50	1385	4	0	0	0	0	0	0	0	0	0
35.60	1267	4	0	0	0	0	0	0	0	0	0
35.70	1155	4	0	0	0	0	0	0	0	0	0
35.80	1051	4	0	0	0	0	0	0	0	0	0
35.90	953	4	0	0	0	0	0	0	0	0	0
36.00	862	4	0	0	0	0	0	0	0	0	0
36.10	776	4	0	0	0	0	0	0	0	0	0
36.20	696	4	0	0	0	0	0	0	0	0	0
36.30	622	4	0	0	0	0	0	0	0	0	0
36.40	554	4	0	0	0	0	0	0	0	0	0
36.50	490	4	0	0	0	0	0	0	0	0	0
36.60	432	4	0	0	0	0	0	0	0	0	0
36.70	379	4	0	0	0	0	0	0	0	0	0
36.80	330	4	0	0	0	0	0	0	0	0	0
36.90	285	4	0	0	0	0	0	0	0	0	0
37.00	245	4	0	0	0	0	0	0	0	0	0
37.10	209	4	0	0	0	0	0	0	0	0	0
37.20	176	4	0	0	0	0	0	0	0	0	0
37.30	147	4	0	0	0	0	0	0	0	0	0
37.40	122	4	0	0	0	0	0	0	0	0	0
37.50	99	4	0	0	0	0	0	0	0	0	0
37.60	80	4	0	0	0	0	0	0	0	0	0
37.70	63	4	0	0	0	0	0	0	0	0	0
37.80	49	4	0	0	0	0	0	0	0	0	0
37.90	37	4	0	0	0	0	0	0	0	0	0
38.00	27	4	0	0	0	0	0	0	0	0	0
38.10	19	4	0	0	0	0	0	0	0	0	0
38.20	13	4	0	0	0	0	0	0	0	0	0
38.30	8	4	0	0	0	0	0	0	0	0	0
38.40	5	4	0	0	0	0	0	0	0	0	0
38.50	3	4	0	0	0	0	0	0	0	0	0
38.60	1	4	0	0	0	0	0	0	0	0	0
38.70	0	4	0	0	0	0	0	0	0	0	0
38.80	0	4	0	0	0	0	0	0	0	0	0
38.90	0	4	0	0	0	0	0	0	0	0	0
38.93	0	4	0	0	0	0	0	0	0	0	0