-999	"MyLake init"
Z (m)	Az (m2)	Tz (deg C)	Cz	Sz (kg/m3)	TPz (mg/m3)	DOPz (mg/m3)	Chlaz (mg/m3)	DOCz (mg/m3)	TPz_sed (mg/m3)	Chlaz_sed (mg/m3)	"Fvol_IM (m3/m3	 dry w.)"	Hice (m)	Hsnow (m)
0.00	2924557	4	0	0	0	0	0	0	0	0	0	0	0
0.10	2899999	4	0	0	0	0	0	0	0	0	0
0.20	2875620	4	0	0	0	0	0	0	0	0	0
0.30	2851419	4	0	0	0	0	0	0	0	0	0
0.40	2827394	4	0	0	0	0	0	0	0	0	0
0.50	2803544	4	0	0	0	0	0	0	0	0	0
0.60	2779868	4	0	0	0	0	0	0	0	0	0
0.70	2756366	4	0	0	0	0	0	0	0	0	0
0.80	2733036	4	0	0	0	0	0	0	0	0	0
0.90	2709877	4	0	0	0	0	0	0	0	0	0
1.00	2686888	4	0	0	0	0	0	0	0	0	0
1.10	2664067	4	0	0	0	0	0	0	0	0	0
1.20	2641415	4	0	0	0	0	0	0	0	0	0
1.30	2618930	4	0	0	0	0	0	0	0	0	0
1.40	2596610	4	0	0	0	0	0	0	0	0	0
1.50	2574455	4	0	0	0	0	0	0	0	0	0
1.60	2552464	4	0	0	0	0	0	0	0	0	0
1.70	2530635	4	0	0	0	0	0	0	0	0	0
1.80	2508969	4	0	0	0	0	0	0	0	0	0
1.90	2487463	4	0	0	0	0	0	0	0	0	0
2.00	2466116	4	0	0	0	0	0	0	0	0	0
2.10	2444929	4	0	0	0	0	0	0	0	0	0
2.20	2423899	4	0	0	0	0	0	0	0	0	0
2.30	2403025	4	0	0	0	0	0	0	0	0	0
2.40	2382308	4	0	0	0	0	0	0	0	0	0
2.50	2361745	4	0	0	0	0	0	0	0	0	0
2.60	2341336	4	0	0	0	0	0	0	0	0	0
2.70	2321079	4	0	0	0	0	0	0	0	0	0
2.80	2300975	4	0	0	0	0	0	0	0	0	0
2.90	2281021	4	0	0	0	0	0	0	0	0	0
3.00	2261217	4	0	0	0	0	0	0	0	0	0
3.10	2241562	4	0	0	0	0	0	0	0	0	0
3.20	2222055	4	0	0	0	0	0	0	0	0	0
3.30	2202696	4	0	0	0	0	0	0	0	0	0
3.40	2183482	4	0	0	0	0	0	0	0	0	0
3.50	2164413	4	0	0	0	0	0	0	0	0	0
3.60	2145489	4	0	0	0	0	0	0	0	0	0
3.70	2126708	4	0	0	0	0	0	0	0	0	0
3.80	2108070	4	0	0	0	0	0	0	0	0	0
3.90	2089573	4	0	0	0	0	0	0	0	0	0
4.00	2071216	4	0	0	0	0	0	0	0	0	0
4.10	2052999	4	0	0	0	0	0	0	0	0	0
4.20	2034921	4	0	0	0	0	0	0	0	0	0
4.30	2016981	4	0	0	0	0	0	0	0	0	0
4.40	1999178	4	0	0	0	0	0	0	0	0	0
4.50	1981511	4	0	0	0	0	0	0	0	0	0
4.60	1963980	4	0	0	0	0	0	0	0	0	0
4.70	1946582	4	0	0	0	0	0	0	0	0	0
4.80	1929318	4	0	0	0	0	0	0	0	0	0
4.90	1912187	4	0	0	0	0	0	0	0	0	0
5.00	1895188	4	0	0	0	0	0	0	0	0	0
5.10	1878319	4	0	0	0	0	0	0	0	0	0
5.20	1861581	4	0	0	0	0	0	0	0	0	0
5.30	1844972	4	0	0	0	0	0	0	0	0	0
5.40	1828491	4	0	0	0	0	0	0	0	0	0
5.50	1812138	4	0	0	0	0	0	0	0	0	0
5.60	1795911	4	0	0	0	0	0	0	0	0	0
5.70	1779810	4	0	0	0	0	0	0	0	0	0
5.80	1763834	4	0	0	0	0	0	0	0	0	0
5.90	1747983	4	0	0	0	0	0	0	0	0	0
6.00	1732255	4	0	0	0	0	0	0	0	0	0
6.10	1716649	4	0	0	0	0	0	0	0	0	0
6.20	1701166	4	0	0	0	0	0	0	0	0	0
6.30	1685803	4	0	0	0	0	0	0	0	0	0
6.40	1670560	4	0	0	0	0	0	0	0	0	0
6.50	1655437	4	0	0	0	0	0	0	0	0	0
6.60	1640433	4	0	0	0	0	0	0	0	0	0
6.70	1625546	4	0	0	0	0	0	0	0	0	0
6.80	1610776	4	0	0	0	0	0	0	0	0	0
6.90	1596123	4	0	0	0	0	0	0	0	0	0
7.00	1581585	4	0	0	0	0	0	0	0	0	0
7.10	1567162	4	0	0	0	0	0	0	0	0	0
7.20	1552852	4	0	0	0	0	0	0	0	0	0
7.30	1538656	4	0	0	0	0	0	0	0	0	0
7.40	1524573	4	0	0	0	0	0	0	0	0	0
7.50	1510601	4	0	0	0	0	0	0	0	0	0
7.60	1496739	4	0	0	0	0	0	0	0	0	0
7.70	1482989	4	0	0	0	0	0	0	0	0	0
7.80	1469347	4	0	0	0	0	0	0	0	0	0
7.90	1455814	4	0	0	0	0	0	0	0	0	0
8.00	1442389	4	0	0	0	0	0	0	0	0	0
8.10	1429072	4	0	0	0	0	0	0	0	0	0
8.20	1415861	4	0	0	0	0	0	0	0	0	0
8.30	1402756	4	0	0	0	0	0	0	0	0	0
8.40	1389756	4	0	0	0	0	0	0	0	0	0
8.50	1376860	4	0	0	0	0	0	0	0	0	0
8.60	1364068	4	0	0	0	0	0	0	0	0	0
8.70	1351379	4	0	0	0	0	0	0	0	0	0
8.80	1338792	4	0	0	0	0	0	0	0	0	0
8.90	1326306	4	0	0	0	0	0	0	0	0	0
9.00	1313922	4	0	0	0	0	0	0	0	0	0
9.10	1301638	4	0	0	0	0	0	0	0	0	0
9.20	1289453	4	0	0	0	0	0	0	0	0	0
9.30	1277367	4	0	0	0	0	0	0	0	0	0
9.40	1265379	4	0	0	0	0	0	0	0	0	0
9.50	1253489	4	0	0	0	0	0	0	0	0	0
9.60	1241695	4	0	0	0	0	0	0	0	0	0
9.70	1229998	4	0	0	0	0	0	0	0	0	0
9.80	1218396	4	0	0	0	0	0	0	0	0	0
9.90	1206889	4	0	0	0	0	0	0	0	0	0
10.00	1195476	4	0	0	0	0	0	0	0	0	0
10.10	1184156	4	0	0	0	0	0	0	0	0	0
10.20	1172929	4	0	0	0	0	0	0	0	0	0
10.30	1161795	4	0	0	0	0	0	0	0	0	0
10.40	1150752	4	0	0	0	0	0	0	0	0	0
10.50	1139800	4	0	0	0	0	0	0	0	0	0
10.60	1128939	4	0	0	0	0	0	0	0	0	0
10.70	1118167	4	0	0	0	0	0	0	0	0	0
10.80	1107484	4	0	0	0	0	0	0	0	0	0
10.90	1096889	4	0	0	0	0	0	0	0	0	0
11.00	1086383	4	0	0	0	0	0	0	0	0	0
11.10	1075963	4	0	0	0	0	0	0	0	0	0
11.20	1065630	4	0	0	0	0	0	0	0	0	0
11.30	1055383	4	0	0	0	0	0	0	0	0	0
11.40	1045222	4	0	0	0	0	0	0	0	0	0
11.50	1035145	4	0	0	0	0	0	0	0	0	0
11.60	1025152	4	0	0	0	0	0	0	0	0	0
11.70	1015243	4	0	0	0	0	0	0	0	0	0
11.80	1005417	4	0	0	0	0	0	0	0	0	0
11.90	995673	4	0	0	0	0	0	0	0	0	0
12.00	986011	4	0	0	0	0	0	0	0	0	0
12.10	976430	4	0	0	0	0	0	0	0	0	0
12.20	966930	4	0	0	0	0	0	0	0	0	0
12.30	957510	4	0	0	0	0	0	0	0	0	0
12.40	948170	4	0	0	0	0	0	0	0	0	0
12.50	938909	4	0	0	0	0	0	0	0	0	0
12.60	929725	4	0	0	0	0	0	0	0	0	0
12.70	920620	4	0	0	0	0	0	0	0	0	0
12.80	911592	4	0	0	0	0	0	0	0	0	0
12.90	902641	4	0	0	0	0	0	0	0	0	0
13.00	893765	4	0	0	0	0	0	0	0	0	0
13.10	884966	4	0	0	0	0	0	0	0	0	0
13.20	876241	4	0	0	0	0	0	0	0	0	0
13.30	867591	4	0	0	0	0	0	0	0	0	0
13.40	859015	4	0	0	0	0	0	0	0	0	0
13.50	850513	4	0	0	0	0	0	0	0	0	0
13.60	842083	4	0	0	0	0	0	0	0	0	0
13.70	833726	4	0	0	0	0	0	0	0	0	0
13.80	825440	4	0	0	0	0	0	0	0	0	0
13.90	817226	4	0	0	0	0	0	0	0	0	0
14.00	809083	4	0	0	0	0	0	0	0	0	0
14.10	801010	4	0	0	0	0	0	0	0	0	0
14.20	793007	4	0	0	0	0	0	0	0	0	0
14.30	785073	4	0	0	0	0	0	0	0	0	0
14.40	777208	4	0	0	0	0	0	0	0	0	0
14.50	769411	4	0	0	0	0	0	0	0	0	0
14.60	761682	4	0	0	0	0	0	0	0	0	0
14.70	754020	4	0	0	0	0	0	0	0	0	0
14.80	746425	4	0	0	0	0	0	0	0	0	0
14.90	738896	4	0	0	0	0	0	0	0	0	0
15.00	731433	4	0	0	0	0	0	0	0	0	0
15.10	724035	4	0	0	0	0	0	0	0	0	0
15.20	716702	4	0	0	0	0	0	0	0	0	0
15.30	709434	4	0	0	0	0	0	0	0	0	0
15.40	702229	4	0	0	0	0	0	0	0	0	0
15.50	695088	4	0	0	0	0	0	0	0	0	0
15.60	688010	4	0	0	0	0	0	0	0	0	0
15.70	680994	4	0	0	0	0	0	0	0	0	0
15.80	674040	4	0	0	0	0	0	0	0	0	0
15.90	667148	4	0	0	0	0	0	0	0	0	0
16.00	660316	4	0	0	0	0	0	0	0	0	0
16.10	653546	4	0	0	0	0	0	0	0	0	0
16.20	646835	4	0	0	0	0	0	0	0	0	0
16.30	640184	4	0	0	0	0	0	0	0	0	0
16.40	633593	4	0	0	0	0	0	0	0	0	0
16.50	627060	4	0	0	0	0	0	0	0	0	0
16.60	620585	4	0	0	0	0	0	0	0	0	0
16.70	614169	4	0	0	0	0	0	0	0	0	0
16.80	607810	4	0	0	0	0	0	0	0	0	0
16.90	601508	4	0	0	0	0	0	0	0	0	0
17.00	595263	4	0	0	0	0	0	0	0	0	0
17.10	589073	4	0	0	0	0	0	0	0	0	0
17.20	582940	4	0	0	0	0	0	0	0	0	0
17.30	576862	4	0	0	0	0	0	0	0	0	0
17.40	570839	4	0	0	0	0	0	0	0	0	0
17.50	564870	4	0	0	0	0	0	0	0	0	0
17.60	558955	4	0	0	0	0	0	0	0	0	0
17.70	553094	4	0	0	0	0	0	0	0	0	0
17.80	547287	4	0	0	0	0	0	0	0	0	0
17.90	541532	4	0	0	0	0	0	0	0	0	0
18.00	535829	4	0	0	0	0	0	0	0	0	0
18.10	530179	4	0	0	0	0	0	0	0	0	0
18.20	524580	4	0	0	0	0	0	0	0	0	0
18.30	519033	4	0	0	0	0	0	0	0	0	0
18.40	513536	4	0	0	0	0	0	0	0	0	0
18.50	508090	4	0	0	0	0	0	0	0	0	0
18.60	502693	4	0	0	0	0	0	0	0	0	0
18.70	497347	4	0	0	0	0	0	0	0	0	0
18.80	492049	4	0	0	0	0	0	0	0	0	0
18.90	486801	4	0	0	0	0	0	0	0	0	0
19.00	481601	4	0	0	0	0	0	0	0	0	0
19.10	476449	4	0	0	0	0	0	0	0	0	0
19.20	471345	4	0	0	0	0	0	0	0	0	0
19.30	466289	4	0	0	0	0	0	0	0	0	0
19.40	461279	4	0	0	0	0	0	0	0	0	0
19.50	456316	4	0	0	0	0	0	0	0	0	0
19.60	451399	4	0	0	0	0	0	0	0	0	0
19.70	446528	4	0	0	0	0	0	0	0	0	0
19.80	441703	4	0	0	0	0	0	0	0	0	0
19.90	436923	4	0	0	0	0	0	0	0	0	0
20.00	432188	4	0	0	0	0	0	0	0	0	0
20.10	427497	4	0	0	0	0	0	0	0	0	0
20.20	422850	4	0	0	0	0	0	0	0	0	0
20.30	418247	4	0	0	0	0	0	0	0	0	0
20.40	413688	4	0	0	0	0	0	0	0	0	0
20.50	409171	4	0	0	0	0	0	0	0	0	0
20.60	404698	4	0	0	0	0	0	0	0	0	0
20.70	400266	4	0	0	0	0	0	0	0	0	0
20.80	395877	4	0	0	0	0	0	0	0	0	0
20.90	391529	4	0	0	0	0	0	0	0	0	0
21.00	387223	4	0	0	0	0	0	0	0	0	0
21.10	382958	4	0	0	0	0	0	0	0	0	0
21.20	378733	4	0	0	0	0	0	0	0	0	0
21.30	374549	4	0	0	0	0	0	0	0	0	0
21.40	370405	4	0	0	0	0	0	0	0	0	0
21.50	366301	4	0	0	0	0	0	0	0	0	0
21.60	362236	4	0	0	0	0	0	0	0	0	0
21.70	358210	4	0	0	0	0	0	0	0	0	0
21.80	354223	4	0	0	0	0	0	0	0	0	0
21.90	350275	4	0	0	0	0	0	0	0	0	0
22.00	346364	4	0	0	0	0	0	0	0	0	0
22.10	342492	4	0	0	0	0	0	0	0	0	0
22.20	338656	4	0	0	0	0	0	0	0	0	0
22.30	334859	4	0	0	0	0	0	0	0	0	0
22.40	331098	4	0	0	0	0	0	0	0	0	0
22.50	327373	4	0	0	0	0	0	0	0	0	0
22.60	323685	4	0	0	0	0	0	0	0	0	0
22.70	320033	4	0	0	0	0	0	0	0	0	0
22.80	316417	4	0	0	0	0	0	0	0	0	0
22.90	312836	4	0	0	0	0	0	0	0	0	0
23.00	309290	4	0	0	0	0	0	0	0	0	0
23.10	305779	4	0	0	0	0	0	0	0	0	0
23.20	302302	4	0	0	0	0	0	0	0	0	0
23.30	298860	4	0	0	0	0	0	0	0	0	0
23.40	295452	4	0	0	0	0	0	0	0	0	0
23.50	292077	4	0	0	0	0	0	0	0	0	0
23.60	288736	4	0	0	0	0	0	0	0	0	0
23.70	285428	4	0	0	0	0	0	0	0	0	0
23.80	282153	4	0	0	0	0	0	0	0	0	0
23.90	278910	4	0	0	0	0	0	0	0	0	0
24.00	275700	4	0	0	0	0	0	0	0	0	0
24.10	272522	4	0	0	0	0	0	0	0	0	0
24.20	269375	4	0	0	0	0	0	0	0	0	0
24.30	266260	4	0	0	0	0	0	0	0	0	0
24.40	263176	4	0	0	0	0	0	0	0	0	0
24.50	260123	4	0	0	0	0	0	0	0	0	0
24.60	257101	4	0	0	0	0	0	0	0	0	0
24.70	254109	4	0	0	0	0	0	0	0	0	0
24.80	251148	4	0	0	0	0	0	0	0	0	0
24.90	248216	4	0	0	0	0	0	0	0	0	0
25.00	245314	4	0	0	0	0	0	0	0	0	0
25.10	242441	4	0	0	0	0	0	0	0	0	0
25.20	239598	4	0	0	0	0	0	0	0	0	0
25.30	236783	4	0	0	0	0	0	0	0	0	0
25.40	233997	4	0	0	0	0	0	0	0	0	0
25.50	231240	4	0	0	0	0	0	0	0	0	0
25.60	228510	4	0	0	0	0	0	0	0	0	0
25.70	225809	4	0	0	0	0	0	0	0	0	0
25.80	223135	4	0	0	0	0	0	0	0	0	0
25.90	220489	4	0	0	0	0	0	0	0	0	0
26.00	217869	4	0	0	0	0	0	0	0	0	0
26.10	215277	4	0	0	0	0	0	0	0	0	0
26.20	212712	4	0	0	0	0	0	0	0	0	0
26.30	210173	4	0	0	0	0	0	0	0	0	0
26.40	207660	4	0	0	0	0	0	0	0	0	0
26.50	205173	4	0	0	0	0	0	0	0	0	0
26.60	202713	4	0	0	0	0	0	0	0	0	0
26.70	200277	4	0	0	0	0	0	0	0	0	0
26.80	197867	4	0	0	0	0	0	0	0	0	0
26.90	195482	4	0	0	0	0	0	0	0	0	0
27.00	193123	4	0	0	0	0	0	0	0	0	0
27.10	190787	4	0	0	0	0	0	0	0	0	0
27.20	188477	4	0	0	0	0	0	0	0	0	0
27.30	186190	4	0	0	0	0	0	0	0	0	0
27.40	183928	4	0	0	0	0	0	0	0	0	0
27.50	181689	4	0	0	0	0	0	0	0	0	0
27.60	179474	4	0	0	0	0	0	0	0	0	0
27.70	177283	4	0	0	0	0	0	0	0	0	0
27.80	175114	4	0	0	0	0	0	0	0	0	0
27.90	172969	4	0	0	0	0	0	0	0	0	0
28.00	170846	4	0	0	0	0	0	0	0	0	0
28.10	168746	4	0	0	0	0	0	0	0	0	0
28.20	166668	4	0	0	0	0	0	0	0	0	0
28.30	164613	4	0	0	0	0	0	0	0	0	0
28.40	162579	4	0	0	0	0	0	0	0	0	0
28.50	160568	4	0	0	0	0	0	0	0	0	0
28.60	158577	4	0	0	0	0	0	0	0	0	0
28.70	156608	4	0	0	0	0	0	0	0	0	0
28.80	154661	4	0	0	0	0	0	0	0	0	0
28.90	152734	4	0	0	0	0	0	0	0	0	0
29.00	150828	4	0	0	0	0	0	0	0	0	0
29.10	148943	4	0	0	0	0	0	0	0	0	0
29.20	147078	4	0	0	0	0	0	0	0	0	0
29.30	145234	4	0	0	0	0	0	0	0	0	0
29.40	143409	4	0	0	0	0	0	0	0	0	0
29.50	141605	4	0	0	0	0	0	0	0	0	0
29.60	139820	4	0	0	0	0	0	0	0	0	0
29.70	138054	4	0	0	0	0	0	0	0	0	0
29.80	136308	4	0	0	0	0	0	0	0	0	0
29.90	134581	4	0	0	0	0	0	0	0	0	0
30.00	132873	4	0	0	0	0	0	0	0	0	0
30.10	131184	4	0	0	0	0	0	0	0	0	0
30.20	129513	4	0	0	0	0	0	0	0	0	0
30.30	127861	4	0	0	0	0	0	0	0	0	0
30.40	126227	4	0	0	0	0	0	0	0	0	0
30.50	124611	4	0	0	0	0	0	0	0	0	0
30.60	123013	4	0	0	0	0	0	0	0	0	0
30.70	121433	4	0	0	0	0	0	0	0	0	0
30.80	119870	4	0	0	0	0	0	0	0	0	0
30.90	118325	4	0	0	0	0	0	0	0	0	0
31.00	116797	4	0	0	0	0	0	0	0	0	0
31.10	115287	4	0	0	0	0	0	0	0	0	0
31.20	113793	4	0	0	0	0	0	0	0	0	0
31.30	112316	4	0	0	0	0	0	0	0	0	0
31.40	110855	4	0	0	0	0	0	0	0	0	0
31.50	109411	4	0	0	0	0	0	0	0	0	0
31.60	107984	4	0	0	0	0	0	0	0	0	0
31.70	106572	4	0	0	0	0	0	0	0	0	0
31.80	105177	4	0	0	0	0	0	0	0	0	0
31.90	103797	4	0	0	0	0	0	0	0	0	0
32.00	102433	4	0	0	0	0	0	0	0	0	0
32.10	101084	4	0	0	0	0	0	0	0	0	0
32.20	99751	4	0	0	0	0	0	0	0	0	0
32.30	98433	4	0	0	0	0	0	0	0	0	0
32.40	97131	4	0	0	0	0	0	0	0	0	0
32.50	95843	4	0	0	0	0	0	0	0	0	0
32.60	94570	4	0	0	0	0	0	0	0	0	0
32.70	93311	4	0	0	0	0	0	0	0	0	0
32.80	92068	4	0	0	0	0	0	0	0	0	0
32.90	90838	4	0	0	0	0	0	0	0	0	0
33.00	89623	4	0	0	0	0	0	0	0	0	0
33.10	88422	4	0	0	0	0	0	0	0	0	0
33.20	87235	4	0	0	0	0	0	0	0	0	0
33.30	86061	4	0	0	0	0	0	0	0	0	0
33.40	84901	4	0	0	0	0	0	0	0	0	0
33.50	83755	4	0	0	0	0	0	0	0	0	0
33.60	82623	4	0	0	0	0	0	0	0	0	0
33.70	81503	4	0	0	0	0	0	0	0	0	0
33.80	80397	4	0	0	0	0	0	0	0	0	0
33.90	79304	4	0	0	0	0	0	0	0	0	0
34.00	78223	4	0	0	0	0	0	0	0	0	0
34.10	77155	4	0	0	0	0	0	0	0	0	0
34.20	76100	4	0	0	0	0	0	0	0	0	0
34.30	75058	4	0	0	0	0	0	0	0	0	0
34.40	74028	4	0	0	0	0	0	0	0	0	0
34.50	73010	4	0	0	0	0	0	0	0	0	0
34.60	72004	4	0	0	0	0	0	0	0	0	0
34.70	71010	4	0	0	0	0	0	0	0	0	0
34.80	70029	4	0	0	0	0	0	0	0	0	0
34.90	69059	4	0	0	0	0	0	0	0	0	0
35.00	68100	4	0	0	0	0	0	0	0	0	0
35.10	67153	4	0	0	0	0	0	0	0	0	0
35.20	66218	4	0	0	0	0	0	0	0	0	0
35.30	65293	4	0	0	0	0	0	0	0	0	0
35.40	64380	4	0	0	0	0	0	0	0	0	0
35.50	63479	4	0	0	0	0	0	0	0	0	0
35.60	62588	4	0	0	0	0	0	0	0	0	0
35.70	61707	4	0	0	0	0	0	0	0	0	0
35.80	60838	4	0	0	0	0	0	0	0	0	0
35.90	59979	4	0	0	0	0	0	0	0	0	0
36.00	59131	4	0	0	0	0	0	0	0	0	0
36.10	58293	4	0	0	0	0	0	0	0	0	0
36.20	57465	4	0	0	0	0	0	0	0	0	0
36.30	56648	4	0	0	0	0	0	0	0	0	0
36.40	55841	4	0	0	0	0	0	0	0	0	0
36.50	55043	4	0	0	0	0	0	0	0	0	0
36.60	54256	4	0	0	0	0	0	0	0	0	0
36.70	53478	4	0	0	0	0	0	0	0	0	0
36.80	52710	4	0	0	0	0	0	0	0	0	0
36.90	51952	4	0	0	0	0	0	0	0	0	0
37.00	51203	4	0	0	0	0	0	0	0	0	0
37.10	50463	4	0	0	0	0	0	0	0	0	0
37.20	49732	4	0	0	0	0	0	0	0	0	0
37.30	49011	4	0	0	0	0	0	0	0	0	0
37.40	48299	4	0	0	0	0	0	0	0	0	0
37.50	47596	4	0	0	0	0	0	0	0	0	0
37.60	46901	4	0	0	0	0	0	0	0	0	0
37.70	46216	4	0	0	0	0	0	0	0	0	0
37.80	45539	4	0	0	0	0	0	0	0	0	0
37.90	44871	4	0	0	0	0	0	0	0	0	0
38.00	44211	4	0	0	0	0	0	0	0	0	0
38.10	43560	4	0	0	0	0	0	0	0	0	0
38.20	42917	4	0	0	0	0	0	0	0	0	0
38.30	42282	4	0	0	0	0	0	0	0	0	0
38.40	41655	4	0	0	0	0	0	0	0	0	0
38.50	41037	4	0	0	0	0	0	0	0	0	0
38.60	40426	4	0	0	0	0	0	0	0	0	0
38.70	39823	4	0	0	0	0	0	0	0	0	0
38.80	39228	4	0	0	0	0	0	0	0	0	0
38.90	38641	4	0	0	0	0	0	0	0	0	0
39.00	38061	4	0	0	0	0	0	0	0	0	0
39.10	37489	4	0	0	0	0	0	0	0	0	0
39.20	36925	4	0	0	0	0	0	0	0	0	0
39.30	36367	4	0	0	0	0	0	0	0	0	0
39.40	35817	4	0	0	0	0	0	0	0	0	0
39.50	35274	4	0	0	0	0	0	0	0	0	0
39.60	34739	4	0	0	0	0	0	0	0	0	0
39.70	34210	4	0	0	0	0	0	0	0	0	0
39.80	33689	4	0	0	0	0	0	0	0	0	0
39.90	33174	4	0	0	0	0	0	0	0	0	0
40.00	32666	4	0	0	0	0	0	0	0	0	0
40.10	32165	4	0	0	0	0	0	0	0	0	0
40.20	31670	4	0	0	0	0	0	0	0	0	0
40.30	31182	4	0	0	0	0	0	0	0	0	0
40.40	30701	4	0	0	0	0	0	0	0	0	0
40.50	30226	4	0	0	0	0	0	0	0	0	0
40.60	29758	4	0	0	0	0	0	0	0	0	0
40.70	29295	4	0	0	0	0	0	0	0	0	0
40.80	28839	4	0	0	0	0	0	0	0	0	0
40.90	28389	4	0	0	0	0	0	0	0	0	0
41.00	27945	4	0	0	0	0	0	0	0	0	0
41.10	27508	4	0	0	0	0	0	0	0	0	0
41.20	27076	4	0	0	0	0	0	0	0	0	0
41.30	26650	4	0	0	0	0	0	0	0	0	0
41.40	26230	4	0	0	0	0	0	0	0	0	0
41.50	25815	4	0	0	0	0	0	0	0	0	0
41.60	25407	4	0	0	0	0	0	0	0	0	0
41.70	25003	4	0	0	0	0	0	0	0	0	0
41.80	24606	4	0	0	0	0	0	0	0	0	0
41.90	24214	4	0	0	0	0	0	0	0	0	0
42.00	23827	4	0	0	0	0	0	0	0	0	0
42.10	23446	4	0	0	0	0	0	0	0	0	0
42.20	23070	4	0	0	0	0	0	0	0	0	0
42.30	22699	4	0	0	0	0	0	0	0	0	0
42.40	22333	4	0	0	0	0	0	0	0	0	0
42.50	21973	4	0	0	0	0	0	0	0	0	0
42.60	21617	4	0	0	0	0	0	0	0	0	0
42.70	21267	4	0	0	0	0	0	0	0	0	0
42.80	20921	4	0	0	0	0	0	0	0	0	0
42.90	20580	4	0	0	0	0	0	0	0	0	0
43.00	20245	4	0	0	0	0	0	0	0	0	0
43.10	19913	4	0	0	0	0	0	0	0	0	0
43.20	19587	4	0	0	0	0	0	0	0	0	0
43.30	19265	4	0	0	0	0	0	0	0	0	0
43.40	18948	4	0	0	0	0	0	0	0	0	0
43.50	18635	4	0	0	0	0	0	0	0	0	0
43.60	18327	4	0	0	0	0	0	0	0	0	0
43.70	18023	4	0	0	0	0	0	0	0	0	0
43.80	17724	4	0	0	0	0	0	0	0	0	0
43.90	17429	4	0	0	0	0	0	0	0	0	0
44.00	17138	4	0	0	0	0	0	0	0	0	0
44.10	16851	4	0	0	0	0	0	0	0	0	0
44.20	16569	4	0	0	0	0	0	0	0	0	0
44.30	16290	4	0	0	0	0	0	0	0	0	0
44.40	16016	4	0	0	0	0	0	0	0	0	0
44.50	15746	4	0	0	0	0	0	0	0	0	0
44.60	15479	4	0	0	0	0	0	0	0	0	0
44.70	15217	4	0	0	0	0	0	0	0	0	0
44.80	14958	4	0	0	0	0	0	0	0	0	0
44.90	14704	4	0	0	0	0	0	0	0	0	0
45.00	14453	4	0	0	0	0	0	0	0	0	0
45.10	14205	4	0	0	0	0	0	0	0	0	0
45.20	13962	4	0	0	0	0	0	0	0	0	0
45.30	13722	4	0	0	0	0	0	0	0	0	0
45.40	13485	4	0	0	0	0	0	0	0	0	0
45.50	13252	4	0	0	0	0	0	0	0	0	0
45.60	13023	4	0	0	0	0	0	0	0	0	0
45.70	12797	4	0	0	0	0	0	0	0	0	0
45.80	12574	4	0	0	0	0	0	0	0	0	0
45.90	12355	4	0	0	0	0	0	0	0	0	0
46.00	12139	4	0	0	0	0	0	0	0	0	0
46.10	11927	4	0	0	0	0	0	0	0	0	0
46.20	11717	4	0	0	0	0	0	0	0	0	0
46.30	11511	4	0	0	0	0	0	0	0	0	0
46.40	11308	4	0	0	0	0	0	0	0	0	0
46.50	11108	4	0	0	0	0	0	0	0	0	0
46.60	10911	4	0	0	0	0	0	0	0	0	0
46.70	10717	4	0	0	0	0	0	0	0	0	0
46.80	10527	4	0	0	0	0	0	0	0	0	0
46.90	10339	4	0	0	0	0	0	0	0	0	0
47.00	10154	4	0	0	0	0	0	0	0	0	0
47.10	9971	4	0	0	0	0	0	0	0	0	0
47.20	9792	4	0	0	0	0	0	0	0	0	0
47.30	9616	4	0	0	0	0	0	0	0	0	0
47.40	9442	4	0	0	0	0	0	0	0	0	0
47.50	9271	4	0	0	0	0	0	0	0	0	0
47.60	9103	4	0	0	0	0	0	0	0	0	0
47.70	8937	4	0	0	0	0	0	0	0	0	0
47.80	8774	4	0	0	0	0	0	0	0	0	0
47.90	8613	4	0	0	0	0	0	0	0	0	0
48.00	8455	4	0	0	0	0	0	0	0	0	0
48.10	8300	4	0	0	0	0	0	0	0	0	0
48.20	8147	4	0	0	0	0	0	0	0	0	0
48.30	7996	4	0	0	0	0	0	0	0	0	0
48.40	7848	4	0	0	0	0	0	0	0	0	0
48.50	7703	4	0	0	0	0	0	0	0	0	0
48.60	7559	4	0	0	0	0	0	0	0	0	0
48.70	7418	4	0	0	0	0	0	0	0	0	0
48.80	7279	4	0	0	0	0	0	0	0	0	0
48.90	7143	4	0	0	0	0	0	0	0	0	0
49.00	7009	4	0	0	0	0	0	0	0	0	0
49.10	6876	4	0	0	0	0	0	0	0	0	0
49.20	6747	4	0	0	0	0	0	0	0	0	0
49.30	6619	4	0	0	0	0	0	0	0	0	0
49.40	6493	4	0	0	0	0	0	0	0	0	0
49.50	6369	4	0	0	0	0	0	0	0	0	0
49.60	6248	4	0	0	0	0	0	0	0	0	0
49.70	6128	4	0	0	0	0	0	0	0	0	0
49.80	6011	4	0	0	0	0	0	0	0	0	0
49.90	5895	4	0	0	0	0	0	0	0	0	0
50.00	5781	4	0	0	0	0	0	0	0	0	0
50.10	5669	4	0	0	0	0	0	0	0	0	0
50.20	5559	4	0	0	0	0	0	0	0	0	0
50.30	5451	4	0	0	0	0	0	0	0	0	0
50.40	5345	4	0	0	0	0	0	0	0	0	0
50.50	5241	4	0	0	0	0	0	0	0	0	0
50.60	5138	4	0	0	0	0	0	0	0	0	0
50.70	5037	4	0	0	0	0	0	0	0	0	0
50.80	4938	4	0	0	0	0	0	0	0	0	0
50.90	4840	4	0	0	0	0	0	0	0	0	0
51.00	4744	4	0	0	0	0	0	0	0	0	0
51.10	4650	4	0	0	0	0	0	0	0	0	0
51.20	4558	4	0	0	0	0	0	0	0	0	0
51.30	4467	4	0	0	0	0	0	0	0	0	0
51.40	4377	4	0	0	0	0	0	0	0	0	0
51.50	4289	4	0	0	0	0	0	0	0	0	0
51.60	4203	4	0	0	0	0	0	0	0	0	0
51.70	4118	4	0	0	0	0	0	0	0	0	0
51.80	4035	4	0	0	0	0	0	0	0	0	0
51.90	3953	4	0	0	0	0	0	0	0	0	0
52.00	3872	4	0	0	0	0	0	0	0	0	0
52.10	3793	4	0	0	0	0	0	0	0	0	0
52.20	3716	4	0	0	0	0	0	0	0	0	0
52.30	3640	4	0	0	0	0	0	0	0	0	0
52.40	3565	4	0	0	0	0	0	0	0	0	0
52.50	3491	4	0	0	0	0	0	0	0	0	0
52.60	3419	4	0	0	0	0	0	0	0	0	0
52.70	3348	4	0	0	0	0	0	0	0	0	0
52.80	3278	4	0	0	0	0	0	0	0	0	0
52.90	3210	4	0	0	0	0	0	0	0	0	0
53.00	3143	4	0	0	0	0	0	0	0	0	0
53.10	3077	4	0	0	0	0	0	0	0	0	0
53.20	3012	4	0	0	0	0	0	0	0	0	0
53.30	2948	4	0	0	0	0	0	0	0	0	0
53.40	2886	4	0	0	0	0	0	0	0	0	0
53.50	2825	4	0	0	0	0	0	0	0	0	0
53.60	2765	4	0	0	0	0	0	0	0	0	0
53.70	2706	4	0	0	0	0	0	0	0	0	0
53.80	2648	4	0	0	0	0	0	0	0	0	0
53.90	2591	4	0	0	0	0	0	0	0	0	0
54.00	2535	4	0	0	0	0	0	0	0	0	0
54.10	2480	4	0	0	0	0	0	0	0	0	0
54.20	2427	4	0	0	0	0	0	0	0	0	0
54.30	2374	4	0	0	0	0	0	0	0	0	0
54.40	2322	4	0	0	0	0	0	0	0	0	0
54.50	2272	4	0	0	0	0	0	0	0	0	0
54.60	2222	4	0	0	0	0	0	0	0	0	0
54.70	2173	4	0	0	0	0	0	0	0	0	0
54.80	2125	4	0	0	0	0	0	0	0	0	0
54.90	2078	4	0	0	0	0	0	0	0	0	0
55.00	2032	4	0	0	0	0	0	0	0	0	0
55.10	1987	4	0	0	0	0	0	0	0	0	0
55.20	1943	4	0	0	0	0	0	0	0	0	0
55.30	1899	4	0	0	0	0	0	0	0	0	0
55.40	1856	4	0	0	0	0	0	0	0	0	0
55.50	1815	4	0	0	0	0	0	0	0	0	0
55.60	1774	4	0	0	0	0	0	0	0	0	0
55.70	1734	4	0	0	0	0	0	0	0	0	0
55.80	1694	4	0	0	0	0	0	0	0	0	0
55.90	1656	4	0	0	0	0	0	0	0	0	0
56.00	1618	4	0	0	0	0	0	0	0	0	0
56.10	1581	4	0	0	0	0	0	0	0	0	0
56.20	1544	4	0	0	0	0	0	0	0	0	0
56.30	1509	4	0	0	0	0	0	0	0	0	0
56.40	1474	4	0	0	0	0	0	0	0	0	0
56.50	1439	4	0	0	0	0	0	0	0	0	0
56.60	1406	4	0	0	0	0	0	0	0	0	0
56.70	1373	4	0	0	0	0	0	0	0	0	0
56.80	1341	4	0	0	0	0	0	0	0	0	0
56.90	1309	4	0	0	0	0	0	0	0	0	0
57.00	1279	4	0	0	0	0	0	0	0	0	0
57.10	1248	4	0	0	0	0	0	0	0	0	0
57.20	1219	4	0	0	0	0	0	0	0	0	0
57.30	1190	4	0	0	0	0	0	0	0	0	0
57.40	1161	4	0	0	0	0	0	0	0	0	0
57.50	1133	4	0	0	0	0	0	0	0	0	0
57.60	1106	4	0	0	0	0	0	0	0	0	0
57.70	1079	4	0	0	0	0	0	0	0	0	0
57.80	1053	4	0	0	0	0	0	0	0	0	0
57.90	1028	4	0	0	0	0	0	0	0	0	0
58.00	1003	4	0	0	0	0	0	0	0	0	0
58.10	978	4	0	0	0	0	0	0	0	0	0
58.20	954	4	0	0	0	0	0	0	0	0	0
58.30	931	4	0	0	0	0	0	0	0	0	0
58.40	908	4	0	0	0	0	0	0	0	0	0
58.50	885	4	0	0	0	0	0	0	0	0	0
58.60	863	4	0	0	0	0	0	0	0	0	0
58.70	842	4	0	0	0	0	0	0	0	0	0
58.80	821	4	0	0	0	0	0	0	0	0	0
58.90	800	4	0	0	0	0	0	0	0	0	0
59.00	780	4	0	0	0	0	0	0	0	0	0
59.10	760	4	0	0	0	0	0	0	0	0	0
59.20	741	4	0	0	0	0	0	0	0	0	0
59.30	722	4	0	0	0	0	0	0	0	0	0
59.40	704	4	0	0	0	0	0	0	0	0	0
59.50	686	4	0	0	0	0	0	0	0	0	0
59.60	668	4	0	0	0	0	0	0	0	0	0
59.70	651	4	0	0	0	0	0	0	0	0	0
59.80	634	4	0	0	0	0	0	0	0	0	0
59.90	618	4	0	0	0	0	0	0	0	0	0
60.00	601	4	0	0	0	0	0	0	0	0	0
60.10	586	4	0	0	0	0	0	0	0	0	0
60.20	570	4	0	0	0	0	0	0	0	0	0
60.30	555	4	0	0	0	0	0	0	0	0	0
60.40	541	4	0	0	0	0	0	0	0	0	0
60.50	526	4	0	0	0	0	0	0	0	0	0
60.60	512	4	0	0	0	0	0	0	0	0	0
60.70	499	4	0	0	0	0	0	0	0	0	0
60.80	485	4	0	0	0	0	0	0	0	0	0
60.90	472	4	0	0	0	0	0	0	0	0	0
61.00	459	4	0	0	0	0	0	0	0	0	0
61.10	447	4	0	0	0	0	0	0	0	0	0
61.20	435	4	0	0	0	0	0	0	0	0	0
61.30	423	4	0	0	0	0	0	0	0	0	0
61.40	411	4	0	0	0	0	0	0	0	0	0
61.50	400	4	0	0	0	0	0	0	0	0	0
61.60	389	4	0	0	0	0	0	0	0	0	0
61.70	378	4	0	0	0	0	0	0	0	0	0
61.80	368	4	0	0	0	0	0	0	0	0	0
61.90	357	4	0	0	0	0	0	0	0	0	0
62.00	347	4	0	0	0	0	0	0	0	0	0
62.10	338	4	0	0	0	0	0	0	0	0	0
62.20	328	4	0	0	0	0	0	0	0	0	0
62.30	319	4	0	0	0	0	0	0	0	0	0
62.40	310	4	0	0	0	0	0	0	0	0	0
62.50	301	4	0	0	0	0	0	0	0	0	0
62.60	292	4	0	0	0	0	0	0	0	0	0
62.70	284	4	0	0	0	0	0	0	0	0	0
62.80	276	4	0	0	0	0	0	0	0	0	0
62.90	268	4	0	0	0	0	0	0	0	0	0
63.00	260	4	0	0	0	0	0	0	0	0	0
63.10	252	4	0	0	0	0	0	0	0	0	0
63.20	245	4	0	0	0	0	0	0	0	0	0
63.30	238	4	0	0	0	0	0	0	0	0	0
63.40	230	4	0	0	0	0	0	0	0	0	0
63.50	224	4	0	0	0	0	0	0	0	0	0
63.60	217	4	0	0	0	0	0	0	0	0	0
63.70	210	4	0	0	0	0	0	0	0	0	0
63.80	204	4	0	0	0	0	0	0	0	0	0
63.90	198	4	0	0	0	0	0	0	0	0	0
64.00	192	4	0	0	0	0	0	0	0	0	0
64.10	186	4	0	0	0	0	0	0	0	0	0
64.20	180	4	0	0	0	0	0	0	0	0	0
64.30	175	4	0	0	0	0	0	0	0	0	0
64.40	169	4	0	0	0	0	0	0	0	0	0
64.50	164	4	0	0	0	0	0	0	0	0	0
64.60	159	4	0	0	0	0	0	0	0	0	0
64.70	154	4	0	0	0	0	0	0	0	0	0
64.80	149	4	0	0	0	0	0	0	0	0	0
64.90	145	4	0	0	0	0	0	0	0	0	0
65.00	140	4	0	0	0	0	0	0	0	0	0
65.10	136	4	0	0	0	0	0	0	0	0	0
65.20	131	4	0	0	0	0	0	0	0	0	0
65.30	127	4	0	0	0	0	0	0	0	0	0
65.40	123	4	0	0	0	0	0	0	0	0	0
65.50	119	4	0	0	0	0	0	0	0	0	0
65.60	115	4	0	0	0	0	0	0	0	0	0
65.70	111	4	0	0	0	0	0	0	0	0	0
65.80	108	4	0	0	0	0	0	0	0	0	0
65.90	104	4	0	0	0	0	0	0	0	0	0
66.00	101	4	0	0	0	0	0	0	0	0	0
66.10	97	4	0	0	0	0	0	0	0	0	0
66.20	94	4	0	0	0	0	0	0	0	0	0
66.30	91	4	0	0	0	0	0	0	0	0	0
66.40	88	4	0	0	0	0	0	0	0	0	0
66.50	85	4	0	0	0	0	0	0	0	0	0
66.60	82	4	0	0	0	0	0	0	0	0	0
66.70	79	4	0	0	0	0	0	0	0	0	0
66.80	77	4	0	0	0	0	0	0	0	0	0
66.90	74	4	0	0	0	0	0	0	0	0	0
67.00	71	4	0	0	0	0	0	0	0	0	0
67.10	69	4	0	0	0	0	0	0	0	0	0
67.20	67	4	0	0	0	0	0	0	0	0	0
67.30	64	4	0	0	0	0	0	0	0	0	0
67.40	62	4	0	0	0	0	0	0	0	0	0
67.50	60	4	0	0	0	0	0	0	0	0	0
67.60	58	4	0	0	0	0	0	0	0	0	0
67.70	56	4	0	0	0	0	0	0	0	0	0
67.80	54	4	0	0	0	0	0	0	0	0	0
67.90	52	4	0	0	0	0	0	0	0	0	0
68.00	50	4	0	0	0	0	0	0	0	0	0
68.10	48	4	0	0	0	0	0	0	0	0	0
68.20	46	4	0	0	0	0	0	0	0	0	0
68.30	44	4	0	0	0	0	0	0	0	0	0
68.40	43	4	0	0	0	0	0	0	0	0	0
68.50	41	4	0	0	0	0	0	0	0	0	0
68.60	40	4	0	0	0	0	0	0	0	0	0
68.70	38	4	0	0	0	0	0	0	0	0	0
68.80	37	4	0	0	0	0	0	0	0	0	0
68.90	35	4	0	0	0	0	0	0	0	0	0
69.00	34	4	0	0	0	0	0	0	0	0	0
69.10	33	4	0	0	0	0	0	0	0	0	0
69.20	31	4	0	0	0	0	0	0	0	0	0
69.30	30	4	0	0	0	0	0	0	0	0	0
69.40	29	4	0	0	0	0	0	0	0	0	0
69.50	28	4	0	0	0	0	0	0	0	0	0
69.60	27	4	0	0	0	0	0	0	0	0	0
69.70	26	4	0	0	0	0	0	0	0	0	0
69.80	25	4	0	0	0	0	0	0	0	0	0
69.90	24	4	0	0	0	0	0	0	0	0	0
70.00	23	4	0	0	0	0	0	0	0	0	0
70.10	22	4	0	0	0	0	0	0	0	0	0
70.20	21	4	0	0	0	0	0	0	0	0	0
70.30	20	4	0	0	0	0	0	0	0	0	0
70.40	19	4	0	0	0	0	0	0	0	0	0
70.50	19	4	0	0	0	0	0	0	0	0	0
70.60	18	4	0	0	0	0	0	0	0	0	0
70.70	17	4	0	0	0	0	0	0	0	0	0
70.80	16	4	0	0	0	0	0	0	0	0	0
70.90	16	4	0	0	0	0	0	0	0	0	0
71.00	15	4	0	0	0	0	0	0	0	0	0
71.10	14	4	0	0	0	0	0	0	0	0	0
71.20	14	4	0	0	0	0	0	0	0	0	0
71.30	13	4	0	0	0	0	0	0	0	0	0
71.40	13	4	0	0	0	0	0	0	0	0	0
71.50	12	4	0	0	0	0	0	0	0	0	0
71.60	11	4	0	0	0	0	0	0	0	0	0
71.70	11	4	0	0	0	0	0	0	0	0	0
71.80	10	4	0	0	0	0	0	0	0	0	0
71.90	10	4	0	0	0	0	0	0	0	0	0
72.00	10	4	0	0	0	0	0	0	0	0	0
72.10	9	4	0	0	0	0	0	0	0	0	0
72.20	9	4	0	0	0	0	0	0	0	0	0
72.30	8	4	0	0	0	0	0	0	0	0	0
72.40	8	4	0	0	0	0	0	0	0	0	0
72.50	8	4	0	0	0	0	0	0	0	0	0
72.60	7	4	0	0	0	0	0	0	0	0	0
72.70	7	4	0	0	0	0	0	0	0	0	0
72.80	7	4	0	0	0	0	0	0	0	0	0
72.90	6	4	0	0	0	0	0	0	0	0	0
73.00	6	4	0	0	0	0	0	0	0	0	0
73.10	6	4	0	0	0	0	0	0	0	0	0
73.20	5	4	0	0	0	0	0	0	0	0	0
73.30	5	4	0	0	0	0	0	0	0	0	0
73.40	5	4	0	0	0	0	0	0	0	0	0
73.50	5	4	0	0	0	0	0	0	0	0	0
73.60	4	4	0	0	0	0	0	0	0	0	0
73.70	4	4	0	0	0	0	0	0	0	0	0
73.80	4	4	0	0	0	0	0	0	0	0	0
73.90	4	4	0	0	0	0	0	0	0	0	0
74.00	4	4	0	0	0	0	0	0	0	0	0
74.10	3	4	0	0	0	0	0	0	0	0	0
74.20	3	4	0	0	0	0	0	0	0	0	0
74.30	3	4	0	0	0	0	0	0	0	0	0
74.40	3	4	0	0	0	0	0	0	0	0	0
74.50	3	4	0	0	0	0	0	0	0	0	0
74.60	3	4	0	0	0	0	0	0	0	0	0
74.70	2	4	0	0	0	0	0	0	0	0	0
74.80	2	4	0	0	0	0	0	0	0	0	0
74.90	2	4	0	0	0	0	0	0	0	0	0
75.00	2	4	0	0	0	0	0	0	0	0	0
75.10	2	4	0	0	0	0	0	0	0	0	0
75.20	2	4	0	0	0	0	0	0	0	0	0
75.30	2	4	0	0	0	0	0	0	0	0	0
75.40	2	4	0	0	0	0	0	0	0	0	0
75.50	2	4	0	0	0	0	0	0	0	0	0
75.60	1	4	0	0	0	0	0	0	0	0	0
75.70	1	4	0	0	0	0	0	0	0	0	0
75.80	1	4	0	0	0	0	0	0	0	0	0
75.90	1	4	0	0	0	0	0	0	0	0	0
76.00	1	4	0	0	0	0	0	0	0	0	0
76.10	1	4	0	0	0	0	0	0	0	0	0
76.20	1	4	0	0	0	0	0	0	0	0	0
76.30	1	4	0	0	0	0	0	0	0	0	0
76.40	1	4	0	0	0	0	0	0	0	0	0
76.50	1	4	0	0	0	0	0	0	0	0	0
76.60	1	4	0	0	0	0	0	0	0	0	0
76.70	1	4	0	0	0	0	0	0	0	0	0
76.80	1	4	0	0	0	0	0	0	0	0	0
76.90	1	4	0	0	0	0	0	0	0	0	0
77.00	1	4	0	0	0	0	0	0	0	0	0
77.10	1	4	0	0	0	0	0	0	0	0	0
77.20	1	4	0	0	0	0	0	0	0	0	0
77.30	0	4	0	0	0	0	0	0	0	0	0
77.40	0	4	0	0	0	0	0	0	0	0	0
77.50	0	4	0	0	0	0	0	0	0	0	0
77.60	0	4	0	0	0	0	0	0	0	0	0
77.70	0	4	0	0	0	0	0	0	0	0	0
77.80	0	4	0	0	0	0	0	0	0	0	0
77.90	0	4	0	0	0	0	0	0	0	0	0
78.00	0	4	0	0	0	0	0	0	0	0	0
78.10	0	4	0	0	0	0	0	0	0	0	0
78.20	0	4	0	0	0	0	0	0	0	0	0
78.30	0	4	0	0	0	0	0	0	0	0	0
78.40	0	4	0	0	0	0	0	0	0	0	0
78.50	0	4	0	0	0	0	0	0	0	0	0
78.60	0	4	0	0	0	0	0	0	0	0	0
78.70	0	4	0	0	0	0	0	0	0	0	0
78.80	0	4	0	0	0	0	0	0	0	0	0
78.90	0	4	0	0	0	0	0	0	0	0	0
79.00	0	4	0	0	0	0	0	0	0	0	0
79.10	0	4	0	0	0	0	0	0	0	0	0
79.20	0	4	0	0	0	0	0	0	0	0	0
79.30	0	4	0	0	0	0	0	0	0	0	0
79.40	0	4	0	0	0	0	0	0	0	0	0
79.50	0	4	0	0	0	0	0	0	0	0	0
79.60	0	4	0	0	0	0	0	0	0	0	0
79.70	0	4	0	0	0	0	0	0	0	0	0
79.80	0	4	0	0	0	0	0	0	0	0	0
79.90	0	4	0	0	0	0	0	0	0	0	0
80.00	0	4	0	0	0	0	0	0	0	0	0
80.10	0	4	0	0	0	0	0	0	0	0	0
80.20	0	4	0	0	0	0	0	0	0	0	0
80.30	0	4	0	0	0	0	0	0	0	0	0
80.40	0	4	0	0	0	0	0	0	0	0	0
80.50	0	4	0	0	0	0	0	0	0	0	0
80.60	0	4	0	0	0	0	0	0	0	0	0
80.70	0	4	0	0	0	0	0	0	0	0	0
80.80	0	4	0	0	0	0	0	0	0	0	0
80.90	0	4	0	0	0	0	0	0	0	0	0
81.00	0	4	0	0	0	0	0	0	0	0	0
81.10	0	4	0	0	0	0	0	0	0	0	0
81.20	0	4	0	0	0	0	0	0	0	0	0
81.30	0	4	0	0	0	0	0	0	0	0	0
81.40	0	4	0	0	0	0	0	0	0	0	0
81.50	0	4	0	0	0	0	0	0	0	0	0
81.60	0	4	0	0	0	0	0	0	0	0	0
81.70	0	4	0	0	0	0	0	0	0	0	0
81.80	0	4	0	0	0	0	0	0	0	0	0
81.90	0	4	0	0	0	0	0	0	0	0	0
82.00	0	4	0	0	0	0	0	0	0	0	0
82.10	0	4	0	0	0	0	0	0	0	0	0
82.20	0	4	0	0	0	0	0	0	0	0	0
82.30	0	4	0	0	0	0	0	0	0	0	0
82.40	0	4	0	0	0	0	0	0	0	0	0
82.50	0	4	0	0	0	0	0	0	0	0	0
82.60	0	4	0	0	0	0	0	0	0	0	0
82.70	0	4	0	0	0	0	0	0	0	0	0
82.80	0	4	0	0	0	0	0	0	0	0	0
82.90	0	4	0	0	0	0	0	0	0	0	0
83.00	0	4	0	0	0	0	0	0	0	0	0
83.10	0	4	0	0	0	0	0	0	0	0	0
83.20	0	4	0	0	0	0	0	0	0	0	0
83.30	0	4	0	0	0	0	0	0	0	0	0
83.40	0	4	0	0	0	0	0	0	0	0	0
83.50	0	4	0	0	0	0	0	0	0	0	0
83.60	0	4	0	0	0	0	0	0	0	0	0
83.70	0	4	0	0	0	0	0	0	0	0	0
83.80	0	4	0	0	0	0	0	0	0	0	0
83.90	0	4	0	0	0	0	0	0	0	0	0
84.00	0	4	0	0	0	0	0	0	0	0	0
84.10	0	4	0	0	0	0	0	0	0	0	0
84.20	0	4	0	0	0	0	0	0	0	0	0
84.30	0	4	0	0	0	0	0	0	0	0	0
84.40	0	4	0	0	0	0	0	0	0	0	0
84.50	0	4	0	0	0	0	0	0	0	0	0
84.60	0	4	0	0	0	0	0	0	0	0	0
84.70	0	4	0	0	0	0	0	0	0	0	0
84.80	0	4	0	0	0	0	0	0	0	0	0
84.90	0	4	0	0	0	0	0	0	0	0	0
85.00	0	4	0	0	0	0	0	0	0	0	0
85.10	0	4	0	0	0	0	0	0	0	0	0
85.20	0	4	0	0	0	0	0	0	0	0	0
85.30	0	4	0	0	0	0	0	0	0	0	0
85.40	0	4	0	0	0	0	0	0	0	0	0
85.50	0	4	0	0	0	0	0	0	0	0	0
85.60	0	4	0	0	0	0	0	0	0	0	0
85.70	0	4	0	0	0	0	0	0	0	0	0
85.80	0	4	0	0	0	0	0	0	0	0	0
85.90	0	4	0	0	0	0	0	0	0	0	0
86.00	0	4	0	0	0	0	0	0	0	0	0
86.10	0	4	0	0	0	0	0	0	0	0	0
86.20	0	4	0	0	0	0	0	0	0	0	0
86.30	0	4	0	0	0	0	0	0	0	0	0
86.40	0	4	0	0	0	0	0	0	0	0	0
86.50	0	4	0	0	0	0	0	0	0	0	0
86.60	0	4	0	0	0	0	0	0	0	0	0
86.70	0	4	0	0	0	0	0	0	0	0	0
86.80	0	4	0	0	0	0	0	0	0	0	0
86.90	0	4	0	0	0	0	0	0	0	0	0
87.00	0	4	0	0	0	0	0	0	0	0	0
87.10	0	4	0	0	0	0	0	0	0	0	0
87.20	0	4	0	0	0	0	0	0	0	0	0
87.30	0	4	0	0	0	0	0	0	0	0	0
87.40	0	4	0	0	0	0	0	0	0	0	0
87.50	0	4	0	0	0	0	0	0	0	0	0
87.60	0	4	0	0	0	0	0	0	0	0	0
87.70	0	4	0	0	0	0	0	0	0	0	0
87.80	0	4	0	0	0	0	0	0	0	0	0
87.90	0	4	0	0	0	0	0	0	0	0	0
88.00	0	4	0	0	0	0	0	0	0	0	0
88.04	0	4	0	0	0	0	0	0	0	0	0