-999	"MyLake init"
Z (m)	Az (m2)	Tz (deg C)	Cz	Sz (kg/m3)	TPz (mg/m3)	DOPz (mg/m3)	Chlaz (mg/m3)	DOCz (mg/m3)	TPz_sed (mg/m3)	Chlaz_sed (mg/m3)	"Fvol_IM (m3/m3	 dry w.)"	Hice (m)	Hsnow (m)
0.00	33017033	4	0	0	0	0	0	0	0	0	0	0	0
0.10	32866490	4	0	0	0	0	0	0	0	0	0
0.20	32716392	4	0	0	0	0	0	0	0	0	0
0.30	32566739	4	0	0	0	0	0	0	0	0	0
0.40	32417530	4	0	0	0	0	0	0	0	0	0
0.50	32268764	4	0	0	0	0	0	0	0	0	0
0.60	32120441	4	0	0	0	0	0	0	0	0	0
0.70	31972560	4	0	0	0	0	0	0	0	0	0
0.80	31825120	4	0	0	0	0	0	0	0	0	0
0.90	31678122	4	0	0	0	0	0	0	0	0	0
1.00	31531564	4	0	0	0	0	0	0	0	0	0
1.10	31385445	4	0	0	0	0	0	0	0	0	0
1.20	31239766	4	0	0	0	0	0	0	0	0	0
1.30	31094526	4	0	0	0	0	0	0	0	0	0
1.40	30949723	4	0	0	0	0	0	0	0	0	0
1.50	30805358	4	0	0	0	0	0	0	0	0	0
1.60	30661430	4	0	0	0	0	0	0	0	0	0
1.70	30517937	4	0	0	0	0	0	0	0	0	0
1.80	30374881	4	0	0	0	0	0	0	0	0	0
1.90	30232259	4	0	0	0	0	0	0	0	0	0
2.00	30090072	4	0	0	0	0	0	0	0	0	0
2.10	29948318	4	0	0	0	0	0	0	0	0	0
2.20	29806997	4	0	0	0	0	0	0	0	0	0
2.30	29666109	4	0	0	0	0	0	0	0	0	0
2.40	29525653	4	0	0	0	0	0	0	0	0	0
2.50	29385629	4	0	0	0	0	0	0	0	0	0
2.60	29246035	4	0	0	0	0	0	0	0	0	0
2.70	29106871	4	0	0	0	0	0	0	0	0	0
2.80	28968136	4	0	0	0	0	0	0	0	0	0
2.90	28829831	4	0	0	0	0	0	0	0	0	0
3.00	28691954	4	0	0	0	0	0	0	0	0	0
3.10	28554504	4	0	0	0	0	0	0	0	0	0
3.20	28417482	4	0	0	0	0	0	0	0	0	0
3.30	28280886	4	0	0	0	0	0	0	0	0	0
3.40	28144716	4	0	0	0	0	0	0	0	0	0
3.50	28008971	4	0	0	0	0	0	0	0	0	0
3.60	27873651	4	0	0	0	0	0	0	0	0	0
3.70	27738755	4	0	0	0	0	0	0	0	0	0
3.80	27604283	4	0	0	0	0	0	0	0	0	0
3.90	27470233	4	0	0	0	0	0	0	0	0	0
4.00	27336605	4	0	0	0	0	0	0	0	0	0
4.10	27203400	4	0	0	0	0	0	0	0	0	0
4.20	27070615	4	0	0	0	0	0	0	0	0	0
4.30	26938250	4	0	0	0	0	0	0	0	0	0
4.40	26806306	4	0	0	0	0	0	0	0	0	0
4.50	26674781	4	0	0	0	0	0	0	0	0	0
4.60	26543674	4	0	0	0	0	0	0	0	0	0
4.70	26412985	4	0	0	0	0	0	0	0	0	0
4.80	26282714	4	0	0	0	0	0	0	0	0	0
4.90	26152859	4	0	0	0	0	0	0	0	0	0
5.00	26023420	4	0	0	0	0	0	0	0	0	0
5.10	25894398	4	0	0	0	0	0	0	0	0	0
5.20	25765790	4	0	0	0	0	0	0	0	0	0
5.30	25637596	4	0	0	0	0	0	0	0	0	0
5.40	25509816	4	0	0	0	0	0	0	0	0	0
5.50	25382449	4	0	0	0	0	0	0	0	0	0
5.60	25255495	4	0	0	0	0	0	0	0	0	0
5.70	25128953	4	0	0	0	0	0	0	0	0	0
5.80	25002821	4	0	0	0	0	0	0	0	0	0
5.90	24877101	4	0	0	0	0	0	0	0	0	0
6.00	24751791	4	0	0	0	0	0	0	0	0	0
6.10	24626890	4	0	0	0	0	0	0	0	0	0
6.20	24502398	4	0	0	0	0	0	0	0	0	0
6.30	24378314	4	0	0	0	0	0	0	0	0	0
6.40	24254638	4	0	0	0	0	0	0	0	0	0
6.50	24131369	4	0	0	0	0	0	0	0	0	0
6.60	24008506	4	0	0	0	0	0	0	0	0	0
6.70	23886049	4	0	0	0	0	0	0	0	0	0
6.80	23763997	4	0	0	0	0	0	0	0	0	0
6.90	23642350	4	0	0	0	0	0	0	0	0	0
7.00	23521106	4	0	0	0	0	0	0	0	0	0
7.10	23400266	4	0	0	0	0	0	0	0	0	0
7.20	23279829	4	0	0	0	0	0	0	0	0	0
7.30	23159794	4	0	0	0	0	0	0	0	0	0
7.40	23040161	4	0	0	0	0	0	0	0	0	0
7.50	22920928	4	0	0	0	0	0	0	0	0	0
7.60	22802095	4	0	0	0	0	0	0	0	0	0
7.70	22683663	4	0	0	0	0	0	0	0	0	0
7.80	22565629	4	0	0	0	0	0	0	0	0	0
7.90	22447994	4	0	0	0	0	0	0	0	0	0
8.00	22330756	4	0	0	0	0	0	0	0	0	0
8.10	22213916	4	0	0	0	0	0	0	0	0	0
8.20	22097472	4	0	0	0	0	0	0	0	0	0
8.30	21981424	4	0	0	0	0	0	0	0	0	0
8.40	21865772	4	0	0	0	0	0	0	0	0	0
8.50	21750515	4	0	0	0	0	0	0	0	0	0
8.60	21635651	4	0	0	0	0	0	0	0	0	0
8.70	21521181	4	0	0	0	0	0	0	0	0	0
8.80	21407104	4	0	0	0	0	0	0	0	0	0
8.90	21293419	4	0	0	0	0	0	0	0	0	0
9.00	21180126	4	0	0	0	0	0	0	0	0	0
9.10	21067224	4	0	0	0	0	0	0	0	0	0
9.20	20954713	4	0	0	0	0	0	0	0	0	0
9.30	20842591	4	0	0	0	0	0	0	0	0	0
9.40	20730858	4	0	0	0	0	0	0	0	0	0
9.50	20619514	4	0	0	0	0	0	0	0	0	0
9.60	20508558	4	0	0	0	0	0	0	0	0	0
9.70	20397990	4	0	0	0	0	0	0	0	0	0
9.80	20287808	4	0	0	0	0	0	0	0	0	0
9.90	20178012	4	0	0	0	0	0	0	0	0	0
10.00	20068602	4	0	0	0	0	0	0	0	0	0
10.10	19959576	4	0	0	0	0	0	0	0	0	0
10.20	19850935	4	0	0	0	0	0	0	0	0	0
10.30	19742678	4	0	0	0	0	0	0	0	0	0
10.40	19634803	4	0	0	0	0	0	0	0	0	0
10.50	19527311	4	0	0	0	0	0	0	0	0	0
10.60	19420201	4	0	0	0	0	0	0	0	0	0
10.70	19313472	4	0	0	0	0	0	0	0	0	0
10.80	19207123	4	0	0	0	0	0	0	0	0	0
10.90	19101155	4	0	0	0	0	0	0	0	0	0
11.00	18995566	4	0	0	0	0	0	0	0	0	0
11.10	18890355	4	0	0	0	0	0	0	0	0	0
11.20	18785523	4	0	0	0	0	0	0	0	0	0
11.30	18681067	4	0	0	0	0	0	0	0	0	0
11.40	18576989	4	0	0	0	0	0	0	0	0	0
11.50	18473287	4	0	0	0	0	0	0	0	0	0
11.60	18369961	4	0	0	0	0	0	0	0	0	0
11.70	18267009	4	0	0	0	0	0	0	0	0	0
11.80	18164432	4	0	0	0	0	0	0	0	0	0
11.90	18062229	4	0	0	0	0	0	0	0	0	0
12.00	17960399	4	0	0	0	0	0	0	0	0	0
12.10	17858941	4	0	0	0	0	0	0	0	0	0
12.20	17757855	4	0	0	0	0	0	0	0	0	0
12.30	17657140	4	0	0	0	0	0	0	0	0	0
12.40	17556796	4	0	0	0	0	0	0	0	0	0
12.50	17456822	4	0	0	0	0	0	0	0	0	0
12.60	17357218	4	0	0	0	0	0	0	0	0	0
12.70	17257982	4	0	0	0	0	0	0	0	0	0
12.80	17159114	4	0	0	0	0	0	0	0	0	0
12.90	17060613	4	0	0	0	0	0	0	0	0	0
13.00	16962480	4	0	0	0	0	0	0	0	0	0
13.10	16864713	4	0	0	0	0	0	0	0	0	0
13.20	16767311	4	0	0	0	0	0	0	0	0	0
13.30	16670275	4	0	0	0	0	0	0	0	0	0
13.40	16573603	4	0	0	0	0	0	0	0	0	0
13.50	16477294	4	0	0	0	0	0	0	0	0	0
13.60	16381349	4	0	0	0	0	0	0	0	0	0
13.70	16285766	4	0	0	0	0	0	0	0	0	0
13.80	16190545	4	0	0	0	0	0	0	0	0	0
13.90	16095686	4	0	0	0	0	0	0	0	0	0
14.00	16001187	4	0	0	0	0	0	0	0	0	0
14.10	15907048	4	0	0	0	0	0	0	0	0	0
14.20	15813268	4	0	0	0	0	0	0	0	0	0
14.30	15719847	4	0	0	0	0	0	0	0	0	0
14.40	15626784	4	0	0	0	0	0	0	0	0	0
14.50	15534079	4	0	0	0	0	0	0	0	0	0
14.60	15441731	4	0	0	0	0	0	0	0	0	0
14.70	15349738	4	0	0	0	0	0	0	0	0	0
14.80	15258102	4	0	0	0	0	0	0	0	0	0
14.90	15166820	4	0	0	0	0	0	0	0	0	0
15.00	15075893	4	0	0	0	0	0	0	0	0	0
15.10	14985320	4	0	0	0	0	0	0	0	0	0
15.20	14895099	4	0	0	0	0	0	0	0	0	0
15.30	14805232	4	0	0	0	0	0	0	0	0	0
15.40	14715716	4	0	0	0	0	0	0	0	0	0
15.50	14626551	4	0	0	0	0	0	0	0	0	0
15.60	14537736	4	0	0	0	0	0	0	0	0	0
15.70	14449272	4	0	0	0	0	0	0	0	0	0
15.80	14361157	4	0	0	0	0	0	0	0	0	0
15.90	14273391	4	0	0	0	0	0	0	0	0	0
16.00	14185973	4	0	0	0	0	0	0	0	0	0
16.10	14098902	4	0	0	0	0	0	0	0	0	0
16.20	14012178	4	0	0	0	0	0	0	0	0	0
16.30	13925800	4	0	0	0	0	0	0	0	0	0
16.40	13839768	4	0	0	0	0	0	0	0	0	0
16.50	13754081	4	0	0	0	0	0	0	0	0	0
16.60	13668738	4	0	0	0	0	0	0	0	0	0
16.70	13583738	4	0	0	0	0	0	0	0	0	0
16.80	13499082	4	0	0	0	0	0	0	0	0	0
16.90	13414768	4	0	0	0	0	0	0	0	0	0
17.00	13330796	4	0	0	0	0	0	0	0	0	0
17.10	13247165	4	0	0	0	0	0	0	0	0	0
17.20	13163874	4	0	0	0	0	0	0	0	0	0
17.30	13080924	4	0	0	0	0	0	0	0	0	0
17.40	12998312	4	0	0	0	0	0	0	0	0	0
17.50	12916039	4	0	0	0	0	0	0	0	0	0
17.60	12834104	4	0	0	0	0	0	0	0	0	0
17.70	12752506	4	0	0	0	0	0	0	0	0	0
17.80	12671245	4	0	0	0	0	0	0	0	0	0
17.90	12590321	4	0	0	0	0	0	0	0	0	0
18.00	12509731	4	0	0	0	0	0	0	0	0	0
18.10	12429476	4	0	0	0	0	0	0	0	0	0
18.20	12349556	4	0	0	0	0	0	0	0	0	0
18.30	12269969	4	0	0	0	0	0	0	0	0	0
18.40	12190715	4	0	0	0	0	0	0	0	0	0
18.50	12111793	4	0	0	0	0	0	0	0	0	0
18.60	12033202	4	0	0	0	0	0	0	0	0	0
18.70	11954943	4	0	0	0	0	0	0	0	0	0
18.80	11877014	4	0	0	0	0	0	0	0	0	0
18.90	11799415	4	0	0	0	0	0	0	0	0	0
19.00	11722144	4	0	0	0	0	0	0	0	0	0
19.10	11645202	4	0	0	0	0	0	0	0	0	0
19.20	11568588	4	0	0	0	0	0	0	0	0	0
19.30	11492301	4	0	0	0	0	0	0	0	0	0
19.40	11416341	4	0	0	0	0	0	0	0	0	0
19.50	11340706	4	0	0	0	0	0	0	0	0	0
19.60	11265397	4	0	0	0	0	0	0	0	0	0
19.70	11190412	4	0	0	0	0	0	0	0	0	0
19.80	11115752	4	0	0	0	0	0	0	0	0	0
19.90	11041414	4	0	0	0	0	0	0	0	0	0
20.00	10967399	4	0	0	0	0	0	0	0	0	0
20.10	10893706	4	0	0	0	0	0	0	0	0	0
20.20	10820335	4	0	0	0	0	0	0	0	0	0
20.30	10747284	4	0	0	0	0	0	0	0	0	0
20.40	10674554	4	0	0	0	0	0	0	0	0	0
20.50	10602143	4	0	0	0	0	0	0	0	0	0
20.60	10530051	4	0	0	0	0	0	0	0	0	0
20.70	10458277	4	0	0	0	0	0	0	0	0	0
20.80	10386820	4	0	0	0	0	0	0	0	0	0
20.90	10315681	4	0	0	0	0	0	0	0	0	0
21.00	10244857	4	0	0	0	0	0	0	0	0	0
21.10	10174350	4	0	0	0	0	0	0	0	0	0
21.20	10104157	4	0	0	0	0	0	0	0	0	0
21.30	10034279	4	0	0	0	0	0	0	0	0	0
21.40	9964714	4	0	0	0	0	0	0	0	0	0
21.50	9895462	4	0	0	0	0	0	0	0	0	0
21.60	9826523	4	0	0	0	0	0	0	0	0	0
21.70	9757896	4	0	0	0	0	0	0	0	0	0
21.80	9689579	4	0	0	0	0	0	0	0	0	0
21.90	9621574	4	0	0	0	0	0	0	0	0	0
22.00	9553878	4	0	0	0	0	0	0	0	0	0
22.10	9486491	4	0	0	0	0	0	0	0	0	0
22.20	9419413	4	0	0	0	0	0	0	0	0	0
22.30	9352642	4	0	0	0	0	0	0	0	0	0
22.40	9286179	4	0	0	0	0	0	0	0	0	0
22.50	9220022	4	0	0	0	0	0	0	0	0	0
22.60	9154172	4	0	0	0	0	0	0	0	0	0
22.70	9088627	4	0	0	0	0	0	0	0	0	0
22.80	9023386	4	0	0	0	0	0	0	0	0	0
22.90	8958449	4	0	0	0	0	0	0	0	0	0
23.00	8893816	4	0	0	0	0	0	0	0	0	0
23.10	8829486	4	0	0	0	0	0	0	0	0	0
23.20	8765457	4	0	0	0	0	0	0	0	0	0
23.30	8701730	4	0	0	0	0	0	0	0	0	0
23.40	8638304	4	0	0	0	0	0	0	0	0	0
23.50	8575178	4	0	0	0	0	0	0	0	0	0
23.60	8512352	4	0	0	0	0	0	0	0	0	0
23.70	8449824	4	0	0	0	0	0	0	0	0	0
23.80	8387594	4	0	0	0	0	0	0	0	0	0
23.90	8325662	4	0	0	0	0	0	0	0	0	0
24.00	8264027	4	0	0	0	0	0	0	0	0	0
24.10	8202688	4	0	0	0	0	0	0	0	0	0
24.20	8141645	4	0	0	0	0	0	0	0	0	0
24.30	8080896	4	0	0	0	0	0	0	0	0	0
24.40	8020442	4	0	0	0	0	0	0	0	0	0
24.50	7960282	4	0	0	0	0	0	0	0	0	0
24.60	7900414	4	0	0	0	0	0	0	0	0	0
24.70	7840839	4	0	0	0	0	0	0	0	0	0
24.80	7781556	4	0	0	0	0	0	0	0	0	0
24.90	7722563	4	0	0	0	0	0	0	0	0	0
25.00	7663861	4	0	0	0	0	0	0	0	0	0
25.10	7605449	4	0	0	0	0	0	0	0	0	0
25.20	7547325	4	0	0	0	0	0	0	0	0	0
25.30	7489490	4	0	0	0	0	0	0	0	0	0
25.40	7431943	4	0	0	0	0	0	0	0	0	0
25.50	7374683	4	0	0	0	0	0	0	0	0	0
25.60	7317709	4	0	0	0	0	0	0	0	0	0
25.70	7261022	4	0	0	0	0	0	0	0	0	0
25.80	7204619	4	0	0	0	0	0	0	0	0	0
25.90	7148501	4	0	0	0	0	0	0	0	0	0
26.00	7092666	4	0	0	0	0	0	0	0	0	0
26.10	7037115	4	0	0	0	0	0	0	0	0	0
26.20	6981846	4	0	0	0	0	0	0	0	0	0
26.30	6926860	4	0	0	0	0	0	0	0	0	0
26.40	6872154	4	0	0	0	0	0	0	0	0	0
26.50	6817729	4	0	0	0	0	0	0	0	0	0
26.60	6763584	4	0	0	0	0	0	0	0	0	0
26.70	6709718	4	0	0	0	0	0	0	0	0	0
26.80	6656130	4	0	0	0	0	0	0	0	0	0
26.90	6602821	4	0	0	0	0	0	0	0	0	0
27.00	6549789	4	0	0	0	0	0	0	0	0	0
27.10	6497033	4	0	0	0	0	0	0	0	0	0
27.20	6444553	4	0	0	0	0	0	0	0	0	0
27.30	6392349	4	0	0	0	0	0	0	0	0	0
27.40	6340419	4	0	0	0	0	0	0	0	0	0
27.50	6288763	4	0	0	0	0	0	0	0	0	0
27.60	6237380	4	0	0	0	0	0	0	0	0	0
27.70	6186271	4	0	0	0	0	0	0	0	0	0
27.80	6135433	4	0	0	0	0	0	0	0	0	0
27.90	6084866	4	0	0	0	0	0	0	0	0	0
28.00	6034570	4	0	0	0	0	0	0	0	0	0
28.10	5984544	4	0	0	0	0	0	0	0	0	0
28.20	5934787	4	0	0	0	0	0	0	0	0	0
28.30	5885299	4	0	0	0	0	0	0	0	0	0
28.40	5836079	4	0	0	0	0	0	0	0	0	0
28.50	5787126	4	0	0	0	0	0	0	0	0	0
28.60	5738440	4	0	0	0	0	0	0	0	0	0
28.70	5690020	4	0	0	0	0	0	0	0	0	0
28.80	5641866	4	0	0	0	0	0	0	0	0	0
28.90	5593976	4	0	0	0	0	0	0	0	0	0
29.00	5546350	4	0	0	0	0	0	0	0	0	0
29.10	5498987	4	0	0	0	0	0	0	0	0	0
29.20	5451887	4	0	0	0	0	0	0	0	0	0
29.30	5405049	4	0	0	0	0	0	0	0	0	0
29.40	5358473	4	0	0	0	0	0	0	0	0	0
29.50	5312157	4	0	0	0	0	0	0	0	0	0
29.60	5266101	4	0	0	0	0	0	0	0	0	0
29.70	5220305	4	0	0	0	0	0	0	0	0	0
29.80	5174767	4	0	0	0	0	0	0	0	0	0
29.90	5129487	4	0	0	0	0	0	0	0	0	0
30.00	5084465	4	0	0	0	0	0	0	0	0	0
30.10	5039699	4	0	0	0	0	0	0	0	0	0
30.20	4995189	4	0	0	0	0	0	0	0	0	0
30.30	4950935	4	0	0	0	0	0	0	0	0	0
30.40	4906935	4	0	0	0	0	0	0	0	0	0
30.50	4863189	4	0	0	0	0	0	0	0	0	0
30.60	4819697	4	0	0	0	0	0	0	0	0	0
30.70	4776457	4	0	0	0	0	0	0	0	0	0
30.80	4733469	4	0	0	0	0	0	0	0	0	0
30.90	4690733	4	0	0	0	0	0	0	0	0	0
31.00	4648247	4	0	0	0	0	0	0	0	0	0
31.10	4606011	4	0	0	0	0	0	0	0	0	0
31.20	4564025	4	0	0	0	0	0	0	0	0	0
31.30	4522287	4	0	0	0	0	0	0	0	0	0
31.40	4480797	4	0	0	0	0	0	0	0	0	0
31.50	4439554	4	0	0	0	0	0	0	0	0	0
31.60	4398558	4	0	0	0	0	0	0	0	0	0
31.70	4357808	4	0	0	0	0	0	0	0	0	0
31.80	4317303	4	0	0	0	0	0	0	0	0	0
31.90	4277043	4	0	0	0	0	0	0	0	0	0
32.00	4237027	4	0	0	0	0	0	0	0	0	0
32.10	4197254	4	0	0	0	0	0	0	0	0	0
32.20	4157723	4	0	0	0	0	0	0	0	0	0
32.30	4118435	4	0	0	0	0	0	0	0	0	0
32.40	4079387	4	0	0	0	0	0	0	0	0	0
32.50	4040580	4	0	0	0	0	0	0	0	0	0
32.60	4002013	4	0	0	0	0	0	0	0	0	0
32.70	3963685	4	0	0	0	0	0	0	0	0	0
32.80	3925596	4	0	0	0	0	0	0	0	0	0
32.90	3887744	4	0	0	0	0	0	0	0	0	0
33.00	3850130	4	0	0	0	0	0	0	0	0	0
33.10	3812752	4	0	0	0	0	0	0	0	0	0
33.20	3775610	4	0	0	0	0	0	0	0	0	0
33.30	3738703	4	0	0	0	0	0	0	0	0	0
33.40	3702030	4	0	0	0	0	0	0	0	0	0
33.50	3665591	4	0	0	0	0	0	0	0	0	0
33.60	3629385	4	0	0	0	0	0	0	0	0	0
33.70	3593412	4	0	0	0	0	0	0	0	0	0
33.80	3557670	4	0	0	0	0	0	0	0	0	0
33.90	3522159	4	0	0	0	0	0	0	0	0	0
34.00	3486879	4	0	0	0	0	0	0	0	0	0
34.10	3451828	4	0	0	0	0	0	0	0	0	0
34.20	3417006	4	0	0	0	0	0	0	0	0	0
34.30	3382412	4	0	0	0	0	0	0	0	0	0
34.40	3348046	4	0	0	0	0	0	0	0	0	0
34.50	3313907	4	0	0	0	0	0	0	0	0	0
34.60	3279994	4	0	0	0	0	0	0	0	0	0
34.70	3246307	4	0	0	0	0	0	0	0	0	0
34.80	3212845	4	0	0	0	0	0	0	0	0	0
34.90	3179606	4	0	0	0	0	0	0	0	0	0
35.00	3146592	4	0	0	0	0	0	0	0	0	0
35.10	3113800	4	0	0	0	0	0	0	0	0	0
35.20	3081230	4	0	0	0	0	0	0	0	0	0
35.30	3048881	4	0	0	0	0	0	0	0	0	0
35.40	3016753	4	0	0	0	0	0	0	0	0	0
35.50	2984846	4	0	0	0	0	0	0	0	0	0
35.60	2953157	4	0	0	0	0	0	0	0	0	0
35.70	2921688	4	0	0	0	0	0	0	0	0	0
35.80	2890436	4	0	0	0	0	0	0	0	0	0
35.90	2859401	4	0	0	0	0	0	0	0	0	0
36.00	2828583	4	0	0	0	0	0	0	0	0	0
36.10	2797981	4	0	0	0	0	0	0	0	0	0
36.20	2767595	4	0	0	0	0	0	0	0	0	0
36.30	2737422	4	0	0	0	0	0	0	0	0	0
36.40	2707464	4	0	0	0	0	0	0	0	0	0
36.50	2677719	4	0	0	0	0	0	0	0	0	0
36.60	2648186	4	0	0	0	0	0	0	0	0	0
36.70	2618865	4	0	0	0	0	0	0	0	0	0
36.80	2589754	4	0	0	0	0	0	0	0	0	0
36.90	2560855	4	0	0	0	0	0	0	0	0	0
37.00	2532165	4	0	0	0	0	0	0	0	0	0
37.10	2503683	4	0	0	0	0	0	0	0	0	0
37.20	2475411	4	0	0	0	0	0	0	0	0	0
37.30	2447345	4	0	0	0	0	0	0	0	0	0
37.40	2419487	4	0	0	0	0	0	0	0	0	0
37.50	2391835	4	0	0	0	0	0	0	0	0	0
37.60	2364388	4	0	0	0	0	0	0	0	0	0
37.70	2337146	4	0	0	0	0	0	0	0	0	0
37.80	2310108	4	0	0	0	0	0	0	0	0	0
37.90	2283273	4	0	0	0	0	0	0	0	0	0
38.00	2256641	4	0	0	0	0	0	0	0	0	0
38.10	2230211	4	0	0	0	0	0	0	0	0	0
38.20	2203983	4	0	0	0	0	0	0	0	0	0
38.30	2177955	4	0	0	0	0	0	0	0	0	0
38.40	2152126	4	0	0	0	0	0	0	0	0	0
38.50	2126497	4	0	0	0	0	0	0	0	0	0
38.60	2101067	4	0	0	0	0	0	0	0	0	0
38.70	2075834	4	0	0	0	0	0	0	0	0	0
38.80	2050798	4	0	0	0	0	0	0	0	0	0
38.90	2025959	4	0	0	0	0	0	0	0	0	0
39.00	2001315	4	0	0	0	0	0	0	0	0	0
39.10	1976866	4	0	0	0	0	0	0	0	0	0
39.20	1952612	4	0	0	0	0	0	0	0	0	0
39.30	1928551	4	0	0	0	0	0	0	0	0	0
39.40	1904683	4	0	0	0	0	0	0	0	0	0
39.50	1881006	4	0	0	0	0	0	0	0	0	0
39.60	1857522	4	0	0	0	0	0	0	0	0	0
39.70	1834228	4	0	0	0	0	0	0	0	0	0
39.80	1811124	4	0	0	0	0	0	0	0	0	0
39.90	1788209	4	0	0	0	0	0	0	0	0	0
40.00	1765483	4	0	0	0	0	0	0	0	0	0
40.10	1742945	4	0	0	0	0	0	0	0	0	0
40.20	1720594	4	0	0	0	0	0	0	0	0	0
40.30	1698429	4	0	0	0	0	0	0	0	0	0
40.40	1676450	4	0	0	0	0	0	0	0	0	0
40.50	1654656	4	0	0	0	0	0	0	0	0	0
40.60	1633047	4	0	0	0	0	0	0	0	0	0
40.70	1611621	4	0	0	0	0	0	0	0	0	0
40.80	1590378	4	0	0	0	0	0	0	0	0	0
40.90	1569317	4	0	0	0	0	0	0	0	0	0
41.00	1548437	4	0	0	0	0	0	0	0	0	0
41.10	1527738	4	0	0	0	0	0	0	0	0	0
41.20	1507220	4	0	0	0	0	0	0	0	0	0
41.30	1486880	4	0	0	0	0	0	0	0	0	0
41.40	1466719	4	0	0	0	0	0	0	0	0	0
41.50	1446736	4	0	0	0	0	0	0	0	0	0
41.60	1426930	4	0	0	0	0	0	0	0	0	0
41.70	1407301	4	0	0	0	0	0	0	0	0	0
41.80	1387847	4	0	0	0	0	0	0	0	0	0
41.90	1368568	4	0	0	0	0	0	0	0	0	0
42.00	1349464	4	0	0	0	0	0	0	0	0	0
42.10	1330533	4	0	0	0	0	0	0	0	0	0
42.20	1311775	4	0	0	0	0	0	0	0	0	0
42.30	1293189	4	0	0	0	0	0	0	0	0	0
42.40	1274774	4	0	0	0	0	0	0	0	0	0
42.50	1256530	4	0	0	0	0	0	0	0	0	0
42.60	1238456	4	0	0	0	0	0	0	0	0	0
42.70	1220551	4	0	0	0	0	0	0	0	0	0
42.80	1202815	4	0	0	0	0	0	0	0	0	0
42.90	1185246	4	0	0	0	0	0	0	0	0	0
43.00	1167845	4	0	0	0	0	0	0	0	0	0
43.10	1150609	4	0	0	0	0	0	0	0	0	0
43.20	1133540	4	0	0	0	0	0	0	0	0	0
43.30	1116635	4	0	0	0	0	0	0	0	0	0
43.40	1099894	4	0	0	0	0	0	0	0	0	0
43.50	1083316	4	0	0	0	0	0	0	0	0	0
43.60	1066902	4	0	0	0	0	0	0	0	0	0
43.70	1050649	4	0	0	0	0	0	0	0	0	0
43.80	1034557	4	0	0	0	0	0	0	0	0	0
43.90	1018626	4	0	0	0	0	0	0	0	0	0
44.00	1002855	4	0	0	0	0	0	0	0	0	0
44.10	987242	4	0	0	0	0	0	0	0	0	0
44.20	971788	4	0	0	0	0	0	0	0	0	0
44.30	956491	4	0	0	0	0	0	0	0	0	0
44.40	941351	4	0	0	0	0	0	0	0	0	0
44.50	926368	4	0	0	0	0	0	0	0	0	0
44.60	911539	4	0	0	0	0	0	0	0	0	0
44.70	896865	4	0	0	0	0	0	0	0	0	0
44.80	882345	4	0	0	0	0	0	0	0	0	0
44.90	867978	4	0	0	0	0	0	0	0	0	0
45.00	853763	4	0	0	0	0	0	0	0	0	0
45.10	839700	4	0	0	0	0	0	0	0	0	0
45.20	825788	4	0	0	0	0	0	0	0	0	0
45.30	812026	4	0	0	0	0	0	0	0	0	0
45.40	798413	4	0	0	0	0	0	0	0	0	0
45.50	784949	4	0	0	0	0	0	0	0	0	0
45.60	771633	4	0	0	0	0	0	0	0	0	0
45.70	758464	4	0	0	0	0	0	0	0	0	0
45.80	745442	4	0	0	0	0	0	0	0	0	0
45.90	732565	4	0	0	0	0	0	0	0	0	0
46.00	719833	4	0	0	0	0	0	0	0	0	0
46.10	707245	4	0	0	0	0	0	0	0	0	0
46.20	694801	4	0	0	0	0	0	0	0	0	0
46.30	682499	4	0	0	0	0	0	0	0	0	0
46.40	670339	4	0	0	0	0	0	0	0	0	0
46.50	658321	4	0	0	0	0	0	0	0	0	0
46.60	646442	4	0	0	0	0	0	0	0	0	0
46.70	634704	4	0	0	0	0	0	0	0	0	0
46.80	623104	4	0	0	0	0	0	0	0	0	0
46.90	611643	4	0	0	0	0	0	0	0	0	0
47.00	600319	4	0	0	0	0	0	0	0	0	0
47.10	589131	4	0	0	0	0	0	0	0	0	0
47.20	578080	4	0	0	0	0	0	0	0	0	0
47.30	567164	4	0	0	0	0	0	0	0	0	0
47.40	556382	4	0	0	0	0	0	0	0	0	0
47.50	545733	4	0	0	0	0	0	0	0	0	0
47.60	535218	4	0	0	0	0	0	0	0	0	0
47.70	524835	4	0	0	0	0	0	0	0	0	0
47.80	514582	4	0	0	0	0	0	0	0	0	0
47.90	504461	4	0	0	0	0	0	0	0	0	0
48.00	494469	4	0	0	0	0	0	0	0	0	0
48.10	484607	4	0	0	0	0	0	0	0	0	0
48.20	474872	4	0	0	0	0	0	0	0	0	0
48.30	465266	4	0	0	0	0	0	0	0	0	0
48.40	455786	4	0	0	0	0	0	0	0	0	0
48.50	446432	4	0	0	0	0	0	0	0	0	0
48.60	437203	4	0	0	0	0	0	0	0	0	0
48.70	428098	4	0	0	0	0	0	0	0	0	0
48.80	419118	4	0	0	0	0	0	0	0	0	0
48.90	410260	4	0	0	0	0	0	0	0	0	0
49.00	401524	4	0	0	0	0	0	0	0	0	0
49.10	392910	4	0	0	0	0	0	0	0	0	0
49.20	384416	4	0	0	0	0	0	0	0	0	0
49.30	376042	4	0	0	0	0	0	0	0	0	0
49.40	367787	4	0	0	0	0	0	0	0	0	0
49.50	359651	4	0	0	0	0	0	0	0	0	0
49.60	351632	4	0	0	0	0	0	0	0	0	0
49.70	343729	4	0	0	0	0	0	0	0	0	0
49.80	335943	4	0	0	0	0	0	0	0	0	0
49.90	328271	4	0	0	0	0	0	0	0	0	0
50.00	320714	4	0	0	0	0	0	0	0	0	0
50.10	313271	4	0	0	0	0	0	0	0	0	0
50.20	305940	4	0	0	0	0	0	0	0	0	0
50.30	298721	4	0	0	0	0	0	0	0	0	0
50.40	291614	4	0	0	0	0	0	0	0	0	0
50.50	284617	4	0	0	0	0	0	0	0	0	0
50.60	277729	4	0	0	0	0	0	0	0	0	0
50.70	270951	4	0	0	0	0	0	0	0	0	0
50.80	264281	4	0	0	0	0	0	0	0	0	0
50.90	257717	4	0	0	0	0	0	0	0	0	0
51.00	251261	4	0	0	0	0	0	0	0	0	0
51.10	244910	4	0	0	0	0	0	0	0	0	0
51.20	238663	4	0	0	0	0	0	0	0	0	0
51.30	232521	4	0	0	0	0	0	0	0	0	0
51.40	226483	4	0	0	0	0	0	0	0	0	0
51.50	220546	4	0	0	0	0	0	0	0	0	0
51.60	214712	4	0	0	0	0	0	0	0	0	0
51.70	208978	4	0	0	0	0	0	0	0	0	0
51.80	203345	4	0	0	0	0	0	0	0	0	0
51.90	197810	4	0	0	0	0	0	0	0	0	0
52.00	192374	4	0	0	0	0	0	0	0	0	0
52.10	187036	4	0	0	0	0	0	0	0	0	0
52.20	181795	4	0	0	0	0	0	0	0	0	0
52.30	176650	4	0	0	0	0	0	0	0	0	0
52.40	171600	4	0	0	0	0	0	0	0	0	0
52.50	166644	4	0	0	0	0	0	0	0	0	0
52.60	161782	4	0	0	0	0	0	0	0	0	0
52.70	157013	4	0	0	0	0	0	0	0	0	0
52.80	152336	4	0	0	0	0	0	0	0	0	0
52.90	147750	4	0	0	0	0	0	0	0	0	0
53.00	143255	4	0	0	0	0	0	0	0	0	0
53.10	138849	4	0	0	0	0	0	0	0	0	0
53.20	134531	4	0	0	0	0	0	0	0	0	0
53.30	130302	4	0	0	0	0	0	0	0	0	0
53.40	126159	4	0	0	0	0	0	0	0	0	0
53.50	122103	4	0	0	0	0	0	0	0	0	0
53.60	118133	4	0	0	0	0	0	0	0	0	0
53.70	114246	4	0	0	0	0	0	0	0	0	0
53.80	110444	4	0	0	0	0	0	0	0	0	0
53.90	106725	4	0	0	0	0	0	0	0	0	0
54.00	103087	4	0	0	0	0	0	0	0	0	0
54.10	99531	4	0	0	0	0	0	0	0	0	0
54.20	96056	4	0	0	0	0	0	0	0	0	0
54.30	92659	4	0	0	0	0	0	0	0	0	0
54.40	89342	4	0	0	0	0	0	0	0	0	0
54.50	86103	4	0	0	0	0	0	0	0	0	0
54.60	82940	4	0	0	0	0	0	0	0	0	0
54.70	79854	4	0	0	0	0	0	0	0	0	0
54.80	76843	4	0	0	0	0	0	0	0	0	0
54.90	73907	4	0	0	0	0	0	0	0	0	0
55.00	71044	4	0	0	0	0	0	0	0	0	0
55.10	68254	4	0	0	0	0	0	0	0	0	0
55.20	65536	4	0	0	0	0	0	0	0	0	0
55.30	62889	4	0	0	0	0	0	0	0	0	0
55.40	60312	4	0	0	0	0	0	0	0	0	0
55.50	57805	4	0	0	0	0	0	0	0	0	0
55.60	55366	4	0	0	0	0	0	0	0	0	0
55.70	52995	4	0	0	0	0	0	0	0	0	0
55.80	50691	4	0	0	0	0	0	0	0	0	0
55.90	48452	4	0	0	0	0	0	0	0	0	0
56.00	46279	4	0	0	0	0	0	0	0	0	0
56.10	44170	4	0	0	0	0	0	0	0	0	0
56.20	42124	4	0	0	0	0	0	0	0	0	0
56.30	40140	4	0	0	0	0	0	0	0	0	0
56.40	38218	4	0	0	0	0	0	0	0	0	0
56.50	36356	4	0	0	0	0	0	0	0	0	0
56.60	34555	4	0	0	0	0	0	0	0	0	0
56.70	32812	4	0	0	0	0	0	0	0	0	0
56.80	31127	4	0	0	0	0	0	0	0	0	0
56.90	29499	4	0	0	0	0	0	0	0	0	0
57.00	27927	4	0	0	0	0	0	0	0	0	0
57.10	26411	4	0	0	0	0	0	0	0	0	0
57.20	24949	4	0	0	0	0	0	0	0	0	0
57.30	23540	4	0	0	0	0	0	0	0	0	0
57.40	22184	4	0	0	0	0	0	0	0	0	0
57.50	20880	4	0	0	0	0	0	0	0	0	0
57.60	19626	4	0	0	0	0	0	0	0	0	0
57.70	18422	4	0	0	0	0	0	0	0	0	0
57.80	17267	4	0	0	0	0	0	0	0	0	0
57.90	16160	4	0	0	0	0	0	0	0	0	0
58.00	15100	4	0	0	0	0	0	0	0	0	0
58.10	14086	4	0	0	0	0	0	0	0	0	0
58.20	13117	4	0	0	0	0	0	0	0	0	0
58.30	12193	4	0	0	0	0	0	0	0	0	0
58.40	11311	4	0	0	0	0	0	0	0	0	0
58.50	10472	4	0	0	0	0	0	0	0	0	0
58.60	9675	4	0	0	0	0	0	0	0	0	0
58.70	8918	4	0	0	0	0	0	0	0	0	0
58.80	8200	4	0	0	0	0	0	0	0	0	0
58.90	7521	4	0	0	0	0	0	0	0	0	0
59.00	6879	4	0	0	0	0	0	0	0	0	0
59.10	6274	4	0	0	0	0	0	0	0	0	0
59.20	5705	4	0	0	0	0	0	0	0	0	0
59.30	5170	4	0	0	0	0	0	0	0	0	0
59.40	4669	4	0	0	0	0	0	0	0	0	0
59.50	4200	4	0	0	0	0	0	0	0	0	0
59.60	3763	4	0	0	0	0	0	0	0	0	0
59.70	3356	4	0	0	0	0	0	0	0	0	0
59.80	2979	4	0	0	0	0	0	0	0	0	0
59.90	2631	4	0	0	0	0	0	0	0	0	0
60.00	2310	4	0	0	0	0	0	0	0	0	0
60.10	2016	4	0	0	0	0	0	0	0	0	0
60.20	1747	4	0	0	0	0	0	0	0	0	0
60.30	1502	4	0	0	0	0	0	0	0	0	0
60.40	1281	4	0	0	0	0	0	0	0	0	0
60.50	1082	4	0	0	0	0	0	0	0	0	0
60.60	905	4	0	0	0	0	0	0	0	0	0
60.70	747	4	0	0	0	0	0	0	0	0	0
60.80	608	4	0	0	0	0	0	0	0	0	0
60.90	487	4	0	0	0	0	0	0	0	0	0
61.00	383	4	0	0	0	0	0	0	0	0	0
61.10	295	4	0	0	0	0	0	0	0	0	0
61.20	221	4	0	0	0	0	0	0	0	0	0
61.30	160	4	0	0	0	0	0	0	0	0	0
61.40	111	4	0	0	0	0	0	0	0	0	0
61.50	73	4	0	0	0	0	0	0	0	0	0
61.60	45	4	0	0	0	0	0	0	0	0	0
61.70	25	4	0	0	0	0	0	0	0	0	0
61.80	12	4	0	0	0	0	0	0	0	0	0
61.90	4	4	0	0	0	0	0	0	0	0	0
62.00	1	4	0	0	0	0	0	0	0	0	0
62.10	0	4	0	0	0	0	0	0	0	0	0
62.13	0	4	0	0	0	0	0	0	0	0	0