-999	"MyLake init"
Z (m)	Az (m2)	Tz (deg C)	Cz	Sz (kg/m3)	TPz (mg/m3)	DOPz (mg/m3)	Chlaz (mg/m3)	DOCz (mg/m3)	TPz_sed (mg/m3)	Chlaz_sed (mg/m3)	"Fvol_IM (m3/m3	 dry w.)"	Hice (m)	Hsnow (m)
0.00	6972973	4	0	0	0	0	0	0	0	0	0	0	0
0.10	6947237	4	0	0	0	0	0	0	0	0	0
0.20	6921471	4	0	0	0	0	0	0	0	0	0
0.30	6895676	4	0	0	0	0	0	0	0	0	0
0.40	6869852	4	0	0	0	0	0	0	0	0	0
0.50	6843999	4	0	0	0	0	0	0	0	0	0
0.60	6818116	4	0	0	0	0	0	0	0	0	0
0.70	6792204	4	0	0	0	0	0	0	0	0	0
0.80	6766262	4	0	0	0	0	0	0	0	0	0
0.90	6740289	4	0	0	0	0	0	0	0	0	0
1.00	6714286	4	0	0	0	0	0	0	0	0	0
1.10	6688253	4	0	0	0	0	0	0	0	0	0
1.20	6662189	4	0	0	0	0	0	0	0	0	0
1.30	6636094	4	0	0	0	0	0	0	0	0	0
1.40	6609968	4	0	0	0	0	0	0	0	0	0
1.50	6583811	4	0	0	0	0	0	0	0	0	0
1.60	6557622	4	0	0	0	0	0	0	0	0	0
1.70	6531402	4	0	0	0	0	0	0	0	0	0
1.80	6505150	4	0	0	0	0	0	0	0	0	0
1.90	6478866	4	0	0	0	0	0	0	0	0	0
2.00	6452549	4	0	0	0	0	0	0	0	0	0
2.10	6426201	4	0	0	0	0	0	0	0	0	0
2.20	6399819	4	0	0	0	0	0	0	0	0	0
2.30	6373404	4	0	0	0	0	0	0	0	0	0
2.40	6346957	4	0	0	0	0	0	0	0	0	0
2.50	6320476	4	0	0	0	0	0	0	0	0	0
2.60	6293961	4	0	0	0	0	0	0	0	0	0
2.70	6267413	4	0	0	0	0	0	0	0	0	0
2.80	6240830	4	0	0	0	0	0	0	0	0	0
2.90	6214213	4	0	0	0	0	0	0	0	0	0
3.00	6187562	4	0	0	0	0	0	0	0	0	0
3.10	6160876	4	0	0	0	0	0	0	0	0	0
3.20	6134155	4	0	0	0	0	0	0	0	0	0
3.30	6107399	4	0	0	0	0	0	0	0	0	0
3.40	6080607	4	0	0	0	0	0	0	0	0	0
3.50	6053780	4	0	0	0	0	0	0	0	0	0
3.60	6026917	4	0	0	0	0	0	0	0	0	0
3.70	6000017	4	0	0	0	0	0	0	0	0	0
3.80	5973081	4	0	0	0	0	0	0	0	0	0
3.90	5946108	4	0	0	0	0	0	0	0	0	0
4.00	5919098	4	0	0	0	0	0	0	0	0	0
4.10	5892051	4	0	0	0	0	0	0	0	0	0
4.20	5864966	4	0	0	0	0	0	0	0	0	0
4.30	5837843	4	0	0	0	0	0	0	0	0	0
4.40	5810682	4	0	0	0	0	0	0	0	0	0
4.50	5783483	4	0	0	0	0	0	0	0	0	0
4.60	5756245	4	0	0	0	0	0	0	0	0	0
4.70	5728968	4	0	0	0	0	0	0	0	0	0
4.80	5701652	4	0	0	0	0	0	0	0	0	0
4.90	5674296	4	0	0	0	0	0	0	0	0	0
5.00	5646900	4	0	0	0	0	0	0	0	0	0
5.10	5619464	4	0	0	0	0	0	0	0	0	0
5.20	5591987	4	0	0	0	0	0	0	0	0	0
5.30	5564469	4	0	0	0	0	0	0	0	0	0
5.40	5536911	4	0	0	0	0	0	0	0	0	0
5.50	5509310	4	0	0	0	0	0	0	0	0	0
5.60	5481668	4	0	0	0	0	0	0	0	0	0
5.70	5453984	4	0	0	0	0	0	0	0	0	0
5.80	5426257	4	0	0	0	0	0	0	0	0	0
5.90	5398487	4	0	0	0	0	0	0	0	0	0
6.00	5370674	4	0	0	0	0	0	0	0	0	0
6.10	5342818	4	0	0	0	0	0	0	0	0	0
6.20	5314917	4	0	0	0	0	0	0	0	0	0
6.30	5286972	4	0	0	0	0	0	0	0	0	0
6.40	5258982	4	0	0	0	0	0	0	0	0	0
6.50	5230948	4	0	0	0	0	0	0	0	0	0
6.60	5202867	4	0	0	0	0	0	0	0	0	0
6.70	5174741	4	0	0	0	0	0	0	0	0	0
6.80	5146569	4	0	0	0	0	0	0	0	0	0
6.90	5118350	4	0	0	0	0	0	0	0	0	0
7.00	5090084	4	0	0	0	0	0	0	0	0	0
7.10	5061770	4	0	0	0	0	0	0	0	0	0
7.20	5033408	4	0	0	0	0	0	0	0	0	0
7.30	5004998	4	0	0	0	0	0	0	0	0	0
7.40	4976539	4	0	0	0	0	0	0	0	0	0
7.50	4948031	4	0	0	0	0	0	0	0	0	0
7.60	4919473	4	0	0	0	0	0	0	0	0	0
7.70	4890865	4	0	0	0	0	0	0	0	0	0
7.80	4862206	4	0	0	0	0	0	0	0	0	0
7.90	4833496	4	0	0	0	0	0	0	0	0	0
8.00	4804734	4	0	0	0	0	0	0	0	0	0
8.10	4775920	4	0	0	0	0	0	0	0	0	0
8.20	4747054	4	0	0	0	0	0	0	0	0	0
8.30	4718134	4	0	0	0	0	0	0	0	0	0
8.40	4689161	4	0	0	0	0	0	0	0	0	0
8.50	4660134	4	0	0	0	0	0	0	0	0	0
8.60	4631051	4	0	0	0	0	0	0	0	0	0
8.70	4601914	4	0	0	0	0	0	0	0	0	0
8.80	4572720	4	0	0	0	0	0	0	0	0	0
8.90	4543470	4	0	0	0	0	0	0	0	0	0
9.00	4514164	4	0	0	0	0	0	0	0	0	0
9.10	4484799	4	0	0	0	0	0	0	0	0	0
9.20	4455376	4	0	0	0	0	0	0	0	0	0
9.30	4425895	4	0	0	0	0	0	0	0	0	0
9.40	4396353	4	0	0	0	0	0	0	0	0	0
9.50	4366752	4	0	0	0	0	0	0	0	0	0
9.60	4337090	4	0	0	0	0	0	0	0	0	0
9.70	4307367	4	0	0	0	0	0	0	0	0	0
9.80	4277581	4	0	0	0	0	0	0	0	0	0
9.90	4247733	4	0	0	0	0	0	0	0	0	0
10.00	4217821	4	0	0	0	0	0	0	0	0	0
10.10	4187844	4	0	0	0	0	0	0	0	0	0
10.20	4157803	4	0	0	0	0	0	0	0	0	0
10.30	4127696	4	0	0	0	0	0	0	0	0	0
10.40	4097523	4	0	0	0	0	0	0	0	0	0
10.50	4067282	4	0	0	0	0	0	0	0	0	0
10.60	4036973	4	0	0	0	0	0	0	0	0	0
10.70	4006595	4	0	0	0	0	0	0	0	0	0
10.80	3976147	4	0	0	0	0	0	0	0	0	0
10.90	3945629	4	0	0	0	0	0	0	0	0	0
11.00	3915039	4	0	0	0	0	0	0	0	0	0
11.10	3884377	4	0	0	0	0	0	0	0	0	0
11.20	3853641	4	0	0	0	0	0	0	0	0	0
11.30	3822831	4	0	0	0	0	0	0	0	0	0
11.40	3791946	4	0	0	0	0	0	0	0	0	0
11.50	3760985	4	0	0	0	0	0	0	0	0	0
11.60	3729946	4	0	0	0	0	0	0	0	0	0
11.70	3698829	4	0	0	0	0	0	0	0	0	0
11.80	3667633	4	0	0	0	0	0	0	0	0	0
11.90	3636356	4	0	0	0	0	0	0	0	0	0
12.00	3604998	4	0	0	0	0	0	0	0	0	0
12.10	3573557	4	0	0	0	0	0	0	0	0	0
12.20	3542033	4	0	0	0	0	0	0	0	0	0
12.30	3510423	4	0	0	0	0	0	0	0	0	0
12.40	3478727	4	0	0	0	0	0	0	0	0	0
12.50	3446943	4	0	0	0	0	0	0	0	0	0
12.60	3415071	4	0	0	0	0	0	0	0	0	0
12.70	3383108	4	0	0	0	0	0	0	0	0	0
12.80	3351054	4	0	0	0	0	0	0	0	0	0
12.90	3318907	4	0	0	0	0	0	0	0	0	0
13.00	3286666	4	0	0	0	0	0	0	0	0	0
13.10	3254328	4	0	0	0	0	0	0	0	0	0
13.20	3221893	4	0	0	0	0	0	0	0	0	0
13.30	3189360	4	0	0	0	0	0	0	0	0	0
13.40	3156725	4	0	0	0	0	0	0	0	0	0
13.50	3123988	4	0	0	0	0	0	0	0	0	0
13.60	3091148	4	0	0	0	0	0	0	0	0	0
13.70	3058201	4	0	0	0	0	0	0	0	0	0
13.80	3025147	4	0	0	0	0	0	0	0	0	0
13.90	2991983	4	0	0	0	0	0	0	0	0	0
14.00	2958708	4	0	0	0	0	0	0	0	0	0
14.10	2925319	4	0	0	0	0	0	0	0	0	0
14.20	2891814	4	0	0	0	0	0	0	0	0	0
14.30	2858192	4	0	0	0	0	0	0	0	0	0
14.40	2824450	4	0	0	0	0	0	0	0	0	0
14.50	2790586	4	0	0	0	0	0	0	0	0	0
14.60	2756597	4	0	0	0	0	0	0	0	0	0
14.70	2722480	4	0	0	0	0	0	0	0	0	0
14.80	2688234	4	0	0	0	0	0	0	0	0	0
14.90	2653856	4	0	0	0	0	0	0	0	0	0
15.00	2619342	4	0	0	0	0	0	0	0	0	0
15.10	2584691	4	0	0	0	0	0	0	0	0	0
15.20	2549898	4	0	0	0	0	0	0	0	0	0
15.30	2514961	4	0	0	0	0	0	0	0	0	0
15.40	2479877	4	0	0	0	0	0	0	0	0	0
15.50	2444643	4	0	0	0	0	0	0	0	0	0
15.60	2409254	4	0	0	0	0	0	0	0	0	0
15.70	2373707	4	0	0	0	0	0	0	0	0	0
15.80	2337998	4	0	0	0	0	0	0	0	0	0
15.90	2302124	4	0	0	0	0	0	0	0	0	0
16.00	2266081	4	0	0	0	0	0	0	0	0	0
16.10	2229863	4	0	0	0	0	0	0	0	0	0
16.20	2193466	4	0	0	0	0	0	0	0	0	0
16.30	2156886	4	0	0	0	0	0	0	0	0	0
16.40	2120117	4	0	0	0	0	0	0	0	0	0
16.50	2083154	4	0	0	0	0	0	0	0	0	0
16.60	2045993	4	0	0	0	0	0	0	0	0	0
16.70	2008625	4	0	0	0	0	0	0	0	0	0
16.80	1971047	4	0	0	0	0	0	0	0	0	0
16.90	1933251	4	0	0	0	0	0	0	0	0	0
17.00	1895230	4	0	0	0	0	0	0	0	0	0
17.10	1856977	4	0	0	0	0	0	0	0	0	0
17.20	1818484	4	0	0	0	0	0	0	0	0	0
17.30	1779744	4	0	0	0	0	0	0	0	0	0
17.40	1740747	4	0	0	0	0	0	0	0	0	0
17.50	1701483	4	0	0	0	0	0	0	0	0	0
17.60	1661944	4	0	0	0	0	0	0	0	0	0
17.70	1622119	4	0	0	0	0	0	0	0	0	0
17.80	1581996	4	0	0	0	0	0	0	0	0	0
17.90	1541562	4	0	0	0	0	0	0	0	0	0
18.00	1500806	4	0	0	0	0	0	0	0	0	0
18.10	1459712	4	0	0	0	0	0	0	0	0	0
18.20	1418265	4	0	0	0	0	0	0	0	0	0
18.30	1376449	4	0	0	0	0	0	0	0	0	0
18.40	1334245	4	0	0	0	0	0	0	0	0	0
18.50	1291634	4	0	0	0	0	0	0	0	0	0
18.60	1248593	4	0	0	0	0	0	0	0	0	0
18.70	1205099	4	0	0	0	0	0	0	0	0	0
18.80	1161125	4	0	0	0	0	0	0	0	0	0
18.90	1116642	4	0	0	0	0	0	0	0	0	0
19.00	1071616	4	0	0	0	0	0	0	0	0	0
19.10	1026011	4	0	0	0	0	0	0	0	0	0
19.20	979784	4	0	0	0	0	0	0	0	0	0
19.30	932888	4	0	0	0	0	0	0	0	0	0
19.40	885268	4	0	0	0	0	0	0	0	0	0
19.50	836860	4	0	0	0	0	0	0	0	0	0
19.60	787590	4	0	0	0	0	0	0	0	0	0
19.70	737370	4	0	0	0	0	0	0	0	0	0
19.80	686092	4	0	0	0	0	0	0	0	0	0
19.90	633628	4	0	0	0	0	0	0	0	0	0
20.00	579814	4	0	0	0	0	0	0	0	0	0
20.10	524443	4	0	0	0	0	0	0	0	0	0
20.20	467241	4	0	0	0	0	0	0	0	0	0
20.30	407832	4	0	0	0	0	0	0	0	0	0
20.40	345671	4	0	0	0	0	0	0	0	0	0
20.50	279903	4	0	0	0	0	0	0	0	0	0
20.60	209023	4	0	0	0	0	0	0	0	0	0
20.70	129733	4	0	0	0	0	0	0	0	0	0
20.80	28500	4	0	0	0	0	0	0	0	0	0
20.82	0	4	0	0	0	0	0	0	0	0	0