-999	"MyLake init"
Z (m)	Az (m2)	Tz (deg C)	Cz	Sz (kg/m3)	TPz (mg/m3)	DOPz (mg/m3)	Chlaz (mg/m3)	DOCz (mg/m3)	TPz_sed (mg/m3)	Chlaz_sed (mg/m3)	"Fvol_IM (m3/m3	 dry w.)"	Hice (m)	Hsnow (m)
0.00	1171606	4	0	0	0	0	0	0	0	0	0	0	0
0.10	1162261	4	0	0	0	0	0	0	0	0	0
0.20	1152958	4	0	0	0	0	0	0	0	0	0
0.30	1143695	4	0	0	0	0	0	0	0	0	0
0.40	1134474	4	0	0	0	0	0	0	0	0	0
0.50	1125294	4	0	0	0	0	0	0	0	0	0
0.60	1116154	4	0	0	0	0	0	0	0	0	0
0.70	1107056	4	0	0	0	0	0	0	0	0	0
0.80	1097999	4	0	0	0	0	0	0	0	0	0
0.90	1088983	4	0	0	0	0	0	0	0	0	0
1.00	1080007	4	0	0	0	0	0	0	0	0	0
1.10	1071073	4	0	0	0	0	0	0	0	0	0
1.20	1062179	4	0	0	0	0	0	0	0	0	0
1.30	1053326	4	0	0	0	0	0	0	0	0	0
1.40	1044514	4	0	0	0	0	0	0	0	0	0
1.50	1035742	4	0	0	0	0	0	0	0	0	0
1.60	1027012	4	0	0	0	0	0	0	0	0	0
1.70	1018321	4	0	0	0	0	0	0	0	0	0
1.80	1009672	4	0	0	0	0	0	0	0	0	0
1.90	1001063	4	0	0	0	0	0	0	0	0	0
2.00	992495	4	0	0	0	0	0	0	0	0	0
2.10	983967	4	0	0	0	0	0	0	0	0	0
2.20	975479	4	0	0	0	0	0	0	0	0	0
2.30	967032	4	0	0	0	0	0	0	0	0	0
2.40	958626	4	0	0	0	0	0	0	0	0	0
2.50	950260	4	0	0	0	0	0	0	0	0	0
2.60	941934	4	0	0	0	0	0	0	0	0	0
2.70	933648	4	0	0	0	0	0	0	0	0	0
2.80	925403	4	0	0	0	0	0	0	0	0	0
2.90	917198	4	0	0	0	0	0	0	0	0	0
3.00	909033	4	0	0	0	0	0	0	0	0	0
3.10	900908	4	0	0	0	0	0	0	0	0	0
3.20	892824	4	0	0	0	0	0	0	0	0	0
3.30	884779	4	0	0	0	0	0	0	0	0	0
3.40	876775	4	0	0	0	0	0	0	0	0	0
3.50	868810	4	0	0	0	0	0	0	0	0	0
3.60	860886	4	0	0	0	0	0	0	0	0	0
3.70	853001	4	0	0	0	0	0	0	0	0	0
3.80	845156	4	0	0	0	0	0	0	0	0	0
3.90	837352	4	0	0	0	0	0	0	0	0	0
4.00	829587	4	0	0	0	0	0	0	0	0	0
4.10	821862	4	0	0	0	0	0	0	0	0	0
4.20	814176	4	0	0	0	0	0	0	0	0	0
4.30	806530	4	0	0	0	0	0	0	0	0	0
4.40	798924	4	0	0	0	0	0	0	0	0	0
4.50	791358	4	0	0	0	0	0	0	0	0	0
4.60	783831	4	0	0	0	0	0	0	0	0	0
4.70	776344	4	0	0	0	0	0	0	0	0	0
4.80	768896	4	0	0	0	0	0	0	0	0	0
4.90	761488	4	0	0	0	0	0	0	0	0	0
5.00	754119	4	0	0	0	0	0	0	0	0	0
5.10	746790	4	0	0	0	0	0	0	0	0	0
5.20	739500	4	0	0	0	0	0	0	0	0	0
5.30	732249	4	0	0	0	0	0	0	0	0	0
5.40	725038	4	0	0	0	0	0	0	0	0	0
5.50	717866	4	0	0	0	0	0	0	0	0	0
5.60	710733	4	0	0	0	0	0	0	0	0	0
5.70	703639	4	0	0	0	0	0	0	0	0	0
5.80	696585	4	0	0	0	0	0	0	0	0	0
5.90	689569	4	0	0	0	0	0	0	0	0	0
6.00	682593	4	0	0	0	0	0	0	0	0	0
6.10	675655	4	0	0	0	0	0	0	0	0	0
6.20	668757	4	0	0	0	0	0	0	0	0	0
6.30	661897	4	0	0	0	0	0	0	0	0	0
6.40	655077	4	0	0	0	0	0	0	0	0	0
6.50	648295	4	0	0	0	0	0	0	0	0	0
6.60	641552	4	0	0	0	0	0	0	0	0	0
6.70	634848	4	0	0	0	0	0	0	0	0	0
6.80	628182	4	0	0	0	0	0	0	0	0	0
6.90	621556	4	0	0	0	0	0	0	0	0	0
7.00	614967	4	0	0	0	0	0	0	0	0	0
7.10	608418	4	0	0	0	0	0	0	0	0	0
7.20	601907	4	0	0	0	0	0	0	0	0	0
7.30	595435	4	0	0	0	0	0	0	0	0	0
7.40	589001	4	0	0	0	0	0	0	0	0	0
7.50	582605	4	0	0	0	0	0	0	0	0	0
7.60	576248	4	0	0	0	0	0	0	0	0	0
7.70	569929	4	0	0	0	0	0	0	0	0	0
7.80	563649	4	0	0	0	0	0	0	0	0	0
7.90	557407	4	0	0	0	0	0	0	0	0	0
8.00	551203	4	0	0	0	0	0	0	0	0	0
8.10	545037	4	0	0	0	0	0	0	0	0	0
8.20	538910	4	0	0	0	0	0	0	0	0	0
8.30	532820	4	0	0	0	0	0	0	0	0	0
8.40	526769	4	0	0	0	0	0	0	0	0	0
8.50	520755	4	0	0	0	0	0	0	0	0	0
8.60	514780	4	0	0	0	0	0	0	0	0	0
8.70	508842	4	0	0	0	0	0	0	0	0	0
8.80	502943	4	0	0	0	0	0	0	0	0	0
8.90	497081	4	0	0	0	0	0	0	0	0	0
9.00	491257	4	0	0	0	0	0	0	0	0	0
9.10	485471	4	0	0	0	0	0	0	0	0	0
9.20	479722	4	0	0	0	0	0	0	0	0	0
9.30	474011	4	0	0	0	0	0	0	0	0	0
9.40	468338	4	0	0	0	0	0	0	0	0	0
9.50	462702	4	0	0	0	0	0	0	0	0	0
9.60	457104	4	0	0	0	0	0	0	0	0	0
9.70	451543	4	0	0	0	0	0	0	0	0	0
9.80	446020	4	0	0	0	0	0	0	0	0	0
9.90	440534	4	0	0	0	0	0	0	0	0	0
10.00	435086	4	0	0	0	0	0	0	0	0	0
10.10	429674	4	0	0	0	0	0	0	0	0	0
10.20	424300	4	0	0	0	0	0	0	0	0	0
10.30	418963	4	0	0	0	0	0	0	0	0	0
10.40	413664	4	0	0	0	0	0	0	0	0	0
10.50	408401	4	0	0	0	0	0	0	0	0	0
10.60	403176	4	0	0	0	0	0	0	0	0	0
10.70	397987	4	0	0	0	0	0	0	0	0	0
10.80	392835	4	0	0	0	0	0	0	0	0	0
10.90	387721	4	0	0	0	0	0	0	0	0	0
11.00	382643	4	0	0	0	0	0	0	0	0	0
11.10	377602	4	0	0	0	0	0	0	0	0	0
11.20	372598	4	0	0	0	0	0	0	0	0	0
11.30	367630	4	0	0	0	0	0	0	0	0	0
11.40	362699	4	0	0	0	0	0	0	0	0	0
11.50	357805	4	0	0	0	0	0	0	0	0	0
11.60	352947	4	0	0	0	0	0	0	0	0	0
11.70	348126	4	0	0	0	0	0	0	0	0	0
11.80	343341	4	0	0	0	0	0	0	0	0	0
11.90	338593	4	0	0	0	0	0	0	0	0	0
12.00	333881	4	0	0	0	0	0	0	0	0	0
12.10	329206	4	0	0	0	0	0	0	0	0	0
12.20	324566	4	0	0	0	0	0	0	0	0	0
12.30	319963	4	0	0	0	0	0	0	0	0	0
12.40	315396	4	0	0	0	0	0	0	0	0	0
12.50	310865	4	0	0	0	0	0	0	0	0	0
12.60	306370	4	0	0	0	0	0	0	0	0	0
12.70	301911	4	0	0	0	0	0	0	0	0	0
12.80	297488	4	0	0	0	0	0	0	0	0	0
12.90	293101	4	0	0	0	0	0	0	0	0	0
13.00	288750	4	0	0	0	0	0	0	0	0	0
13.10	284435	4	0	0	0	0	0	0	0	0	0
13.20	280155	4	0	0	0	0	0	0	0	0	0
13.30	275911	4	0	0	0	0	0	0	0	0	0
13.40	271703	4	0	0	0	0	0	0	0	0	0
13.50	267530	4	0	0	0	0	0	0	0	0	0
13.60	263393	4	0	0	0	0	0	0	0	0	0
13.70	259291	4	0	0	0	0	0	0	0	0	0
13.80	255224	4	0	0	0	0	0	0	0	0	0
13.90	251193	4	0	0	0	0	0	0	0	0	0
14.00	247197	4	0	0	0	0	0	0	0	0	0
14.10	243237	4	0	0	0	0	0	0	0	0	0
14.20	239311	4	0	0	0	0	0	0	0	0	0
14.30	235421	4	0	0	0	0	0	0	0	0	0
14.40	231566	4	0	0	0	0	0	0	0	0	0
14.50	227745	4	0	0	0	0	0	0	0	0	0
14.60	223960	4	0	0	0	0	0	0	0	0	0
14.70	220210	4	0	0	0	0	0	0	0	0	0
14.80	216494	4	0	0	0	0	0	0	0	0	0
14.90	212813	4	0	0	0	0	0	0	0	0	0
15.00	209167	4	0	0	0	0	0	0	0	0	0
15.10	205556	4	0	0	0	0	0	0	0	0	0
15.20	201979	4	0	0	0	0	0	0	0	0	0
15.30	198436	4	0	0	0	0	0	0	0	0	0
15.40	194928	4	0	0	0	0	0	0	0	0	0
15.50	191455	4	0	0	0	0	0	0	0	0	0
15.60	188015	4	0	0	0	0	0	0	0	0	0
15.70	184611	4	0	0	0	0	0	0	0	0	0
15.80	181240	4	0	0	0	0	0	0	0	0	0
15.90	177903	4	0	0	0	0	0	0	0	0	0
16.00	174601	4	0	0	0	0	0	0	0	0	0
16.10	171332	4	0	0	0	0	0	0	0	0	0
16.20	168098	4	0	0	0	0	0	0	0	0	0
16.30	164897	4	0	0	0	0	0	0	0	0	0
16.40	161730	4	0	0	0	0	0	0	0	0	0
16.50	158597	4	0	0	0	0	0	0	0	0	0
16.60	155498	4	0	0	0	0	0	0	0	0	0
16.70	152432	4	0	0	0	0	0	0	0	0	0
16.80	149400	4	0	0	0	0	0	0	0	0	0
16.90	146401	4	0	0	0	0	0	0	0	0	0
17.00	143436	4	0	0	0	0	0	0	0	0	0
17.10	140504	4	0	0	0	0	0	0	0	0	0
17.20	137605	4	0	0	0	0	0	0	0	0	0
17.30	134740	4	0	0	0	0	0	0	0	0	0
17.40	131908	4	0	0	0	0	0	0	0	0	0
17.50	129108	4	0	0	0	0	0	0	0	0	0
17.60	126342	4	0	0	0	0	0	0	0	0	0
17.70	123609	4	0	0	0	0	0	0	0	0	0
17.80	120909	4	0	0	0	0	0	0	0	0	0
17.90	118241	4	0	0	0	0	0	0	0	0	0
18.00	115606	4	0	0	0	0	0	0	0	0	0
18.10	113004	4	0	0	0	0	0	0	0	0	0
18.20	110434	4	0	0	0	0	0	0	0	0	0
18.30	107897	4	0	0	0	0	0	0	0	0	0
18.40	105392	4	0	0	0	0	0	0	0	0	0
18.50	102919	4	0	0	0	0	0	0	0	0	0
18.60	100479	4	0	0	0	0	0	0	0	0	0
18.70	98071	4	0	0	0	0	0	0	0	0	0
18.80	95695	4	0	0	0	0	0	0	0	0	0
18.90	93351	4	0	0	0	0	0	0	0	0	0
19.00	91039	4	0	0	0	0	0	0	0	0	0
19.10	88759	4	0	0	0	0	0	0	0	0	0
19.20	86511	4	0	0	0	0	0	0	0	0	0
19.30	84294	4	0	0	0	0	0	0	0	0	0
19.40	82109	4	0	0	0	0	0	0	0	0	0
19.50	79956	4	0	0	0	0	0	0	0	0	0
19.60	77834	4	0	0	0	0	0	0	0	0	0
19.70	75743	4	0	0	0	0	0	0	0	0	0
19.80	73684	4	0	0	0	0	0	0	0	0	0
19.90	71656	4	0	0	0	0	0	0	0	0	0
20.00	69659	4	0	0	0	0	0	0	0	0	0
20.10	67692	4	0	0	0	0	0	0	0	0	0
20.20	65757	4	0	0	0	0	0	0	0	0	0
20.30	63853	4	0	0	0	0	0	0	0	0	0
20.40	61980	4	0	0	0	0	0	0	0	0	0
20.50	60137	4	0	0	0	0	0	0	0	0	0
20.60	58324	4	0	0	0	0	0	0	0	0	0
20.70	56542	4	0	0	0	0	0	0	0	0	0
20.80	54791	4	0	0	0	0	0	0	0	0	0
20.90	53070	4	0	0	0	0	0	0	0	0	0
21.00	51379	4	0	0	0	0	0	0	0	0	0
21.10	49718	4	0	0	0	0	0	0	0	0	0
21.20	48087	4	0	0	0	0	0	0	0	0	0
21.30	46486	4	0	0	0	0	0	0	0	0	0
21.40	44914	4	0	0	0	0	0	0	0	0	0
21.50	43373	4	0	0	0	0	0	0	0	0	0
21.60	41861	4	0	0	0	0	0	0	0	0	0
21.70	40378	4	0	0	0	0	0	0	0	0	0
21.80	38925	4	0	0	0	0	0	0	0	0	0
21.90	37501	4	0	0	0	0	0	0	0	0	0
22.00	36106	4	0	0	0	0	0	0	0	0	0
22.10	34740	4	0	0	0	0	0	0	0	0	0
22.20	33404	4	0	0	0	0	0	0	0	0	0
22.30	32096	4	0	0	0	0	0	0	0	0	0
22.40	30816	4	0	0	0	0	0	0	0	0	0
22.50	29565	4	0	0	0	0	0	0	0	0	0
22.60	28343	4	0	0	0	0	0	0	0	0	0
22.70	27149	4	0	0	0	0	0	0	0	0	0
22.80	25983	4	0	0	0	0	0	0	0	0	0
22.90	24846	4	0	0	0	0	0	0	0	0	0
23.00	23736	4	0	0	0	0	0	0	0	0	0
23.10	22654	4	0	0	0	0	0	0	0	0	0
23.20	21600	4	0	0	0	0	0	0	0	0	0
23.30	20573	4	0	0	0	0	0	0	0	0	0
23.40	19574	4	0	0	0	0	0	0	0	0	0
23.50	18602	4	0	0	0	0	0	0	0	0	0
23.60	17658	4	0	0	0	0	0	0	0	0	0
23.70	16740	4	0	0	0	0	0	0	0	0	0
23.80	15849	4	0	0	0	0	0	0	0	0	0
23.90	14985	4	0	0	0	0	0	0	0	0	0
24.00	14148	4	0	0	0	0	0	0	0	0	0
24.10	13336	4	0	0	0	0	0	0	0	0	0
24.20	12552	4	0	0	0	0	0	0	0	0	0
24.30	11793	4	0	0	0	0	0	0	0	0	0
24.40	11060	4	0	0	0	0	0	0	0	0	0
24.50	10353	4	0	0	0	0	0	0	0	0	0
24.60	9672	4	0	0	0	0	0	0	0	0	0
24.70	9016	4	0	0	0	0	0	0	0	0	0
24.80	8385	4	0	0	0	0	0	0	0	0	0
24.90	7780	4	0	0	0	0	0	0	0	0	0
25.00	7199	4	0	0	0	0	0	0	0	0	0
25.10	6643	4	0	0	0	0	0	0	0	0	0
25.20	6111	4	0	0	0	0	0	0	0	0	0
25.30	5604	4	0	0	0	0	0	0	0	0	0
25.40	5121	4	0	0	0	0	0	0	0	0	0
25.50	4662	4	0	0	0	0	0	0	0	0	0
25.60	4226	4	0	0	0	0	0	0	0	0	0
25.70	3814	4	0	0	0	0	0	0	0	0	0
25.80	3425	4	0	0	0	0	0	0	0	0	0
25.90	3058	4	0	0	0	0	0	0	0	0	0
26.00	2715	4	0	0	0	0	0	0	0	0	0
26.10	2394	4	0	0	0	0	0	0	0	0	0
26.20	2095	4	0	0	0	0	0	0	0	0	0
26.30	1817	4	0	0	0	0	0	0	0	0	0
26.40	1561	4	0	0	0	0	0	0	0	0	0
26.50	1327	4	0	0	0	0	0	0	0	0	0
26.60	1113	4	0	0	0	0	0	0	0	0	0
26.70	920	4	0	0	0	0	0	0	0	0	0
26.80	747	4	0	0	0	0	0	0	0	0	0
26.90	593	4	0	0	0	0	0	0	0	0	0
27.00	459	4	0	0	0	0	0	0	0	0	0
27.10	343	4	0	0	0	0	0	0	0	0	0
27.20	246	4	0	0	0	0	0	0	0	0	0
27.30	166	4	0	0	0	0	0	0	0	0	0
27.40	103	4	0	0	0	0	0	0	0	0	0
27.50	56	4	0	0	0	0	0	0	0	0	0
27.60	24	4	0	0	0	0	0	0	0	0	0
27.70	6	4	0	0	0	0	0	0	0	0	0
27.80	0	4	0	0	0	0	0	0	0	0	0
27.82	0	4	0	0	0	0	0	0	0	0	0