-999	"MyLake init"
Z (m)	Az (m2)	Tz (deg C)	Cz	Sz (kg/m3)	TPz (mg/m3)	DOPz (mg/m3)	Chlaz (mg/m3)	DOCz (mg/m3)	TPz_sed (mg/m3)	Chlaz_sed (mg/m3)	"Fvol_IM (m3/m3	 dry w.)"	Hice (m)	Hsnow (m)
0.00	19548044	4	0	0	0	0	0	0	0	0	0	0	0
0.10	19478795	4	0	0	0	0	0	0	0	0	0
0.20	19409567	4	0	0	0	0	0	0	0	0	0
0.30	19340363	4	0	0	0	0	0	0	0	0	0
0.40	19271180	4	0	0	0	0	0	0	0	0	0
0.50	19202020	4	0	0	0	0	0	0	0	0	0
0.60	19132883	4	0	0	0	0	0	0	0	0	0
0.70	19063768	4	0	0	0	0	0	0	0	0	0
0.80	18994676	4	0	0	0	0	0	0	0	0	0
0.90	18925607	4	0	0	0	0	0	0	0	0	0
1.00	18856561	4	0	0	0	0	0	0	0	0	0
1.10	18787537	4	0	0	0	0	0	0	0	0	0
1.20	18718537	4	0	0	0	0	0	0	0	0	0
1.30	18649559	4	0	0	0	0	0	0	0	0	0
1.40	18580605	4	0	0	0	0	0	0	0	0	0
1.50	18511674	4	0	0	0	0	0	0	0	0	0
1.60	18442766	4	0	0	0	0	0	0	0	0	0
1.70	18373881	4	0	0	0	0	0	0	0	0	0
1.80	18305020	4	0	0	0	0	0	0	0	0	0
1.90	18236182	4	0	0	0	0	0	0	0	0	0
2.00	18167368	4	0	0	0	0	0	0	0	0	0
2.10	18098578	4	0	0	0	0	0	0	0	0	0
2.20	18029811	4	0	0	0	0	0	0	0	0	0
2.30	17961068	4	0	0	0	0	0	0	0	0	0
2.40	17892348	4	0	0	0	0	0	0	0	0	0
2.50	17823653	4	0	0	0	0	0	0	0	0	0
2.60	17754982	4	0	0	0	0	0	0	0	0	0
2.70	17686334	4	0	0	0	0	0	0	0	0	0
2.80	17617711	4	0	0	0	0	0	0	0	0	0
2.90	17549112	4	0	0	0	0	0	0	0	0	0
3.00	17480537	4	0	0	0	0	0	0	0	0	0
3.10	17411987	4	0	0	0	0	0	0	0	0	0
3.20	17343461	4	0	0	0	0	0	0	0	0	0
3.30	17274960	4	0	0	0	0	0	0	0	0	0
3.40	17206483	4	0	0	0	0	0	0	0	0	0
3.50	17138031	4	0	0	0	0	0	0	0	0	0
3.60	17069604	4	0	0	0	0	0	0	0	0	0
3.70	17001201	4	0	0	0	0	0	0	0	0	0
3.80	16932824	4	0	0	0	0	0	0	0	0	0
3.90	16864471	4	0	0	0	0	0	0	0	0	0
4.00	16796144	4	0	0	0	0	0	0	0	0	0
4.10	16727842	4	0	0	0	0	0	0	0	0	0
4.20	16659565	4	0	0	0	0	0	0	0	0	0
4.30	16591313	4	0	0	0	0	0	0	0	0	0
4.40	16523087	4	0	0	0	0	0	0	0	0	0
4.50	16454887	4	0	0	0	0	0	0	0	0	0
4.60	16386712	4	0	0	0	0	0	0	0	0	0
4.70	16318562	4	0	0	0	0	0	0	0	0	0
4.80	16250439	4	0	0	0	0	0	0	0	0	0
4.90	16182341	4	0	0	0	0	0	0	0	0	0
5.00	16114269	4	0	0	0	0	0	0	0	0	0
5.10	16046224	4	0	0	0	0	0	0	0	0	0
5.20	15978204	4	0	0	0	0	0	0	0	0	0
5.30	15910211	4	0	0	0	0	0	0	0	0	0
5.40	15842244	4	0	0	0	0	0	0	0	0	0
5.50	15774303	4	0	0	0	0	0	0	0	0	0
5.60	15706389	4	0	0	0	0	0	0	0	0	0
5.70	15638502	4	0	0	0	0	0	0	0	0	0
5.80	15570641	4	0	0	0	0	0	0	0	0	0
5.90	15502807	4	0	0	0	0	0	0	0	0	0
6.00	15435000	4	0	0	0	0	0	0	0	0	0
6.10	15367220	4	0	0	0	0	0	0	0	0	0
6.20	15299467	4	0	0	0	0	0	0	0	0	0
6.30	15231741	4	0	0	0	0	0	0	0	0	0
6.40	15164043	4	0	0	0	0	0	0	0	0	0
6.50	15096371	4	0	0	0	0	0	0	0	0	0
6.60	15028728	4	0	0	0	0	0	0	0	0	0
6.70	14961112	4	0	0	0	0	0	0	0	0	0
6.80	14893523	4	0	0	0	0	0	0	0	0	0
6.90	14825962	4	0	0	0	0	0	0	0	0	0
7.00	14758430	4	0	0	0	0	0	0	0	0	0
7.10	14690925	4	0	0	0	0	0	0	0	0	0
7.20	14623448	4	0	0	0	0	0	0	0	0	0
7.30	14556000	4	0	0	0	0	0	0	0	0	0
7.40	14488580	4	0	0	0	0	0	0	0	0	0
7.50	14421188	4	0	0	0	0	0	0	0	0	0
7.60	14353825	4	0	0	0	0	0	0	0	0	0
7.70	14286490	4	0	0	0	0	0	0	0	0	0
7.80	14219184	4	0	0	0	0	0	0	0	0	0
7.90	14151907	4	0	0	0	0	0	0	0	0	0
8.00	14084659	4	0	0	0	0	0	0	0	0	0
8.10	14017441	4	0	0	0	0	0	0	0	0	0
8.20	13950251	4	0	0	0	0	0	0	0	0	0
8.30	13883090	4	0	0	0	0	0	0	0	0	0
8.40	13815959	4	0	0	0	0	0	0	0	0	0
8.50	13748858	4	0	0	0	0	0	0	0	0	0
8.60	13681786	4	0	0	0	0	0	0	0	0	0
8.70	13614744	4	0	0	0	0	0	0	0	0	0
8.80	13547732	4	0	0	0	0	0	0	0	0	0
8.90	13480750	4	0	0	0	0	0	0	0	0	0
9.00	13413798	4	0	0	0	0	0	0	0	0	0
9.10	13346877	4	0	0	0	0	0	0	0	0	0
9.20	13279986	4	0	0	0	0	0	0	0	0	0
9.30	13213125	4	0	0	0	0	0	0	0	0	0
9.40	13146295	4	0	0	0	0	0	0	0	0	0
9.50	13079496	4	0	0	0	0	0	0	0	0	0
9.60	13012727	4	0	0	0	0	0	0	0	0	0
9.70	12945990	4	0	0	0	0	0	0	0	0	0
9.80	12879284	4	0	0	0	0	0	0	0	0	0
9.90	12812609	4	0	0	0	0	0	0	0	0	0
10.00	12745965	4	0	0	0	0	0	0	0	0	0
10.10	12679353	4	0	0	0	0	0	0	0	0	0
10.20	12612773	4	0	0	0	0	0	0	0	0	0
10.30	12546225	4	0	0	0	0	0	0	0	0	0
10.40	12479708	4	0	0	0	0	0	0	0	0	0
10.50	12413224	4	0	0	0	0	0	0	0	0	0
10.60	12346772	4	0	0	0	0	0	0	0	0	0
10.70	12280353	4	0	0	0	0	0	0	0	0	0
10.80	12213965	4	0	0	0	0	0	0	0	0	0
10.90	12147611	4	0	0	0	0	0	0	0	0	0
11.00	12081290	4	0	0	0	0	0	0	0	0	0
11.10	12015001	4	0	0	0	0	0	0	0	0	0
11.20	11948745	4	0	0	0	0	0	0	0	0	0
11.30	11882523	4	0	0	0	0	0	0	0	0	0
11.40	11816335	4	0	0	0	0	0	0	0	0	0
11.50	11750179	4	0	0	0	0	0	0	0	0	0
11.60	11684058	4	0	0	0	0	0	0	0	0	0
11.70	11617970	4	0	0	0	0	0	0	0	0	0
11.80	11551917	4	0	0	0	0	0	0	0	0	0
11.90	11485898	4	0	0	0	0	0	0	0	0	0
12.00	11419913	4	0	0	0	0	0	0	0	0	0
12.10	11353962	4	0	0	0	0	0	0	0	0	0
12.20	11288047	4	0	0	0	0	0	0	0	0	0
12.30	11222166	4	0	0	0	0	0	0	0	0	0
12.40	11156320	4	0	0	0	0	0	0	0	0	0
12.50	11090509	4	0	0	0	0	0	0	0	0	0
12.60	11024734	4	0	0	0	0	0	0	0	0	0
12.70	10958995	4	0	0	0	0	0	0	0	0	0
12.80	10893291	4	0	0	0	0	0	0	0	0	0
12.90	10827623	4	0	0	0	0	0	0	0	0	0
13.00	10761991	4	0	0	0	0	0	0	0	0	0
13.10	10696395	4	0	0	0	0	0	0	0	0	0
13.20	10630836	4	0	0	0	0	0	0	0	0	0
13.30	10565313	4	0	0	0	0	0	0	0	0	0
13.40	10499827	4	0	0	0	0	0	0	0	0	0
13.50	10434378	4	0	0	0	0	0	0	0	0	0
13.60	10368966	4	0	0	0	0	0	0	0	0	0
13.70	10303592	4	0	0	0	0	0	0	0	0	0
13.80	10238255	4	0	0	0	0	0	0	0	0	0
13.90	10172956	4	0	0	0	0	0	0	0	0	0
14.00	10107695	4	0	0	0	0	0	0	0	0	0
14.10	10042472	4	0	0	0	0	0	0	0	0	0
14.20	9977288	4	0	0	0	0	0	0	0	0	0
14.30	9912142	4	0	0	0	0	0	0	0	0	0
14.40	9847035	4	0	0	0	0	0	0	0	0	0
14.50	9781967	4	0	0	0	0	0	0	0	0	0
14.60	9716938	4	0	0	0	0	0	0	0	0	0
14.70	9651948	4	0	0	0	0	0	0	0	0	0
14.80	9586998	4	0	0	0	0	0	0	0	0	0
14.90	9522088	4	0	0	0	0	0	0	0	0	0
15.00	9457218	4	0	0	0	0	0	0	0	0	0
15.10	9392389	4	0	0	0	0	0	0	0	0	0
15.20	9327599	4	0	0	0	0	0	0	0	0	0
15.30	9262851	4	0	0	0	0	0	0	0	0	0
15.40	9198144	4	0	0	0	0	0	0	0	0	0
15.50	9133477	4	0	0	0	0	0	0	0	0	0
15.60	9068853	4	0	0	0	0	0	0	0	0	0
15.70	9004270	4	0	0	0	0	0	0	0	0	0
15.80	8939729	4	0	0	0	0	0	0	0	0	0
15.90	8875230	4	0	0	0	0	0	0	0	0	0
16.00	8810773	4	0	0	0	0	0	0	0	0	0
16.10	8746360	4	0	0	0	0	0	0	0	0	0
16.20	8681989	4	0	0	0	0	0	0	0	0	0
16.30	8617661	4	0	0	0	0	0	0	0	0	0
16.40	8553377	4	0	0	0	0	0	0	0	0	0
16.50	8489137	4	0	0	0	0	0	0	0	0	0
16.60	8424941	4	0	0	0	0	0	0	0	0	0
16.70	8360789	4	0	0	0	0	0	0	0	0	0
16.80	8296681	4	0	0	0	0	0	0	0	0	0
16.90	8232619	4	0	0	0	0	0	0	0	0	0
17.00	8168601	4	0	0	0	0	0	0	0	0	0
17.10	8104630	4	0	0	0	0	0	0	0	0	0
17.20	8040703	4	0	0	0	0	0	0	0	0	0
17.30	7976823	4	0	0	0	0	0	0	0	0	0
17.40	7912989	4	0	0	0	0	0	0	0	0	0
17.50	7849202	4	0	0	0	0	0	0	0	0	0
17.60	7785462	4	0	0	0	0	0	0	0	0	0
17.70	7721769	4	0	0	0	0	0	0	0	0	0
17.80	7658123	4	0	0	0	0	0	0	0	0	0
17.90	7594526	4	0	0	0	0	0	0	0	0	0
18.00	7530976	4	0	0	0	0	0	0	0	0	0
18.10	7467476	4	0	0	0	0	0	0	0	0	0
18.20	7404024	4	0	0	0	0	0	0	0	0	0
18.30	7340621	4	0	0	0	0	0	0	0	0	0
18.40	7277268	4	0	0	0	0	0	0	0	0	0
18.50	7213965	4	0	0	0	0	0	0	0	0	0
18.60	7150712	4	0	0	0	0	0	0	0	0	0
18.70	7087510	4	0	0	0	0	0	0	0	0	0
18.80	7024359	4	0	0	0	0	0	0	0	0	0
18.90	6961259	4	0	0	0	0	0	0	0	0	0
19.00	6898211	4	0	0	0	0	0	0	0	0	0
19.10	6835216	4	0	0	0	0	0	0	0	0	0
19.20	6772272	4	0	0	0	0	0	0	0	0	0
19.30	6709382	4	0	0	0	0	0	0	0	0	0
19.40	6646545	4	0	0	0	0	0	0	0	0	0
19.50	6583762	4	0	0	0	0	0	0	0	0	0
19.60	6521034	4	0	0	0	0	0	0	0	0	0
19.70	6458360	4	0	0	0	0	0	0	0	0	0
19.80	6395740	4	0	0	0	0	0	0	0	0	0
19.90	6333177	4	0	0	0	0	0	0	0	0	0
20.00	6270669	4	0	0	0	0	0	0	0	0	0
20.10	6208218	4	0	0	0	0	0	0	0	0	0
20.20	6145824	4	0	0	0	0	0	0	0	0	0
20.30	6083487	4	0	0	0	0	0	0	0	0	0
20.40	6021208	4	0	0	0	0	0	0	0	0	0
20.50	5958987	4	0	0	0	0	0	0	0	0	0
20.60	5896825	4	0	0	0	0	0	0	0	0	0
20.70	5834722	4	0	0	0	0	0	0	0	0	0
20.80	5772679	4	0	0	0	0	0	0	0	0	0
20.90	5710697	4	0	0	0	0	0	0	0	0	0
21.00	5648775	4	0	0	0	0	0	0	0	0	0
21.10	5586915	4	0	0	0	0	0	0	0	0	0
21.20	5525117	4	0	0	0	0	0	0	0	0	0
21.30	5463382	4	0	0	0	0	0	0	0	0	0
21.40	5401709	4	0	0	0	0	0	0	0	0	0
21.50	5340101	4	0	0	0	0	0	0	0	0	0
21.60	5278557	4	0	0	0	0	0	0	0	0	0
21.70	5217077	4	0	0	0	0	0	0	0	0	0
21.80	5155664	4	0	0	0	0	0	0	0	0	0
21.90	5094316	4	0	0	0	0	0	0	0	0	0
22.00	5033036	4	0	0	0	0	0	0	0	0	0
22.10	4971822	4	0	0	0	0	0	0	0	0	0
22.20	4910678	4	0	0	0	0	0	0	0	0	0
22.30	4849602	4	0	0	0	0	0	0	0	0	0
22.40	4788595	4	0	0	0	0	0	0	0	0	0
22.50	4727660	4	0	0	0	0	0	0	0	0	0
22.60	4666795	4	0	0	0	0	0	0	0	0	0
22.70	4606002	4	0	0	0	0	0	0	0	0	0
22.80	4545281	4	0	0	0	0	0	0	0	0	0
22.90	4484634	4	0	0	0	0	0	0	0	0	0
23.00	4424062	4	0	0	0	0	0	0	0	0	0
23.10	4363564	4	0	0	0	0	0	0	0	0	0
23.20	4303142	4	0	0	0	0	0	0	0	0	0
23.30	4242798	4	0	0	0	0	0	0	0	0	0
23.40	4182530	4	0	0	0	0	0	0	0	0	0
23.50	4122342	4	0	0	0	0	0	0	0	0	0
23.60	4062233	4	0	0	0	0	0	0	0	0	0
23.70	4002204	4	0	0	0	0	0	0	0	0	0
23.80	3942257	4	0	0	0	0	0	0	0	0	0
23.90	3882392	4	0	0	0	0	0	0	0	0	0
24.00	3822611	4	0	0	0	0	0	0	0	0	0
24.10	3762915	4	0	0	0	0	0	0	0	0	0
24.20	3703304	4	0	0	0	0	0	0	0	0	0
24.30	3643780	4	0	0	0	0	0	0	0	0	0
24.40	3584344	4	0	0	0	0	0	0	0	0	0
24.50	3524997	4	0	0	0	0	0	0	0	0	0
24.60	3465741	4	0	0	0	0	0	0	0	0	0
24.70	3406576	4	0	0	0	0	0	0	0	0	0
24.80	3347505	4	0	0	0	0	0	0	0	0	0
24.90	3288527	4	0	0	0	0	0	0	0	0	0
25.00	3229646	4	0	0	0	0	0	0	0	0	0
25.10	3170861	4	0	0	0	0	0	0	0	0	0
25.20	3112175	4	0	0	0	0	0	0	0	0	0
25.30	3053589	4	0	0	0	0	0	0	0	0	0
25.40	2995105	4	0	0	0	0	0	0	0	0	0
25.50	2936724	4	0	0	0	0	0	0	0	0	0
25.60	2878449	4	0	0	0	0	0	0	0	0	0
25.70	2820280	4	0	0	0	0	0	0	0	0	0
25.80	2762219	4	0	0	0	0	0	0	0	0	0
25.90	2704269	4	0	0	0	0	0	0	0	0	0
26.00	2646431	4	0	0	0	0	0	0	0	0	0
26.10	2588708	4	0	0	0	0	0	0	0	0	0
26.20	2531101	4	0	0	0	0	0	0	0	0	0
26.30	2473612	4	0	0	0	0	0	0	0	0	0
26.40	2416244	4	0	0	0	0	0	0	0	0	0
26.50	2359000	4	0	0	0	0	0	0	0	0	0
26.60	2301881	4	0	0	0	0	0	0	0	0	0
26.70	2244890	4	0	0	0	0	0	0	0	0	0
26.80	2188030	4	0	0	0	0	0	0	0	0	0
26.90	2131304	4	0	0	0	0	0	0	0	0	0
27.00	2074714	4	0	0	0	0	0	0	0	0	0
27.10	2018264	4	0	0	0	0	0	0	0	0	0
27.20	1961957	4	0	0	0	0	0	0	0	0	0
27.30	1905795	4	0	0	0	0	0	0	0	0	0
27.40	1849784	4	0	0	0	0	0	0	0	0	0
27.50	1793925	4	0	0	0	0	0	0	0	0	0
27.60	1738224	4	0	0	0	0	0	0	0	0	0
27.70	1682684	4	0	0	0	0	0	0	0	0	0
27.80	1627310	4	0	0	0	0	0	0	0	0	0
27.90	1572106	4	0	0	0	0	0	0	0	0	0
28.00	1517077	4	0	0	0	0	0	0	0	0	0
28.10	1462228	4	0	0	0	0	0	0	0	0	0
28.20	1407565	4	0	0	0	0	0	0	0	0	0
28.30	1353094	4	0	0	0	0	0	0	0	0	0
28.40	1298822	4	0	0	0	0	0	0	0	0	0
28.50	1244753	4	0	0	0	0	0	0	0	0	0
28.60	1190897	4	0	0	0	0	0	0	0	0	0
28.70	1137261	4	0	0	0	0	0	0	0	0	0
28.80	1083853	4	0	0	0	0	0	0	0	0	0
28.90	1030683	4	0	0	0	0	0	0	0	0	0
29.00	977760	4	0	0	0	0	0	0	0	0	0
29.10	925096	4	0	0	0	0	0	0	0	0	0
29.20	872702	4	0	0	0	0	0	0	0	0	0
29.30	820592	4	0	0	0	0	0	0	0	0	0
29.40	768780	4	0	0	0	0	0	0	0	0	0
29.50	717282	4	0	0	0	0	0	0	0	0	0
29.60	666118	4	0	0	0	0	0	0	0	0	0
29.70	615308	4	0	0	0	0	0	0	0	0	0
29.80	564876	4	0	0	0	0	0	0	0	0	0
29.90	514849	4	0	0	0	0	0	0	0	0	0
30.00	465259	4	0	0	0	0	0	0	0	0	0
30.10	416144	4	0	0	0	0	0	0	0	0	0
30.20	367551	4	0	0	0	0	0	0	0	0	0
30.30	319533	4	0	0	0	0	0	0	0	0	0
30.40	272164	4	0	0	0	0	0	0	0	0	0
30.50	225532	4	0	0	0	0	0	0	0	0	0
30.60	179764	4	0	0	0	0	0	0	0	0	0
30.70	135037	4	0	0	0	0	0	0	0	0	0
30.80	91634	4	0	0	0	0	0	0	0	0	0
30.90	50075	4	0	0	0	0	0	0	0	0	0
31.00	11750	4	0	0	0	0	0	0	0	0	0
31.04	0	4	0	0	0	0	0	0	0	0	0