-999	"MyLake init"
Z (m)	Az (m2)	Tz (deg C)	Cz	Sz (kg/m3)	TPz (mg/m3)	DOPz (mg/m3)	Chlaz (mg/m3)	DOCz (mg/m3)	TPz_sed (mg/m3)	Chlaz_sed (mg/m3)	"Fvol_IM (m3/m3	 dry w.)"	Hice (m)	Hsnow (m)
0.00	2743794	4	0	0	0	0	0	0	0	0	0	0	0
0.10	2731697	4	0	0	0	0	0	0	0	0	0
0.20	2719584	4	0	0	0	0	0	0	0	0	0
0.30	2707456	4	0	0	0	0	0	0	0	0	0
0.40	2695312	4	0	0	0	0	0	0	0	0	0
0.50	2683152	4	0	0	0	0	0	0	0	0	0
0.60	2670977	4	0	0	0	0	0	0	0	0	0
0.70	2658785	4	0	0	0	0	0	0	0	0	0
0.80	2646578	4	0	0	0	0	0	0	0	0	0
0.90	2634354	4	0	0	0	0	0	0	0	0	0
1.00	2622114	4	0	0	0	0	0	0	0	0	0
1.10	2609857	4	0	0	0	0	0	0	0	0	0
1.20	2597584	4	0	0	0	0	0	0	0	0	0
1.30	2585294	4	0	0	0	0	0	0	0	0	0
1.40	2572988	4	0	0	0	0	0	0	0	0	0
1.50	2560664	4	0	0	0	0	0	0	0	0	0
1.60	2548324	4	0	0	0	0	0	0	0	0	0
1.70	2535966	4	0	0	0	0	0	0	0	0	0
1.80	2523591	4	0	0	0	0	0	0	0	0	0
1.90	2511198	4	0	0	0	0	0	0	0	0	0
2.00	2498788	4	0	0	0	0	0	0	0	0	0
2.10	2486360	4	0	0	0	0	0	0	0	0	0
2.20	2473915	4	0	0	0	0	0	0	0	0	0
2.30	2461451	4	0	0	0	0	0	0	0	0	0
2.40	2448969	4	0	0	0	0	0	0	0	0	0
2.50	2436469	4	0	0	0	0	0	0	0	0	0
2.60	2423950	4	0	0	0	0	0	0	0	0	0
2.70	2411412	4	0	0	0	0	0	0	0	0	0
2.80	2398856	4	0	0	0	0	0	0	0	0	0
2.90	2386281	4	0	0	0	0	0	0	0	0	0
3.00	2373687	4	0	0	0	0	0	0	0	0	0
3.10	2361074	4	0	0	0	0	0	0	0	0	0
3.20	2348441	4	0	0	0	0	0	0	0	0	0
3.30	2335789	4	0	0	0	0	0	0	0	0	0
3.40	2323117	4	0	0	0	0	0	0	0	0	0
3.50	2310425	4	0	0	0	0	0	0	0	0	0
3.60	2297713	4	0	0	0	0	0	0	0	0	0
3.70	2284981	4	0	0	0	0	0	0	0	0	0
3.80	2272229	4	0	0	0	0	0	0	0	0	0
3.90	2259455	4	0	0	0	0	0	0	0	0	0
4.00	2246661	4	0	0	0	0	0	0	0	0	0
4.10	2233846	4	0	0	0	0	0	0	0	0	0
4.20	2221010	4	0	0	0	0	0	0	0	0	0
4.30	2208153	4	0	0	0	0	0	0	0	0	0
4.40	2195274	4	0	0	0	0	0	0	0	0	0
4.50	2182373	4	0	0	0	0	0	0	0	0	0
4.60	2169450	4	0	0	0	0	0	0	0	0	0
4.70	2156505	4	0	0	0	0	0	0	0	0	0
4.80	2143538	4	0	0	0	0	0	0	0	0	0
4.90	2130548	4	0	0	0	0	0	0	0	0	0
5.00	2117536	4	0	0	0	0	0	0	0	0	0
5.10	2104500	4	0	0	0	0	0	0	0	0	0
5.20	2091441	4	0	0	0	0	0	0	0	0	0
5.30	2078359	4	0	0	0	0	0	0	0	0	0
5.40	2065253	4	0	0	0	0	0	0	0	0	0
5.50	2052123	4	0	0	0	0	0	0	0	0	0
5.60	2038969	4	0	0	0	0	0	0	0	0	0
5.70	2025790	4	0	0	0	0	0	0	0	0	0
5.80	2012587	4	0	0	0	0	0	0	0	0	0
5.90	1999358	4	0	0	0	0	0	0	0	0	0
6.00	1986105	4	0	0	0	0	0	0	0	0	0
6.10	1972826	4	0	0	0	0	0	0	0	0	0
6.20	1959522	4	0	0	0	0	0	0	0	0	0
6.30	1946191	4	0	0	0	0	0	0	0	0	0
6.40	1932834	4	0	0	0	0	0	0	0	0	0
6.50	1919450	4	0	0	0	0	0	0	0	0	0
6.60	1906040	4	0	0	0	0	0	0	0	0	0
6.70	1892602	4	0	0	0	0	0	0	0	0	0
6.80	1879137	4	0	0	0	0	0	0	0	0	0
6.90	1865645	4	0	0	0	0	0	0	0	0	0
7.00	1852124	4	0	0	0	0	0	0	0	0	0
7.10	1838574	4	0	0	0	0	0	0	0	0	0
7.20	1824996	4	0	0	0	0	0	0	0	0	0
7.30	1811389	4	0	0	0	0	0	0	0	0	0
7.40	1797753	4	0	0	0	0	0	0	0	0	0
7.50	1784086	4	0	0	0	0	0	0	0	0	0
7.60	1770390	4	0	0	0	0	0	0	0	0	0
7.70	1756663	4	0	0	0	0	0	0	0	0	0
7.80	1742905	4	0	0	0	0	0	0	0	0	0
7.90	1729115	4	0	0	0	0	0	0	0	0	0
8.00	1715294	4	0	0	0	0	0	0	0	0	0
8.10	1701441	4	0	0	0	0	0	0	0	0	0
8.20	1687556	4	0	0	0	0	0	0	0	0	0
8.30	1673638	4	0	0	0	0	0	0	0	0	0
8.40	1659686	4	0	0	0	0	0	0	0	0	0
8.50	1645700	4	0	0	0	0	0	0	0	0	0
8.60	1631681	4	0	0	0	0	0	0	0	0	0
8.70	1617626	4	0	0	0	0	0	0	0	0	0
8.80	1603537	4	0	0	0	0	0	0	0	0	0
8.90	1589411	4	0	0	0	0	0	0	0	0	0
9.00	1575250	4	0	0	0	0	0	0	0	0	0
9.10	1561052	4	0	0	0	0	0	0	0	0	0
9.20	1546816	4	0	0	0	0	0	0	0	0	0
9.30	1532543	4	0	0	0	0	0	0	0	0	0
9.40	1518232	4	0	0	0	0	0	0	0	0	0
9.50	1503882	4	0	0	0	0	0	0	0	0	0
9.60	1489492	4	0	0	0	0	0	0	0	0	0
9.70	1475062	4	0	0	0	0	0	0	0	0	0
9.80	1460592	4	0	0	0	0	0	0	0	0	0
9.90	1446080	4	0	0	0	0	0	0	0	0	0
10.00	1431526	4	0	0	0	0	0	0	0	0	0
10.10	1416930	4	0	0	0	0	0	0	0	0	0
10.20	1402290	4	0	0	0	0	0	0	0	0	0
10.30	1387606	4	0	0	0	0	0	0	0	0	0
10.40	1372878	4	0	0	0	0	0	0	0	0	0
10.50	1358104	4	0	0	0	0	0	0	0	0	0
10.60	1343283	4	0	0	0	0	0	0	0	0	0
10.70	1328416	4	0	0	0	0	0	0	0	0	0
10.80	1313500	4	0	0	0	0	0	0	0	0	0
10.90	1298536	4	0	0	0	0	0	0	0	0	0
11.00	1283522	4	0	0	0	0	0	0	0	0	0
11.10	1268457	4	0	0	0	0	0	0	0	0	0
11.20	1253341	4	0	0	0	0	0	0	0	0	0
11.30	1238172	4	0	0	0	0	0	0	0	0	0
11.40	1222949	4	0	0	0	0	0	0	0	0	0
11.50	1207672	4	0	0	0	0	0	0	0	0	0
11.60	1192339	4	0	0	0	0	0	0	0	0	0
11.70	1176949	4	0	0	0	0	0	0	0	0	0
11.80	1161502	4	0	0	0	0	0	0	0	0	0
11.90	1145995	4	0	0	0	0	0	0	0	0	0
12.00	1130427	4	0	0	0	0	0	0	0	0	0
12.10	1114798	4	0	0	0	0	0	0	0	0	0
12.20	1099105	4	0	0	0	0	0	0	0	0	0
12.30	1083348	4	0	0	0	0	0	0	0	0	0
12.40	1067524	4	0	0	0	0	0	0	0	0	0
12.50	1051633	4	0	0	0	0	0	0	0	0	0
12.60	1035672	4	0	0	0	0	0	0	0	0	0
12.70	1019641	4	0	0	0	0	0	0	0	0	0
12.80	1003537	4	0	0	0	0	0	0	0	0	0
12.90	987358	4	0	0	0	0	0	0	0	0	0
13.00	971103	4	0	0	0	0	0	0	0	0	0
13.10	954769	4	0	0	0	0	0	0	0	0	0
13.20	938354	4	0	0	0	0	0	0	0	0	0
13.30	921856	4	0	0	0	0	0	0	0	0	0
13.40	905273	4	0	0	0	0	0	0	0	0	0
13.50	888603	4	0	0	0	0	0	0	0	0	0
13.60	871842	4	0	0	0	0	0	0	0	0	0
13.70	854988	4	0	0	0	0	0	0	0	0	0
13.80	838038	4	0	0	0	0	0	0	0	0	0
13.90	820988	4	0	0	0	0	0	0	0	0	0
14.00	803837	4	0	0	0	0	0	0	0	0	0
14.10	786579	4	0	0	0	0	0	0	0	0	0
14.20	769212	4	0	0	0	0	0	0	0	0	0
14.30	751732	4	0	0	0	0	0	0	0	0	0
14.40	734134	4	0	0	0	0	0	0	0	0	0
14.50	716414	4	0	0	0	0	0	0	0	0	0
14.60	698567	4	0	0	0	0	0	0	0	0	0
14.70	680588	4	0	0	0	0	0	0	0	0	0
14.80	662472	4	0	0	0	0	0	0	0	0	0
14.90	644212	4	0	0	0	0	0	0	0	0	0
15.00	625802	4	0	0	0	0	0	0	0	0	0
15.10	607235	4	0	0	0	0	0	0	0	0	0
15.20	588503	4	0	0	0	0	0	0	0	0	0
15.30	569599	4	0	0	0	0	0	0	0	0	0
15.40	550512	4	0	0	0	0	0	0	0	0	0
15.50	531234	4	0	0	0	0	0	0	0	0	0
15.60	511752	4	0	0	0	0	0	0	0	0	0
15.70	492054	4	0	0	0	0	0	0	0	0	0
15.80	472127	4	0	0	0	0	0	0	0	0	0
15.90	451956	4	0	0	0	0	0	0	0	0	0
16.00	431522	4	0	0	0	0	0	0	0	0	0
16.10	410806	4	0	0	0	0	0	0	0	0	0
16.20	389786	4	0	0	0	0	0	0	0	0	0
16.30	368434	4	0	0	0	0	0	0	0	0	0
16.40	346720	4	0	0	0	0	0	0	0	0	0
16.50	324608	4	0	0	0	0	0	0	0	0	0
16.60	302054	4	0	0	0	0	0	0	0	0	0
16.70	279005	4	0	0	0	0	0	0	0	0	0
16.80	255395	4	0	0	0	0	0	0	0	0	0
16.90	231138	4	0	0	0	0	0	0	0	0	0
17.00	206125	4	0	0	0	0	0	0	0	0	0
17.10	180205	4	0	0	0	0	0	0	0	0	0
17.20	153162	4	0	0	0	0	0	0	0	0	0
17.30	124660	4	0	0	0	0	0	0	0	0	0
17.40	94123	4	0	0	0	0	0	0	0	0	0
17.50	60341	4	0	0	0	0	0	0	0	0	0
17.60	19108	4	0	0	0	0	0	0	0	0	0
17.63	0	4	0	0	0	0	0	0	0	0	0