-999	"MyLake init"
Z (m)	Az (m2)	Tz (deg C)	Cz	Sz (kg/m3)	TPz (mg/m3)	DOPz (mg/m3)	Chlaz (mg/m3)	DOCz (mg/m3)	TPz_sed (mg/m3)	Chlaz_sed (mg/m3)	"Fvol_IM (m3/m3	 dry w.)"	Hice (m)	Hsnow (m)
0.00	3410744	4	0	0	0	0	0	0	0	0	0	0	0
0.10	3386419	4	0	0	0	0	0	0	0	0	0
0.20	3362213	4	0	0	0	0	0	0	0	0	0
0.30	3338127	4	0	0	0	0	0	0	0	0	0
0.40	3314161	4	0	0	0	0	0	0	0	0	0
0.50	3290313	4	0	0	0	0	0	0	0	0	0
0.60	3266583	4	0	0	0	0	0	0	0	0	0
0.70	3242972	4	0	0	0	0	0	0	0	0	0
0.80	3219478	4	0	0	0	0	0	0	0	0	0
0.90	3196102	4	0	0	0	0	0	0	0	0	0
1.00	3172843	4	0	0	0	0	0	0	0	0	0
1.10	3149701	4	0	0	0	0	0	0	0	0	0
1.20	3126675	4	0	0	0	0	0	0	0	0	0
1.30	3103766	4	0	0	0	0	0	0	0	0	0
1.40	3080973	4	0	0	0	0	0	0	0	0	0
1.50	3058295	4	0	0	0	0	0	0	0	0	0
1.60	3035732	4	0	0	0	0	0	0	0	0	0
1.70	3013284	4	0	0	0	0	0	0	0	0	0
1.80	2990951	4	0	0	0	0	0	0	0	0	0
1.90	2968733	4	0	0	0	0	0	0	0	0	0
2.00	2946628	4	0	0	0	0	0	0	0	0	0
2.10	2924636	4	0	0	0	0	0	0	0	0	0
2.20	2902758	4	0	0	0	0	0	0	0	0	0
2.30	2880994	4	0	0	0	0	0	0	0	0	0
2.40	2859341	4	0	0	0	0	0	0	0	0	0
2.50	2837801	4	0	0	0	0	0	0	0	0	0
2.60	2816373	4	0	0	0	0	0	0	0	0	0
2.70	2795057	4	0	0	0	0	0	0	0	0	0
2.80	2773852	4	0	0	0	0	0	0	0	0	0
2.90	2752759	4	0	0	0	0	0	0	0	0	0
3.00	2731776	4	0	0	0	0	0	0	0	0	0
3.10	2710903	4	0	0	0	0	0	0	0	0	0
3.20	2690141	4	0	0	0	0	0	0	0	0	0
3.30	2669488	4	0	0	0	0	0	0	0	0	0
3.40	2648945	4	0	0	0	0	0	0	0	0	0
3.50	2628511	4	0	0	0	0	0	0	0	0	0
3.60	2608186	4	0	0	0	0	0	0	0	0	0
3.70	2587969	4	0	0	0	0	0	0	0	0	0
3.80	2567861	4	0	0	0	0	0	0	0	0	0
3.90	2547860	4	0	0	0	0	0	0	0	0	0
4.00	2527967	4	0	0	0	0	0	0	0	0	0
4.10	2508181	4	0	0	0	0	0	0	0	0	0
4.20	2488502	4	0	0	0	0	0	0	0	0	0
4.30	2468930	4	0	0	0	0	0	0	0	0	0
4.40	2449464	4	0	0	0	0	0	0	0	0	0
4.50	2430104	4	0	0	0	0	0	0	0	0	0
4.60	2410850	4	0	0	0	0	0	0	0	0	0
4.70	2391701	4	0	0	0	0	0	0	0	0	0
4.80	2372657	4	0	0	0	0	0	0	0	0	0
4.90	2353718	4	0	0	0	0	0	0	0	0	0
5.00	2334883	4	0	0	0	0	0	0	0	0	0
5.10	2316152	4	0	0	0	0	0	0	0	0	0
5.20	2297525	4	0	0	0	0	0	0	0	0	0
5.30	2279002	4	0	0	0	0	0	0	0	0	0
5.40	2260581	4	0	0	0	0	0	0	0	0	0
5.50	2242264	4	0	0	0	0	0	0	0	0	0
5.60	2224048	4	0	0	0	0	0	0	0	0	0
5.70	2205936	4	0	0	0	0	0	0	0	0	0
5.80	2187924	4	0	0	0	0	0	0	0	0	0
5.90	2170015	4	0	0	0	0	0	0	0	0	0
6.00	2152207	4	0	0	0	0	0	0	0	0	0
6.10	2134499	4	0	0	0	0	0	0	0	0	0
6.20	2116892	4	0	0	0	0	0	0	0	0	0
6.30	2099386	4	0	0	0	0	0	0	0	0	0
6.40	2081979	4	0	0	0	0	0	0	0	0	0
6.50	2064673	4	0	0	0	0	0	0	0	0	0
6.60	2047465	4	0	0	0	0	0	0	0	0	0
6.70	2030357	4	0	0	0	0	0	0	0	0	0
6.80	2013347	4	0	0	0	0	0	0	0	0	0
6.90	1996436	4	0	0	0	0	0	0	0	0	0
7.00	1979623	4	0	0	0	0	0	0	0	0	0
7.10	1962907	4	0	0	0	0	0	0	0	0	0
7.20	1946289	4	0	0	0	0	0	0	0	0	0
7.30	1929768	4	0	0	0	0	0	0	0	0	0
7.40	1913344	4	0	0	0	0	0	0	0	0	0
7.50	1897017	4	0	0	0	0	0	0	0	0	0
7.60	1880786	4	0	0	0	0	0	0	0	0	0
7.70	1864651	4	0	0	0	0	0	0	0	0	0
7.80	1848611	4	0	0	0	0	0	0	0	0	0
7.90	1832667	4	0	0	0	0	0	0	0	0	0
8.00	1816817	4	0	0	0	0	0	0	0	0	0
8.10	1801063	4	0	0	0	0	0	0	0	0	0
8.20	1785402	4	0	0	0	0	0	0	0	0	0
8.30	1769836	4	0	0	0	0	0	0	0	0	0
8.40	1754363	4	0	0	0	0	0	0	0	0	0
8.50	1738984	4	0	0	0	0	0	0	0	0	0
8.60	1723698	4	0	0	0	0	0	0	0	0	0
8.70	1708505	4	0	0	0	0	0	0	0	0	0
8.80	1693404	4	0	0	0	0	0	0	0	0	0
8.90	1678396	4	0	0	0	0	0	0	0	0	0
9.00	1663479	4	0	0	0	0	0	0	0	0	0
9.10	1648654	4	0	0	0	0	0	0	0	0	0
9.20	1633920	4	0	0	0	0	0	0	0	0	0
9.30	1619277	4	0	0	0	0	0	0	0	0	0
9.40	1604725	4	0	0	0	0	0	0	0	0	0
9.50	1590263	4	0	0	0	0	0	0	0	0	0
9.60	1575891	4	0	0	0	0	0	0	0	0	0
9.70	1561609	4	0	0	0	0	0	0	0	0	0
9.80	1547416	4	0	0	0	0	0	0	0	0	0
9.90	1533313	4	0	0	0	0	0	0	0	0	0
10.00	1519298	4	0	0	0	0	0	0	0	0	0
10.10	1505371	4	0	0	0	0	0	0	0	0	0
10.20	1491533	4	0	0	0	0	0	0	0	0	0
10.30	1477783	4	0	0	0	0	0	0	0	0	0
10.40	1464120	4	0	0	0	0	0	0	0	0	0
10.50	1450545	4	0	0	0	0	0	0	0	0	0
10.60	1437056	4	0	0	0	0	0	0	0	0	0
10.70	1423654	4	0	0	0	0	0	0	0	0	0
10.80	1410339	4	0	0	0	0	0	0	0	0	0
10.90	1397109	4	0	0	0	0	0	0	0	0	0
11.00	1383965	4	0	0	0	0	0	0	0	0	0
11.10	1370907	4	0	0	0	0	0	0	0	0	0
11.20	1357934	4	0	0	0	0	0	0	0	0	0
11.30	1345045	4	0	0	0	0	0	0	0	0	0
11.40	1332241	4	0	0	0	0	0	0	0	0	0
11.50	1319522	4	0	0	0	0	0	0	0	0	0
11.60	1306886	4	0	0	0	0	0	0	0	0	0
11.70	1294334	4	0	0	0	0	0	0	0	0	0
11.80	1281865	4	0	0	0	0	0	0	0	0	0
11.90	1269479	4	0	0	0	0	0	0	0	0	0
12.00	1257175	4	0	0	0	0	0	0	0	0	0
12.10	1244955	4	0	0	0	0	0	0	0	0	0
12.20	1232816	4	0	0	0	0	0	0	0	0	0
12.30	1220759	4	0	0	0	0	0	0	0	0	0
12.40	1208783	4	0	0	0	0	0	0	0	0	0
12.50	1196889	4	0	0	0	0	0	0	0	0	0
12.60	1185075	4	0	0	0	0	0	0	0	0	0
12.70	1173342	4	0	0	0	0	0	0	0	0	0
12.80	1161690	4	0	0	0	0	0	0	0	0	0
12.90	1150117	4	0	0	0	0	0	0	0	0	0
13.00	1138624	4	0	0	0	0	0	0	0	0	0
13.10	1127210	4	0	0	0	0	0	0	0	0	0
13.20	1115875	4	0	0	0	0	0	0	0	0	0
13.30	1104619	4	0	0	0	0	0	0	0	0	0
13.40	1093442	4	0	0	0	0	0	0	0	0	0
13.50	1082343	4	0	0	0	0	0	0	0	0	0
13.60	1071321	4	0	0	0	0	0	0	0	0	0
13.70	1060377	4	0	0	0	0	0	0	0	0	0
13.80	1049511	4	0	0	0	0	0	0	0	0	0
13.90	1038721	4	0	0	0	0	0	0	0	0	0
14.00	1028008	4	0	0	0	0	0	0	0	0	0
14.10	1017371	4	0	0	0	0	0	0	0	0	0
14.20	1006810	4	0	0	0	0	0	0	0	0	0
14.30	996325	4	0	0	0	0	0	0	0	0	0
14.40	985916	4	0	0	0	0	0	0	0	0	0
14.50	975582	4	0	0	0	0	0	0	0	0	0
14.60	965322	4	0	0	0	0	0	0	0	0	0
14.70	955137	4	0	0	0	0	0	0	0	0	0
14.80	945027	4	0	0	0	0	0	0	0	0	0
14.90	934990	4	0	0	0	0	0	0	0	0	0
15.00	925027	4	0	0	0	0	0	0	0	0	0
15.10	915137	4	0	0	0	0	0	0	0	0	0
15.20	905321	4	0	0	0	0	0	0	0	0	0
15.30	895577	4	0	0	0	0	0	0	0	0	0
15.40	885906	4	0	0	0	0	0	0	0	0	0
15.50	876307	4	0	0	0	0	0	0	0	0	0
15.60	866779	4	0	0	0	0	0	0	0	0	0
15.70	857324	4	0	0	0	0	0	0	0	0	0
15.80	847939	4	0	0	0	0	0	0	0	0	0
15.90	838626	4	0	0	0	0	0	0	0	0	0
16.00	829383	4	0	0	0	0	0	0	0	0	0
16.10	820211	4	0	0	0	0	0	0	0	0	0
16.20	811109	4	0	0	0	0	0	0	0	0	0
16.30	802077	4	0	0	0	0	0	0	0	0	0
16.40	793114	4	0	0	0	0	0	0	0	0	0
16.50	784220	4	0	0	0	0	0	0	0	0	0
16.60	775396	4	0	0	0	0	0	0	0	0	0
16.70	766640	4	0	0	0	0	0	0	0	0	0
16.80	757952	4	0	0	0	0	0	0	0	0	0
16.90	749333	4	0	0	0	0	0	0	0	0	0
17.00	740781	4	0	0	0	0	0	0	0	0	0
17.10	732296	4	0	0	0	0	0	0	0	0	0
17.20	723879	4	0	0	0	0	0	0	0	0	0
17.30	715529	4	0	0	0	0	0	0	0	0	0
17.40	707245	4	0	0	0	0	0	0	0	0	0
17.50	699028	4	0	0	0	0	0	0	0	0	0
17.60	690876	4	0	0	0	0	0	0	0	0	0
17.70	682790	4	0	0	0	0	0	0	0	0	0
17.80	674770	4	0	0	0	0	0	0	0	0	0
17.90	666815	4	0	0	0	0	0	0	0	0	0
18.00	658925	4	0	0	0	0	0	0	0	0	0
18.10	651099	4	0	0	0	0	0	0	0	0	0
18.20	643337	4	0	0	0	0	0	0	0	0	0
18.30	635640	4	0	0	0	0	0	0	0	0	0
18.40	628006	4	0	0	0	0	0	0	0	0	0
18.50	620435	4	0	0	0	0	0	0	0	0	0
18.60	612928	4	0	0	0	0	0	0	0	0	0
18.70	605483	4	0	0	0	0	0	0	0	0	0
18.80	598101	4	0	0	0	0	0	0	0	0	0
18.90	590782	4	0	0	0	0	0	0	0	0	0
19.00	583524	4	0	0	0	0	0	0	0	0	0
19.10	576327	4	0	0	0	0	0	0	0	0	0
19.20	569193	4	0	0	0	0	0	0	0	0	0
19.30	562119	4	0	0	0	0	0	0	0	0	0
19.40	555106	4	0	0	0	0	0	0	0	0	0
19.50	548153	4	0	0	0	0	0	0	0	0	0
19.60	541261	4	0	0	0	0	0	0	0	0	0
19.70	534429	4	0	0	0	0	0	0	0	0	0
19.80	527656	4	0	0	0	0	0	0	0	0	0
19.90	520942	4	0	0	0	0	0	0	0	0	0
20.00	514288	4	0	0	0	0	0	0	0	0	0
20.10	507693	4	0	0	0	0	0	0	0	0	0
20.20	501156	4	0	0	0	0	0	0	0	0	0
20.30	494677	4	0	0	0	0	0	0	0	0	0
20.40	488256	4	0	0	0	0	0	0	0	0	0
20.50	481893	4	0	0	0	0	0	0	0	0	0
20.60	475587	4	0	0	0	0	0	0	0	0	0
20.70	469338	4	0	0	0	0	0	0	0	0	0
20.80	463146	4	0	0	0	0	0	0	0	0	0
20.90	457010	4	0	0	0	0	0	0	0	0	0
21.00	450931	4	0	0	0	0	0	0	0	0	0
21.10	444908	4	0	0	0	0	0	0	0	0	0
21.20	438940	4	0	0	0	0	0	0	0	0	0
21.30	433027	4	0	0	0	0	0	0	0	0	0
21.40	427170	4	0	0	0	0	0	0	0	0	0
21.50	421368	4	0	0	0	0	0	0	0	0	0
21.60	415620	4	0	0	0	0	0	0	0	0	0
21.70	409926	4	0	0	0	0	0	0	0	0	0
21.80	404286	4	0	0	0	0	0	0	0	0	0
21.90	398700	4	0	0	0	0	0	0	0	0	0
22.00	393167	4	0	0	0	0	0	0	0	0	0
22.10	387688	4	0	0	0	0	0	0	0	0	0
22.20	382261	4	0	0	0	0	0	0	0	0	0
22.30	376887	4	0	0	0	0	0	0	0	0	0
22.40	371565	4	0	0	0	0	0	0	0	0	0
22.50	366295	4	0	0	0	0	0	0	0	0	0
22.60	361077	4	0	0	0	0	0	0	0	0	0
22.70	355910	4	0	0	0	0	0	0	0	0	0
22.80	350794	4	0	0	0	0	0	0	0	0	0
22.90	345730	4	0	0	0	0	0	0	0	0	0
23.00	340715	4	0	0	0	0	0	0	0	0	0
23.10	335752	4	0	0	0	0	0	0	0	0	0
23.20	330838	4	0	0	0	0	0	0	0	0	0
23.30	325974	4	0	0	0	0	0	0	0	0	0
23.40	321159	4	0	0	0	0	0	0	0	0	0
23.50	316394	4	0	0	0	0	0	0	0	0	0
23.60	311677	4	0	0	0	0	0	0	0	0	0
23.70	307010	4	0	0	0	0	0	0	0	0	0
23.80	302390	4	0	0	0	0	0	0	0	0	0
23.90	297819	4	0	0	0	0	0	0	0	0	0
24.00	293296	4	0	0	0	0	0	0	0	0	0
24.10	288820	4	0	0	0	0	0	0	0	0	0
24.20	284391	4	0	0	0	0	0	0	0	0	0
24.30	280009	4	0	0	0	0	0	0	0	0	0
24.40	275674	4	0	0	0	0	0	0	0	0	0
24.50	271386	4	0	0	0	0	0	0	0	0	0
24.60	267144	4	0	0	0	0	0	0	0	0	0
24.70	262947	4	0	0	0	0	0	0	0	0	0
24.80	258796	4	0	0	0	0	0	0	0	0	0
24.90	254691	4	0	0	0	0	0	0	0	0	0
25.00	250631	4	0	0	0	0	0	0	0	0	0
25.10	246615	4	0	0	0	0	0	0	0	0	0
25.20	242644	4	0	0	0	0	0	0	0	0	0
25.30	238718	4	0	0	0	0	0	0	0	0	0
25.40	234835	4	0	0	0	0	0	0	0	0	0
25.50	230996	4	0	0	0	0	0	0	0	0	0
25.60	227200	4	0	0	0	0	0	0	0	0	0
25.70	223448	4	0	0	0	0	0	0	0	0	0
25.80	219738	4	0	0	0	0	0	0	0	0	0
25.90	216072	4	0	0	0	0	0	0	0	0	0
26.00	212447	4	0	0	0	0	0	0	0	0	0
26.10	208865	4	0	0	0	0	0	0	0	0	0
26.20	205324	4	0	0	0	0	0	0	0	0	0
26.30	201825	4	0	0	0	0	0	0	0	0	0
26.40	198368	4	0	0	0	0	0	0	0	0	0
26.50	194951	4	0	0	0	0	0	0	0	0	0
26.60	191575	4	0	0	0	0	0	0	0	0	0
26.70	188240	4	0	0	0	0	0	0	0	0	0
26.80	184944	4	0	0	0	0	0	0	0	0	0
26.90	181689	4	0	0	0	0	0	0	0	0	0
27.00	178473	4	0	0	0	0	0	0	0	0	0
27.10	175297	4	0	0	0	0	0	0	0	0	0
27.20	172160	4	0	0	0	0	0	0	0	0	0
27.30	169062	4	0	0	0	0	0	0	0	0	0
27.40	166003	4	0	0	0	0	0	0	0	0	0
27.50	162982	4	0	0	0	0	0	0	0	0	0
27.60	159998	4	0	0	0	0	0	0	0	0	0
27.70	157053	4	0	0	0	0	0	0	0	0	0
27.80	154146	4	0	0	0	0	0	0	0	0	0
27.90	151275	4	0	0	0	0	0	0	0	0	0
28.00	148442	4	0	0	0	0	0	0	0	0	0
28.10	145645	4	0	0	0	0	0	0	0	0	0
28.20	142885	4	0	0	0	0	0	0	0	0	0
28.30	140161	4	0	0	0	0	0	0	0	0	0
28.40	137473	4	0	0	0	0	0	0	0	0	0
28.50	134821	4	0	0	0	0	0	0	0	0	0
28.60	132205	4	0	0	0	0	0	0	0	0	0
28.70	129623	4	0	0	0	0	0	0	0	0	0
28.80	127077	4	0	0	0	0	0	0	0	0	0
28.90	124565	4	0	0	0	0	0	0	0	0	0
29.00	122087	4	0	0	0	0	0	0	0	0	0
29.10	119644	4	0	0	0	0	0	0	0	0	0
29.20	117235	4	0	0	0	0	0	0	0	0	0
29.30	114859	4	0	0	0	0	0	0	0	0	0
29.40	112516	4	0	0	0	0	0	0	0	0	0
29.50	110207	4	0	0	0	0	0	0	0	0	0
29.60	107931	4	0	0	0	0	0	0	0	0	0
29.70	105687	4	0	0	0	0	0	0	0	0	0
29.80	103475	4	0	0	0	0	0	0	0	0	0
29.90	101296	4	0	0	0	0	0	0	0	0	0
30.00	99148	4	0	0	0	0	0	0	0	0	0
30.10	97032	4	0	0	0	0	0	0	0	0	0
30.20	94947	4	0	0	0	0	0	0	0	0	0
30.30	92894	4	0	0	0	0	0	0	0	0	0
30.40	90871	4	0	0	0	0	0	0	0	0	0
30.50	88879	4	0	0	0	0	0	0	0	0	0
30.60	86917	4	0	0	0	0	0	0	0	0	0
30.70	84985	4	0	0	0	0	0	0	0	0	0
30.80	83083	4	0	0	0	0	0	0	0	0	0
30.90	81210	4	0	0	0	0	0	0	0	0	0
31.00	79367	4	0	0	0	0	0	0	0	0	0
31.10	77552	4	0	0	0	0	0	0	0	0	0
31.20	75767	4	0	0	0	0	0	0	0	0	0
31.30	74010	4	0	0	0	0	0	0	0	0	0
31.40	72281	4	0	0	0	0	0	0	0	0	0
31.50	70580	4	0	0	0	0	0	0	0	0	0
31.60	68907	4	0	0	0	0	0	0	0	0	0
31.70	67262	4	0	0	0	0	0	0	0	0	0
31.80	65643	4	0	0	0	0	0	0	0	0	0
31.90	64052	4	0	0	0	0	0	0	0	0	0
32.00	62488	4	0	0	0	0	0	0	0	0	0
32.10	60950	4	0	0	0	0	0	0	0	0	0
32.20	59438	4	0	0	0	0	0	0	0	0	0
32.30	57953	4	0	0	0	0	0	0	0	0	0
32.40	56493	4	0	0	0	0	0	0	0	0	0
32.50	55059	4	0	0	0	0	0	0	0	0	0
32.60	53650	4	0	0	0	0	0	0	0	0	0
32.70	52266	4	0	0	0	0	0	0	0	0	0
32.80	50906	4	0	0	0	0	0	0	0	0	0
32.90	49572	4	0	0	0	0	0	0	0	0	0
33.00	48261	4	0	0	0	0	0	0	0	0	0
33.10	46975	4	0	0	0	0	0	0	0	0	0
33.20	45713	4	0	0	0	0	0	0	0	0	0
33.30	44474	4	0	0	0	0	0	0	0	0	0
33.40	43258	4	0	0	0	0	0	0	0	0	0
33.50	42066	4	0	0	0	0	0	0	0	0	0
33.60	40896	4	0	0	0	0	0	0	0	0	0
33.70	39749	4	0	0	0	0	0	0	0	0	0
33.80	38624	4	0	0	0	0	0	0	0	0	0
33.90	37522	4	0	0	0	0	0	0	0	0	0
34.00	36441	4	0	0	0	0	0	0	0	0	0
34.10	35382	4	0	0	0	0	0	0	0	0	0
34.20	34344	4	0	0	0	0	0	0	0	0	0
34.30	33328	4	0	0	0	0	0	0	0	0	0
34.40	32332	4	0	0	0	0	0	0	0	0	0
34.50	31357	4	0	0	0	0	0	0	0	0	0
34.60	30403	4	0	0	0	0	0	0	0	0	0
34.70	29469	4	0	0	0	0	0	0	0	0	0
34.80	28554	4	0	0	0	0	0	0	0	0	0
34.90	27660	4	0	0	0	0	0	0	0	0	0
35.00	26785	4	0	0	0	0	0	0	0	0	0
35.10	25929	4	0	0	0	0	0	0	0	0	0
35.20	25092	4	0	0	0	0	0	0	0	0	0
35.30	24274	4	0	0	0	0	0	0	0	0	0
35.40	23474	4	0	0	0	0	0	0	0	0	0
35.50	22693	4	0	0	0	0	0	0	0	0	0
35.60	21930	4	0	0	0	0	0	0	0	0	0
35.70	21185	4	0	0	0	0	0	0	0	0	0
35.80	20458	4	0	0	0	0	0	0	0	0	0
35.90	19747	4	0	0	0	0	0	0	0	0	0
36.00	19054	4	0	0	0	0	0	0	0	0	0
36.10	18378	4	0	0	0	0	0	0	0	0	0
36.20	17719	4	0	0	0	0	0	0	0	0	0
36.30	17076	4	0	0	0	0	0	0	0	0	0
36.40	16450	4	0	0	0	0	0	0	0	0	0
36.50	15839	4	0	0	0	0	0	0	0	0	0
36.60	15244	4	0	0	0	0	0	0	0	0	0
36.70	14665	4	0	0	0	0	0	0	0	0	0
36.80	14101	4	0	0	0	0	0	0	0	0	0
36.90	13552	4	0	0	0	0	0	0	0	0	0
37.00	13018	4	0	0	0	0	0	0	0	0	0
37.10	12499	4	0	0	0	0	0	0	0	0	0
37.20	11994	4	0	0	0	0	0	0	0	0	0
37.30	11504	4	0	0	0	0	0	0	0	0	0
37.40	11027	4	0	0	0	0	0	0	0	0	0
37.50	10565	4	0	0	0	0	0	0	0	0	0
37.60	10115	4	0	0	0	0	0	0	0	0	0
37.70	9679	4	0	0	0	0	0	0	0	0	0
37.80	9257	4	0	0	0	0	0	0	0	0	0
37.90	8847	4	0	0	0	0	0	0	0	0	0
38.00	8450	4	0	0	0	0	0	0	0	0	0
38.10	8065	4	0	0	0	0	0	0	0	0	0
38.20	7692	4	0	0	0	0	0	0	0	0	0
38.30	7332	4	0	0	0	0	0	0	0	0	0
38.40	6983	4	0	0	0	0	0	0	0	0	0
38.50	6646	4	0	0	0	0	0	0	0	0	0
38.60	6320	4	0	0	0	0	0	0	0	0	0
38.70	6006	4	0	0	0	0	0	0	0	0	0
38.80	5702	4	0	0	0	0	0	0	0	0	0
38.90	5410	4	0	0	0	0	0	0	0	0	0
39.00	5127	4	0	0	0	0	0	0	0	0	0
39.10	4855	4	0	0	0	0	0	0	0	0	0
39.20	4593	4	0	0	0	0	0	0	0	0	0
39.30	4341	4	0	0	0	0	0	0	0	0	0
39.40	4099	4	0	0	0	0	0	0	0	0	0
39.50	3866	4	0	0	0	0	0	0	0	0	0
39.60	3643	4	0	0	0	0	0	0	0	0	0
39.70	3428	4	0	0	0	0	0	0	0	0	0
39.80	3223	4	0	0	0	0	0	0	0	0	0
39.90	3026	4	0	0	0	0	0	0	0	0	0
40.00	2837	4	0	0	0	0	0	0	0	0	0
40.10	2657	4	0	0	0	0	0	0	0	0	0
40.20	2485	4	0	0	0	0	0	0	0	0	0
40.30	2320	4	0	0	0	0	0	0	0	0	0
40.40	2164	4	0	0	0	0	0	0	0	0	0
40.50	2014	4	0	0	0	0	0	0	0	0	0
40.60	1872	4	0	0	0	0	0	0	0	0	0
40.70	1737	4	0	0	0	0	0	0	0	0	0
40.80	1609	4	0	0	0	0	0	0	0	0	0
40.90	1488	4	0	0	0	0	0	0	0	0	0
41.00	1373	4	0	0	0	0	0	0	0	0	0
41.10	1264	4	0	0	0	0	0	0	0	0	0
41.20	1161	4	0	0	0	0	0	0	0	0	0
41.30	1065	4	0	0	0	0	0	0	0	0	0
41.40	974	4	0	0	0	0	0	0	0	0	0
41.50	888	4	0	0	0	0	0	0	0	0	0
41.60	808	4	0	0	0	0	0	0	0	0	0
41.70	733	4	0	0	0	0	0	0	0	0	0
41.80	663	4	0	0	0	0	0	0	0	0	0
41.90	597	4	0	0	0	0	0	0	0	0	0
42.00	537	4	0	0	0	0	0	0	0	0	0
42.10	480	4	0	0	0	0	0	0	0	0	0
42.20	428	4	0	0	0	0	0	0	0	0	0
42.30	380	4	0	0	0	0	0	0	0	0	0
42.40	336	4	0	0	0	0	0	0	0	0	0
42.50	295	4	0	0	0	0	0	0	0	0	0
42.60	258	4	0	0	0	0	0	0	0	0	0
42.70	224	4	0	0	0	0	0	0	0	0	0
42.80	194	4	0	0	0	0	0	0	0	0	0
42.90	166	4	0	0	0	0	0	0	0	0	0
43.00	142	4	0	0	0	0	0	0	0	0	0
43.10	119	4	0	0	0	0	0	0	0	0	0
43.20	100	4	0	0	0	0	0	0	0	0	0
43.30	83	4	0	0	0	0	0	0	0	0	0
43.40	68	4	0	0	0	0	0	0	0	0	0
43.50	54	4	0	0	0	0	0	0	0	0	0
43.60	43	4	0	0	0	0	0	0	0	0	0
43.70	34	4	0	0	0	0	0	0	0	0	0
43.80	26	4	0	0	0	0	0	0	0	0	0
43.90	19	4	0	0	0	0	0	0	0	0	0
44.00	14	4	0	0	0	0	0	0	0	0	0
44.10	10	4	0	0	0	0	0	0	0	0	0
44.20	6	4	0	0	0	0	0	0	0	0	0
44.30	4	4	0	0	0	0	0	0	0	0	0
44.40	2	4	0	0	0	0	0	0	0	0	0
44.50	1	4	0	0	0	0	0	0	0	0	0
44.60	1	4	0	0	0	0	0	0	0	0	0
44.70	0	4	0	0	0	0	0	0	0	0	0
44.80	0	4	0	0	0	0	0	0	0	0	0
44.90	0	4	0	0	0	0	0	0	0	0	0
44.95	0	4	0	0	0	0	0	0	0	0	0