-999	"MyLake init"
Z (m)	Az (m2)	Tz (deg C)	Cz	Sz (kg/m3)	TPz (mg/m3)	DOPz (mg/m3)	Chlaz (mg/m3)	DOCz (mg/m3)	TPz_sed (mg/m3)	Chlaz_sed (mg/m3)	"Fvol_IM (m3/m3	 dry w.)"	Hice (m)	Hsnow (m)
0.00	2756016	4	0	0	0	0	0	0	0	0	0	0	0
0.10	2743215	4	0	0	0	0	0	0	0	0	0
0.20	2730409	4	0	0	0	0	0	0	0	0	0
0.30	2717598	4	0	0	0	0	0	0	0	0	0
0.40	2704783	4	0	0	0	0	0	0	0	0	0
0.50	2691963	4	0	0	0	0	0	0	0	0	0
0.60	2679138	4	0	0	0	0	0	0	0	0	0
0.70	2666309	4	0	0	0	0	0	0	0	0	0
0.80	2653475	4	0	0	0	0	0	0	0	0	0
0.90	2640636	4	0	0	0	0	0	0	0	0	0
1.00	2627792	4	0	0	0	0	0	0	0	0	0
1.10	2614944	4	0	0	0	0	0	0	0	0	0
1.20	2602091	4	0	0	0	0	0	0	0	0	0
1.30	2589233	4	0	0	0	0	0	0	0	0	0
1.40	2576370	4	0	0	0	0	0	0	0	0	0
1.50	2563502	4	0	0	0	0	0	0	0	0	0
1.60	2550629	4	0	0	0	0	0	0	0	0	0
1.70	2537752	4	0	0	0	0	0	0	0	0	0
1.80	2524869	4	0	0	0	0	0	0	0	0	0
1.90	2511981	4	0	0	0	0	0	0	0	0	0
2.00	2499088	4	0	0	0	0	0	0	0	0	0
2.10	2486190	4	0	0	0	0	0	0	0	0	0
2.20	2473287	4	0	0	0	0	0	0	0	0	0
2.30	2460379	4	0	0	0	0	0	0	0	0	0
2.40	2447466	4	0	0	0	0	0	0	0	0	0
2.50	2434547	4	0	0	0	0	0	0	0	0	0
2.60	2421624	4	0	0	0	0	0	0	0	0	0
2.70	2408695	4	0	0	0	0	0	0	0	0	0
2.80	2395760	4	0	0	0	0	0	0	0	0	0
2.90	2382821	4	0	0	0	0	0	0	0	0	0
3.00	2369876	4	0	0	0	0	0	0	0	0	0
3.10	2356925	4	0	0	0	0	0	0	0	0	0
3.20	2343969	4	0	0	0	0	0	0	0	0	0
3.30	2331008	4	0	0	0	0	0	0	0	0	0
3.40	2318041	4	0	0	0	0	0	0	0	0	0
3.50	2305069	4	0	0	0	0	0	0	0	0	0
3.60	2292091	4	0	0	0	0	0	0	0	0	0
3.70	2279107	4	0	0	0	0	0	0	0	0	0
3.80	2266118	4	0	0	0	0	0	0	0	0	0
3.90	2253123	4	0	0	0	0	0	0	0	0	0
4.00	2240122	4	0	0	0	0	0	0	0	0	0
4.10	2227116	4	0	0	0	0	0	0	0	0	0
4.20	2214103	4	0	0	0	0	0	0	0	0	0
4.30	2201085	4	0	0	0	0	0	0	0	0	0
4.40	2188061	4	0	0	0	0	0	0	0	0	0
4.50	2175031	4	0	0	0	0	0	0	0	0	0
4.60	2161995	4	0	0	0	0	0	0	0	0	0
4.70	2148953	4	0	0	0	0	0	0	0	0	0
4.80	2135906	4	0	0	0	0	0	0	0	0	0
4.90	2122852	4	0	0	0	0	0	0	0	0	0
5.00	2109791	4	0	0	0	0	0	0	0	0	0
5.10	2096725	4	0	0	0	0	0	0	0	0	0
5.20	2083652	4	0	0	0	0	0	0	0	0	0
5.30	2070574	4	0	0	0	0	0	0	0	0	0
5.40	2057488	4	0	0	0	0	0	0	0	0	0
5.50	2044397	4	0	0	0	0	0	0	0	0	0
5.60	2031299	4	0	0	0	0	0	0	0	0	0
5.70	2018195	4	0	0	0	0	0	0	0	0	0
5.80	2005084	4	0	0	0	0	0	0	0	0	0
5.90	1991966	4	0	0	0	0	0	0	0	0	0
6.00	1978842	4	0	0	0	0	0	0	0	0	0
6.10	1965711	4	0	0	0	0	0	0	0	0	0
6.20	1952574	4	0	0	0	0	0	0	0	0	0
6.30	1939430	4	0	0	0	0	0	0	0	0	0
6.40	1926279	4	0	0	0	0	0	0	0	0	0
6.50	1913121	4	0	0	0	0	0	0	0	0	0
6.60	1899956	4	0	0	0	0	0	0	0	0	0
6.70	1886784	4	0	0	0	0	0	0	0	0	0
6.80	1873606	4	0	0	0	0	0	0	0	0	0
6.90	1860420	4	0	0	0	0	0	0	0	0	0
7.00	1847227	4	0	0	0	0	0	0	0	0	0
7.10	1834027	4	0	0	0	0	0	0	0	0	0
7.20	1820819	4	0	0	0	0	0	0	0	0	0
7.30	1807604	4	0	0	0	0	0	0	0	0	0
7.40	1794382	4	0	0	0	0	0	0	0	0	0
7.50	1781153	4	0	0	0	0	0	0	0	0	0
7.60	1767915	4	0	0	0	0	0	0	0	0	0
7.70	1754671	4	0	0	0	0	0	0	0	0	0
7.80	1741418	4	0	0	0	0	0	0	0	0	0
7.90	1728158	4	0	0	0	0	0	0	0	0	0
8.00	1714890	4	0	0	0	0	0	0	0	0	0
8.10	1701615	4	0	0	0	0	0	0	0	0	0
8.20	1688331	4	0	0	0	0	0	0	0	0	0
8.30	1675040	4	0	0	0	0	0	0	0	0	0
8.40	1661740	4	0	0	0	0	0	0	0	0	0
8.50	1648432	4	0	0	0	0	0	0	0	0	0
8.60	1635116	4	0	0	0	0	0	0	0	0	0
8.70	1621792	4	0	0	0	0	0	0	0	0	0
8.80	1608459	4	0	0	0	0	0	0	0	0	0
8.90	1595118	4	0	0	0	0	0	0	0	0	0
9.00	1581768	4	0	0	0	0	0	0	0	0	0
9.10	1568410	4	0	0	0	0	0	0	0	0	0
9.20	1555043	4	0	0	0	0	0	0	0	0	0
9.30	1541667	4	0	0	0	0	0	0	0	0	0
9.40	1528283	4	0	0	0	0	0	0	0	0	0
9.50	1514889	4	0	0	0	0	0	0	0	0	0
9.60	1501486	4	0	0	0	0	0	0	0	0	0
9.70	1488075	4	0	0	0	0	0	0	0	0	0
9.80	1474654	4	0	0	0	0	0	0	0	0	0
9.90	1461223	4	0	0	0	0	0	0	0	0	0
10.00	1447783	4	0	0	0	0	0	0	0	0	0
10.10	1434334	4	0	0	0	0	0	0	0	0	0
10.20	1420875	4	0	0	0	0	0	0	0	0	0
10.30	1407406	4	0	0	0	0	0	0	0	0	0
10.40	1393928	4	0	0	0	0	0	0	0	0	0
10.50	1380439	4	0	0	0	0	0	0	0	0	0
10.60	1366941	4	0	0	0	0	0	0	0	0	0
10.70	1353432	4	0	0	0	0	0	0	0	0	0
10.80	1339913	4	0	0	0	0	0	0	0	0	0
10.90	1326383	4	0	0	0	0	0	0	0	0	0
11.00	1312843	4	0	0	0	0	0	0	0	0	0
11.10	1299292	4	0	0	0	0	0	0	0	0	0
11.20	1285730	4	0	0	0	0	0	0	0	0	0
11.30	1272158	4	0	0	0	0	0	0	0	0	0
11.40	1258574	4	0	0	0	0	0	0	0	0	0
11.50	1244979	4	0	0	0	0	0	0	0	0	0
11.60	1231373	4	0	0	0	0	0	0	0	0	0
11.70	1217756	4	0	0	0	0	0	0	0	0	0
11.80	1204126	4	0	0	0	0	0	0	0	0	0
11.90	1190485	4	0	0	0	0	0	0	0	0	0
12.00	1176832	4	0	0	0	0	0	0	0	0	0
12.10	1163167	4	0	0	0	0	0	0	0	0	0
12.20	1149489	4	0	0	0	0	0	0	0	0	0
12.30	1135799	4	0	0	0	0	0	0	0	0	0
12.40	1122097	4	0	0	0	0	0	0	0	0	0
12.50	1108382	4	0	0	0	0	0	0	0	0	0
12.60	1094653	4	0	0	0	0	0	0	0	0	0
12.70	1080912	4	0	0	0	0	0	0	0	0	0
12.80	1067157	4	0	0	0	0	0	0	0	0	0
12.90	1053389	4	0	0	0	0	0	0	0	0	0
13.00	1039606	4	0	0	0	0	0	0	0	0	0
13.10	1025810	4	0	0	0	0	0	0	0	0	0
13.20	1012000	4	0	0	0	0	0	0	0	0	0
13.30	998175	4	0	0	0	0	0	0	0	0	0
13.40	984336	4	0	0	0	0	0	0	0	0	0
13.50	970481	4	0	0	0	0	0	0	0	0	0
13.60	956612	4	0	0	0	0	0	0	0	0	0
13.70	942727	4	0	0	0	0	0	0	0	0	0
13.80	928827	4	0	0	0	0	0	0	0	0	0
13.90	914910	4	0	0	0	0	0	0	0	0	0
14.00	900978	4	0	0	0	0	0	0	0	0	0
14.10	887029	4	0	0	0	0	0	0	0	0	0
14.20	873063	4	0	0	0	0	0	0	0	0	0
14.30	859080	4	0	0	0	0	0	0	0	0	0
14.40	845080	4	0	0	0	0	0	0	0	0	0
14.50	831062	4	0	0	0	0	0	0	0	0	0
14.60	817026	4	0	0	0	0	0	0	0	0	0
14.70	802971	4	0	0	0	0	0	0	0	0	0
14.80	788898	4	0	0	0	0	0	0	0	0	0
14.90	774805	4	0	0	0	0	0	0	0	0	0
15.00	760693	4	0	0	0	0	0	0	0	0	0
15.10	746560	4	0	0	0	0	0	0	0	0	0
15.20	732408	4	0	0	0	0	0	0	0	0	0
15.30	718234	4	0	0	0	0	0	0	0	0	0
15.40	704039	4	0	0	0	0	0	0	0	0	0
15.50	689822	4	0	0	0	0	0	0	0	0	0
15.60	675583	4	0	0	0	0	0	0	0	0	0
15.70	661320	4	0	0	0	0	0	0	0	0	0
15.80	647034	4	0	0	0	0	0	0	0	0	0
15.90	632724	4	0	0	0	0	0	0	0	0	0
16.00	618389	4	0	0	0	0	0	0	0	0	0
16.10	604029	4	0	0	0	0	0	0	0	0	0
16.20	589643	4	0	0	0	0	0	0	0	0	0
16.30	575229	4	0	0	0	0	0	0	0	0	0
16.40	560789	4	0	0	0	0	0	0	0	0	0
16.50	546319	4	0	0	0	0	0	0	0	0	0
16.60	531820	4	0	0	0	0	0	0	0	0	0
16.70	517291	4	0	0	0	0	0	0	0	0	0
16.80	502731	4	0	0	0	0	0	0	0	0	0
16.90	488139	4	0	0	0	0	0	0	0	0	0
17.00	473513	4	0	0	0	0	0	0	0	0	0
17.10	458852	4	0	0	0	0	0	0	0	0	0
17.20	444156	4	0	0	0	0	0	0	0	0	0
17.30	429422	4	0	0	0	0	0	0	0	0	0
17.40	414649	4	0	0	0	0	0	0	0	0	0
17.50	399837	4	0	0	0	0	0	0	0	0	0
17.60	384982	4	0	0	0	0	0	0	0	0	0
17.70	370083	4	0	0	0	0	0	0	0	0	0
17.80	355138	4	0	0	0	0	0	0	0	0	0
17.90	340145	4	0	0	0	0	0	0	0	0	0
18.00	325101	4	0	0	0	0	0	0	0	0	0
18.10	310004	4	0	0	0	0	0	0	0	0	0
18.20	294851	4	0	0	0	0	0	0	0	0	0
18.30	279638	4	0	0	0	0	0	0	0	0	0
18.40	264361	4	0	0	0	0	0	0	0	0	0
18.50	249016	4	0	0	0	0	0	0	0	0	0
18.60	233599	4	0	0	0	0	0	0	0	0	0
18.70	218104	4	0	0	0	0	0	0	0	0	0
18.80	202524	4	0	0	0	0	0	0	0	0	0
18.90	186851	4	0	0	0	0	0	0	0	0	0
19.00	171078	4	0	0	0	0	0	0	0	0	0
19.10	155192	4	0	0	0	0	0	0	0	0	0
19.20	139181	4	0	0	0	0	0	0	0	0	0
19.30	123028	4	0	0	0	0	0	0	0	0	0
19.40	106710	4	0	0	0	0	0	0	0	0	0
19.50	90199	4	0	0	0	0	0	0	0	0	0
19.60	73451	4	0	0	0	0	0	0	0	0	0
19.70	56404	4	0	0	0	0	0	0	0	0	0
19.80	38947	4	0	0	0	0	0	0	0	0	0
19.90	20842	4	0	0	0	0	0	0	0	0	0
20.00	1046	4	0	0	0	0	0	0	0	0	0
20.00	0	4	0	0	0	0	0	0	0	0	0