-999	"MyLake init"
Z (m)	Az (m2)	Tz (deg C)	Cz	Sz (kg/m3)	TPz (mg/m3)	DOPz (mg/m3)	Chlaz (mg/m3)	DOCz (mg/m3)	TPz_sed (mg/m3)	Chlaz_sed (mg/m3)	"Fvol_IM (m3/m3	 dry w.)"	Hice (m)	Hsnow (m)
0.00	12734192	4	0	0	0	0	0	0	0	0	0	0	0
0.10	12693334	4	0	0	0	0	0	0	0	0	0
0.20	12652428	4	0	0	0	0	0	0	0	0	0
0.30	12611473	4	0	0	0	0	0	0	0	0	0
0.40	12570470	4	0	0	0	0	0	0	0	0	0
0.50	12529418	4	0	0	0	0	0	0	0	0	0
0.60	12488316	4	0	0	0	0	0	0	0	0	0
0.70	12447166	4	0	0	0	0	0	0	0	0	0
0.80	12405965	4	0	0	0	0	0	0	0	0	0
0.90	12364714	4	0	0	0	0	0	0	0	0	0
1.00	12323413	4	0	0	0	0	0	0	0	0	0
1.10	12282061	4	0	0	0	0	0	0	0	0	0
1.20	12240659	4	0	0	0	0	0	0	0	0	0
1.30	12199205	4	0	0	0	0	0	0	0	0	0
1.40	12157699	4	0	0	0	0	0	0	0	0	0
1.50	12116142	4	0	0	0	0	0	0	0	0	0
1.60	12074533	4	0	0	0	0	0	0	0	0	0
1.70	12032871	4	0	0	0	0	0	0	0	0	0
1.80	11991156	4	0	0	0	0	0	0	0	0	0
1.90	11949388	4	0	0	0	0	0	0	0	0	0
2.00	11907567	4	0	0	0	0	0	0	0	0	0
2.10	11865692	4	0	0	0	0	0	0	0	0	0
2.20	11823763	4	0	0	0	0	0	0	0	0	0
2.30	11781780	4	0	0	0	0	0	0	0	0	0
2.40	11739742	4	0	0	0	0	0	0	0	0	0
2.50	11697649	4	0	0	0	0	0	0	0	0	0
2.60	11655500	4	0	0	0	0	0	0	0	0	0
2.70	11613295	4	0	0	0	0	0	0	0	0	0
2.80	11571035	4	0	0	0	0	0	0	0	0	0
2.90	11528718	4	0	0	0	0	0	0	0	0	0
3.00	11486344	4	0	0	0	0	0	0	0	0	0
3.10	11443913	4	0	0	0	0	0	0	0	0	0
3.20	11401424	4	0	0	0	0	0	0	0	0	0
3.30	11358878	4	0	0	0	0	0	0	0	0	0
3.40	11316273	4	0	0	0	0	0	0	0	0	0
3.50	11273609	4	0	0	0	0	0	0	0	0	0
3.60	11230887	4	0	0	0	0	0	0	0	0	0
3.70	11188104	4	0	0	0	0	0	0	0	0	0
3.80	11145262	4	0	0	0	0	0	0	0	0	0
3.90	11102360	4	0	0	0	0	0	0	0	0	0
4.00	11059397	4	0	0	0	0	0	0	0	0	0
4.10	11016373	4	0	0	0	0	0	0	0	0	0
4.20	10973288	4	0	0	0	0	0	0	0	0	0
4.30	10930140	4	0	0	0	0	0	0	0	0	0
4.40	10886930	4	0	0	0	0	0	0	0	0	0
4.50	10843658	4	0	0	0	0	0	0	0	0	0
4.60	10800322	4	0	0	0	0	0	0	0	0	0
4.70	10756923	4	0	0	0	0	0	0	0	0	0
4.80	10713459	4	0	0	0	0	0	0	0	0	0
4.90	10669931	4	0	0	0	0	0	0	0	0	0
5.00	10626338	4	0	0	0	0	0	0	0	0	0
5.10	10582680	4	0	0	0	0	0	0	0	0	0
5.20	10538956	4	0	0	0	0	0	0	0	0	0
5.30	10495165	4	0	0	0	0	0	0	0	0	0
5.40	10451307	4	0	0	0	0	0	0	0	0	0
5.50	10407383	4	0	0	0	0	0	0	0	0	0
5.60	10363390	4	0	0	0	0	0	0	0	0	0
5.70	10319329	4	0	0	0	0	0	0	0	0	0
5.80	10275199	4	0	0	0	0	0	0	0	0	0
5.90	10230999	4	0	0	0	0	0	0	0	0	0
6.00	10186730	4	0	0	0	0	0	0	0	0	0
6.10	10142390	4	0	0	0	0	0	0	0	0	0
6.20	10097980	4	0	0	0	0	0	0	0	0	0
6.30	10053498	4	0	0	0	0	0	0	0	0	0
6.40	10008943	4	0	0	0	0	0	0	0	0	0
6.50	9964317	4	0	0	0	0	0	0	0	0	0
6.60	9919617	4	0	0	0	0	0	0	0	0	0
6.70	9874843	4	0	0	0	0	0	0	0	0	0
6.80	9829995	4	0	0	0	0	0	0	0	0	0
6.90	9785072	4	0	0	0	0	0	0	0	0	0
7.00	9740074	4	0	0	0	0	0	0	0	0	0
7.10	9695000	4	0	0	0	0	0	0	0	0	0
7.20	9649848	4	0	0	0	0	0	0	0	0	0
7.30	9604620	4	0	0	0	0	0	0	0	0	0
7.40	9559314	4	0	0	0	0	0	0	0	0	0
7.50	9513929	4	0	0	0	0	0	0	0	0	0
7.60	9468464	4	0	0	0	0	0	0	0	0	0
7.70	9422920	4	0	0	0	0	0	0	0	0	0
7.80	9377295	4	0	0	0	0	0	0	0	0	0
7.90	9331589	4	0	0	0	0	0	0	0	0	0
8.00	9285801	4	0	0	0	0	0	0	0	0	0
8.10	9239930	4	0	0	0	0	0	0	0	0	0
8.20	9193976	4	0	0	0	0	0	0	0	0	0
8.30	9147938	4	0	0	0	0	0	0	0	0	0
8.40	9101815	4	0	0	0	0	0	0	0	0	0
8.50	9055607	4	0	0	0	0	0	0	0	0	0
8.60	9009312	4	0	0	0	0	0	0	0	0	0
8.70	8962930	4	0	0	0	0	0	0	0	0	0
8.80	8916460	4	0	0	0	0	0	0	0	0	0
8.90	8869902	4	0	0	0	0	0	0	0	0	0
9.00	8823254	4	0	0	0	0	0	0	0	0	0
9.10	8776515	4	0	0	0	0	0	0	0	0	0
9.20	8729686	4	0	0	0	0	0	0	0	0	0
9.30	8682765	4	0	0	0	0	0	0	0	0	0
9.40	8635750	4	0	0	0	0	0	0	0	0	0
9.50	8588642	4	0	0	0	0	0	0	0	0	0
9.60	8541440	4	0	0	0	0	0	0	0	0	0
9.70	8494142	4	0	0	0	0	0	0	0	0	0
9.80	8446747	4	0	0	0	0	0	0	0	0	0
9.90	8399255	4	0	0	0	0	0	0	0	0	0
10.00	8351665	4	0	0	0	0	0	0	0	0	0
10.10	8303976	4	0	0	0	0	0	0	0	0	0
10.20	8256186	4	0	0	0	0	0	0	0	0	0
10.30	8208295	4	0	0	0	0	0	0	0	0	0
10.40	8160301	4	0	0	0	0	0	0	0	0	0
10.50	8112204	4	0	0	0	0	0	0	0	0	0
10.60	8064003	4	0	0	0	0	0	0	0	0	0
10.70	8015696	4	0	0	0	0	0	0	0	0	0
10.80	7967283	4	0	0	0	0	0	0	0	0	0
10.90	7918762	4	0	0	0	0	0	0	0	0	0
11.00	7870132	4	0	0	0	0	0	0	0	0	0
11.10	7821391	4	0	0	0	0	0	0	0	0	0
11.20	7772540	4	0	0	0	0	0	0	0	0	0
11.30	7723576	4	0	0	0	0	0	0	0	0	0
11.40	7674499	4	0	0	0	0	0	0	0	0	0
11.50	7625306	4	0	0	0	0	0	0	0	0	0
11.60	7575998	4	0	0	0	0	0	0	0	0	0
11.70	7526571	4	0	0	0	0	0	0	0	0	0
11.80	7477026	4	0	0	0	0	0	0	0	0	0
11.90	7427361	4	0	0	0	0	0	0	0	0	0
12.00	7377574	4	0	0	0	0	0	0	0	0	0
12.10	7327663	4	0	0	0	0	0	0	0	0	0
12.20	7277629	4	0	0	0	0	0	0	0	0	0
12.30	7227468	4	0	0	0	0	0	0	0	0	0
12.40	7177180	4	0	0	0	0	0	0	0	0	0
12.50	7126762	4	0	0	0	0	0	0	0	0	0
12.60	7076214	4	0	0	0	0	0	0	0	0	0
12.70	7025534	4	0	0	0	0	0	0	0	0	0
12.80	6974720	4	0	0	0	0	0	0	0	0	0
12.90	6923770	4	0	0	0	0	0	0	0	0	0
13.00	6872682	4	0	0	0	0	0	0	0	0	0
13.10	6821456	4	0	0	0	0	0	0	0	0	0
13.20	6770088	4	0	0	0	0	0	0	0	0	0
13.30	6718578	4	0	0	0	0	0	0	0	0	0
13.40	6666923	4	0	0	0	0	0	0	0	0	0
13.50	6615121	4	0	0	0	0	0	0	0	0	0
13.60	6563171	4	0	0	0	0	0	0	0	0	0
13.70	6511070	4	0	0	0	0	0	0	0	0	0
13.80	6458816	4	0	0	0	0	0	0	0	0	0
13.90	6406407	4	0	0	0	0	0	0	0	0	0
14.00	6353841	4	0	0	0	0	0	0	0	0	0
14.10	6301116	4	0	0	0	0	0	0	0	0	0
14.20	6248229	4	0	0	0	0	0	0	0	0	0
14.30	6195178	4	0	0	0	0	0	0	0	0	0
14.40	6141960	4	0	0	0	0	0	0	0	0	0
14.50	6088573	4	0	0	0	0	0	0	0	0	0
14.60	6035015	4	0	0	0	0	0	0	0	0	0
14.70	5981282	4	0	0	0	0	0	0	0	0	0
14.80	5927373	4	0	0	0	0	0	0	0	0	0
14.90	5873283	4	0	0	0	0	0	0	0	0	0
15.00	5819011	4	0	0	0	0	0	0	0	0	0
15.10	5764554	4	0	0	0	0	0	0	0	0	0
15.20	5709907	4	0	0	0	0	0	0	0	0	0
15.30	5655069	4	0	0	0	0	0	0	0	0	0
15.40	5600036	4	0	0	0	0	0	0	0	0	0
15.50	5544805	4	0	0	0	0	0	0	0	0	0
15.60	5489372	4	0	0	0	0	0	0	0	0	0
15.70	5433733	4	0	0	0	0	0	0	0	0	0
15.80	5377886	4	0	0	0	0	0	0	0	0	0
15.90	5321825	4	0	0	0	0	0	0	0	0	0
16.00	5265548	4	0	0	0	0	0	0	0	0	0
16.10	5209051	4	0	0	0	0	0	0	0	0	0
16.20	5152328	4	0	0	0	0	0	0	0	0	0
16.30	5095377	4	0	0	0	0	0	0	0	0	0
16.40	5038192	4	0	0	0	0	0	0	0	0	0
16.50	4980768	4	0	0	0	0	0	0	0	0	0
16.60	4923102	4	0	0	0	0	0	0	0	0	0
16.70	4865188	4	0	0	0	0	0	0	0	0	0
16.80	4807021	4	0	0	0	0	0	0	0	0	0
16.90	4748595	4	0	0	0	0	0	0	0	0	0
17.00	4689906	4	0	0	0	0	0	0	0	0	0
17.10	4630946	4	0	0	0	0	0	0	0	0	0
17.20	4571712	4	0	0	0	0	0	0	0	0	0
17.30	4512195	4	0	0	0	0	0	0	0	0	0
17.40	4452390	4	0	0	0	0	0	0	0	0	0
17.50	4392291	4	0	0	0	0	0	0	0	0	0
17.60	4331889	4	0	0	0	0	0	0	0	0	0
17.70	4271178	4	0	0	0	0	0	0	0	0	0
17.80	4210149	4	0	0	0	0	0	0	0	0	0
17.90	4148796	4	0	0	0	0	0	0	0	0	0
18.00	4087110	4	0	0	0	0	0	0	0	0	0
18.10	4025081	4	0	0	0	0	0	0	0	0	0
18.20	3962701	4	0	0	0	0	0	0	0	0	0
18.30	3899960	4	0	0	0	0	0	0	0	0	0
18.40	3836848	4	0	0	0	0	0	0	0	0	0
18.50	3773354	4	0	0	0	0	0	0	0	0	0
18.60	3709467	4	0	0	0	0	0	0	0	0	0
18.70	3645176	4	0	0	0	0	0	0	0	0	0
18.80	3580468	4	0	0	0	0	0	0	0	0	0
18.90	3515329	4	0	0	0	0	0	0	0	0	0
19.00	3449746	4	0	0	0	0	0	0	0	0	0
19.10	3383705	4	0	0	0	0	0	0	0	0	0
19.20	3317189	4	0	0	0	0	0	0	0	0	0
19.30	3250182	4	0	0	0	0	0	0	0	0	0
19.40	3182666	4	0	0	0	0	0	0	0	0	0
19.50	3114623	4	0	0	0	0	0	0	0	0	0
19.60	3046032	4	0	0	0	0	0	0	0	0	0
19.70	2976871	4	0	0	0	0	0	0	0	0	0
19.80	2907119	4	0	0	0	0	0	0	0	0	0
19.90	2836749	4	0	0	0	0	0	0	0	0	0
20.00	2765736	4	0	0	0	0	0	0	0	0	0
20.10	2694050	4	0	0	0	0	0	0	0	0	0
20.20	2621660	4	0	0	0	0	0	0	0	0	0
20.30	2548531	4	0	0	0	0	0	0	0	0	0
20.40	2474628	4	0	0	0	0	0	0	0	0	0
20.50	2399909	4	0	0	0	0	0	0	0	0	0
20.60	2324330	4	0	0	0	0	0	0	0	0	0
20.70	2247842	4	0	0	0	0	0	0	0	0	0
20.80	2170390	4	0	0	0	0	0	0	0	0	0
20.90	2091915	4	0	0	0	0	0	0	0	0	0
21.00	2012348	4	0	0	0	0	0	0	0	0	0
21.10	1931615	4	0	0	0	0	0	0	0	0	0
21.20	1849629	4	0	0	0	0	0	0	0	0	0
21.30	1766292	4	0	0	0	0	0	0	0	0	0
21.40	1681492	4	0	0	0	0	0	0	0	0	0
21.50	1595099	4	0	0	0	0	0	0	0	0	0
21.60	1506959	4	0	0	0	0	0	0	0	0	0
21.70	1416894	4	0	0	0	0	0	0	0	0	0
21.80	1324683	4	0	0	0	0	0	0	0	0	0
21.90	1230063	4	0	0	0	0	0	0	0	0	0
22.00	1132701	4	0	0	0	0	0	0	0	0	0
22.10	1032176	4	0	0	0	0	0	0	0	0	0
22.20	927930	4	0	0	0	0	0	0	0	0	0
22.30	819205	4	0	0	0	0	0	0	0	0	0
22.40	704908	4	0	0	0	0	0	0	0	0	0
22.50	583354	4	0	0	0	0	0	0	0	0	0
22.60	451640	4	0	0	0	0	0	0	0	0	0
22.70	303732	4	0	0	0	0	0	0	0	0	0
22.80	119889	4	0	0	0	0	0	0	0	0	0
22.84	0	4	0	0	0	0	0	0	0	0	0