-999	"MyLake init"
Z (m)	Az (m2)	Tz (deg C)	Cz	Sz (kg/m3)	TPz (mg/m3)	DOPz (mg/m3)	Chlaz (mg/m3)	DOCz (mg/m3)	TPz_sed (mg/m3)	Chlaz_sed (mg/m3)	"Fvol_IM (m3/m3	 dry w.)"	Hice (m)	Hsnow (m)
0.00	7141816	4	0	0	0	0	0	0	0	0	0	0	0
0.10	7108583	4	0	0	0	0	0	0	0	0	0
0.20	7075381	4	0	0	0	0	0	0	0	0	0
0.30	7042210	4	0	0	0	0	0	0	0	0	0
0.40	7009070	4	0	0	0	0	0	0	0	0	0
0.50	6975961	4	0	0	0	0	0	0	0	0	0
0.60	6942883	4	0	0	0	0	0	0	0	0	0
0.70	6909836	4	0	0	0	0	0	0	0	0	0
0.80	6876820	4	0	0	0	0	0	0	0	0	0
0.90	6843836	4	0	0	0	0	0	0	0	0	0
1.00	6810883	4	0	0	0	0	0	0	0	0	0
1.10	6777962	4	0	0	0	0	0	0	0	0	0
1.20	6745072	4	0	0	0	0	0	0	0	0	0
1.30	6712214	4	0	0	0	0	0	0	0	0	0
1.40	6679388	4	0	0	0	0	0	0	0	0	0
1.50	6646594	4	0	0	0	0	0	0	0	0	0
1.60	6613832	4	0	0	0	0	0	0	0	0	0
1.70	6581102	4	0	0	0	0	0	0	0	0	0
1.80	6548404	4	0	0	0	0	0	0	0	0	0
1.90	6515738	4	0	0	0	0	0	0	0	0	0
2.00	6483105	4	0	0	0	0	0	0	0	0	0
2.10	6450505	4	0	0	0	0	0	0	0	0	0
2.20	6417937	4	0	0	0	0	0	0	0	0	0
2.30	6385402	4	0	0	0	0	0	0	0	0	0
2.40	6352899	4	0	0	0	0	0	0	0	0	0
2.50	6320430	4	0	0	0	0	0	0	0	0	0
2.60	6287993	4	0	0	0	0	0	0	0	0	0
2.70	6255590	4	0	0	0	0	0	0	0	0	0
2.80	6223219	4	0	0	0	0	0	0	0	0	0
2.90	6190882	4	0	0	0	0	0	0	0	0	0
3.00	6158579	4	0	0	0	0	0	0	0	0	0
3.10	6126309	4	0	0	0	0	0	0	0	0	0
3.20	6094073	4	0	0	0	0	0	0	0	0	0
3.30	6061870	4	0	0	0	0	0	0	0	0	0
3.40	6029701	4	0	0	0	0	0	0	0	0	0
3.50	5997567	4	0	0	0	0	0	0	0	0	0
3.60	5965466	4	0	0	0	0	0	0	0	0	0
3.70	5933399	4	0	0	0	0	0	0	0	0	0
3.80	5901367	4	0	0	0	0	0	0	0	0	0
3.90	5869369	4	0	0	0	0	0	0	0	0	0
4.00	5837406	4	0	0	0	0	0	0	0	0	0
4.10	5805478	4	0	0	0	0	0	0	0	0	0
4.20	5773584	4	0	0	0	0	0	0	0	0	0
4.30	5741725	4	0	0	0	0	0	0	0	0	0
4.40	5709900	4	0	0	0	0	0	0	0	0	0
4.50	5678111	4	0	0	0	0	0	0	0	0	0
4.60	5646358	4	0	0	0	0	0	0	0	0	0
4.70	5614639	4	0	0	0	0	0	0	0	0	0
4.80	5582956	4	0	0	0	0	0	0	0	0	0
4.90	5551309	4	0	0	0	0	0	0	0	0	0
5.00	5519697	4	0	0	0	0	0	0	0	0	0
5.10	5488121	4	0	0	0	0	0	0	0	0	0
5.20	5456581	4	0	0	0	0	0	0	0	0	0
5.30	5425078	4	0	0	0	0	0	0	0	0	0
5.40	5393610	4	0	0	0	0	0	0	0	0	0
5.50	5362179	4	0	0	0	0	0	0	0	0	0
5.60	5330784	4	0	0	0	0	0	0	0	0	0
5.70	5299425	4	0	0	0	0	0	0	0	0	0
5.80	5268104	4	0	0	0	0	0	0	0	0	0
5.90	5236819	4	0	0	0	0	0	0	0	0	0
6.00	5205571	4	0	0	0	0	0	0	0	0	0
6.10	5174361	4	0	0	0	0	0	0	0	0	0
6.20	5143187	4	0	0	0	0	0	0	0	0	0
6.30	5112051	4	0	0	0	0	0	0	0	0	0
6.40	5080953	4	0	0	0	0	0	0	0	0	0
6.50	5049892	4	0	0	0	0	0	0	0	0	0
6.60	5018869	4	0	0	0	0	0	0	0	0	0
6.70	4987884	4	0	0	0	0	0	0	0	0	0
6.80	4956937	4	0	0	0	0	0	0	0	0	0
6.90	4926028	4	0	0	0	0	0	0	0	0	0
7.00	4895157	4	0	0	0	0	0	0	0	0	0
7.10	4864326	4	0	0	0	0	0	0	0	0	0
7.20	4833532	4	0	0	0	0	0	0	0	0	0
7.30	4802778	4	0	0	0	0	0	0	0	0	0
7.40	4772062	4	0	0	0	0	0	0	0	0	0
7.50	4741386	4	0	0	0	0	0	0	0	0	0
7.60	4710749	4	0	0	0	0	0	0	0	0	0
7.70	4680151	4	0	0	0	0	0	0	0	0	0
7.80	4649593	4	0	0	0	0	0	0	0	0	0
7.90	4619075	4	0	0	0	0	0	0	0	0	0
8.00	4588596	4	0	0	0	0	0	0	0	0	0
8.10	4558158	4	0	0	0	0	0	0	0	0	0
8.20	4527760	4	0	0	0	0	0	0	0	0	0
8.30	4497402	4	0	0	0	0	0	0	0	0	0
8.40	4467084	4	0	0	0	0	0	0	0	0	0
8.50	4436808	4	0	0	0	0	0	0	0	0	0
8.60	4406572	4	0	0	0	0	0	0	0	0	0
8.70	4376377	4	0	0	0	0	0	0	0	0	0
8.80	4346224	4	0	0	0	0	0	0	0	0	0
8.90	4316112	4	0	0	0	0	0	0	0	0	0
9.00	4286041	4	0	0	0	0	0	0	0	0	0
9.10	4256012	4	0	0	0	0	0	0	0	0	0
9.20	4226026	4	0	0	0	0	0	0	0	0	0
9.30	4196081	4	0	0	0	0	0	0	0	0	0
9.40	4166178	4	0	0	0	0	0	0	0	0	0
9.50	4136318	4	0	0	0	0	0	0	0	0	0
9.60	4106501	4	0	0	0	0	0	0	0	0	0
9.70	4076726	4	0	0	0	0	0	0	0	0	0
9.80	4046994	4	0	0	0	0	0	0	0	0	0
9.90	4017306	4	0	0	0	0	0	0	0	0	0
10.00	3987661	4	0	0	0	0	0	0	0	0	0
10.10	3958060	4	0	0	0	0	0	0	0	0	0
10.20	3928502	4	0	0	0	0	0	0	0	0	0
10.30	3898988	4	0	0	0	0	0	0	0	0	0
10.40	3869519	4	0	0	0	0	0	0	0	0	0
10.50	3840094	4	0	0	0	0	0	0	0	0	0
10.60	3810713	4	0	0	0	0	0	0	0	0	0
10.70	3781378	4	0	0	0	0	0	0	0	0	0
10.80	3752087	4	0	0	0	0	0	0	0	0	0
10.90	3722842	4	0	0	0	0	0	0	0	0	0
11.00	3693642	4	0	0	0	0	0	0	0	0	0
11.10	3664487	4	0	0	0	0	0	0	0	0	0
11.20	3635379	4	0	0	0	0	0	0	0	0	0
11.30	3606316	4	0	0	0	0	0	0	0	0	0
11.40	3577300	4	0	0	0	0	0	0	0	0	0
11.50	3548331	4	0	0	0	0	0	0	0	0	0
11.60	3519408	4	0	0	0	0	0	0	0	0	0
11.70	3490532	4	0	0	0	0	0	0	0	0	0
11.80	3461704	4	0	0	0	0	0	0	0	0	0
11.90	3432923	4	0	0	0	0	0	0	0	0	0
12.00	3404190	4	0	0	0	0	0	0	0	0	0
12.10	3375504	4	0	0	0	0	0	0	0	0	0
12.20	3346867	4	0	0	0	0	0	0	0	0	0
12.30	3318279	4	0	0	0	0	0	0	0	0	0
12.40	3289739	4	0	0	0	0	0	0	0	0	0
12.50	3261248	4	0	0	0	0	0	0	0	0	0
12.60	3232806	4	0	0	0	0	0	0	0	0	0
12.70	3204414	4	0	0	0	0	0	0	0	0	0
12.80	3176071	4	0	0	0	0	0	0	0	0	0
12.90	3147779	4	0	0	0	0	0	0	0	0	0
13.00	3119536	4	0	0	0	0	0	0	0	0	0
13.10	3091345	4	0	0	0	0	0	0	0	0	0
13.20	3063204	4	0	0	0	0	0	0	0	0	0
13.30	3035114	4	0	0	0	0	0	0	0	0	0
13.40	3007076	4	0	0	0	0	0	0	0	0	0
13.50	2979089	4	0	0	0	0	0	0	0	0	0
13.60	2951154	4	0	0	0	0	0	0	0	0	0
13.70	2923272	4	0	0	0	0	0	0	0	0	0
13.80	2895442	4	0	0	0	0	0	0	0	0	0
13.90	2867665	4	0	0	0	0	0	0	0	0	0
14.00	2839942	4	0	0	0	0	0	0	0	0	0
14.10	2812271	4	0	0	0	0	0	0	0	0	0
14.20	2784655	4	0	0	0	0	0	0	0	0	0
14.30	2757093	4	0	0	0	0	0	0	0	0	0
14.40	2729585	4	0	0	0	0	0	0	0	0	0
14.50	2702132	4	0	0	0	0	0	0	0	0	0
14.60	2674734	4	0	0	0	0	0	0	0	0	0
14.70	2647392	4	0	0	0	0	0	0	0	0	0
14.80	2620105	4	0	0	0	0	0	0	0	0	0
14.90	2592875	4	0	0	0	0	0	0	0	0	0
15.00	2565701	4	0	0	0	0	0	0	0	0	0
15.10	2538584	4	0	0	0	0	0	0	0	0	0
15.20	2511525	4	0	0	0	0	0	0	0	0	0
15.30	2484523	4	0	0	0	0	0	0	0	0	0
15.40	2457579	4	0	0	0	0	0	0	0	0	0
15.50	2430693	4	0	0	0	0	0	0	0	0	0
15.60	2403866	4	0	0	0	0	0	0	0	0	0
15.70	2377099	4	0	0	0	0	0	0	0	0	0
15.80	2350390	4	0	0	0	0	0	0	0	0	0
15.90	2323742	4	0	0	0	0	0	0	0	0	0
16.00	2297155	4	0	0	0	0	0	0	0	0	0
16.10	2270628	4	0	0	0	0	0	0	0	0	0
16.20	2244162	4	0	0	0	0	0	0	0	0	0
16.30	2217758	4	0	0	0	0	0	0	0	0	0
16.40	2191416	4	0	0	0	0	0	0	0	0	0
16.50	2165137	4	0	0	0	0	0	0	0	0	0
16.60	2138921	4	0	0	0	0	0	0	0	0	0
16.70	2112768	4	0	0	0	0	0	0	0	0	0
16.80	2086679	4	0	0	0	0	0	0	0	0	0
16.90	2060655	4	0	0	0	0	0	0	0	0	0
17.00	2034696	4	0	0	0	0	0	0	0	0	0
17.10	2008802	4	0	0	0	0	0	0	0	0	0
17.20	1982974	4	0	0	0	0	0	0	0	0	0
17.30	1957212	4	0	0	0	0	0	0	0	0	0
17.40	1931518	4	0	0	0	0	0	0	0	0	0
17.50	1905891	4	0	0	0	0	0	0	0	0	0
17.60	1880332	4	0	0	0	0	0	0	0	0	0
17.70	1854841	4	0	0	0	0	0	0	0	0	0
17.80	1829420	4	0	0	0	0	0	0	0	0	0
17.90	1804069	4	0	0	0	0	0	0	0	0	0
18.00	1778788	4	0	0	0	0	0	0	0	0	0
18.10	1753578	4	0	0	0	0	0	0	0	0	0
18.20	1728440	4	0	0	0	0	0	0	0	0	0
18.30	1703374	4	0	0	0	0	0	0	0	0	0
18.40	1678381	4	0	0	0	0	0	0	0	0	0
18.50	1653461	4	0	0	0	0	0	0	0	0	0
18.60	1628615	4	0	0	0	0	0	0	0	0	0
18.70	1603844	4	0	0	0	0	0	0	0	0	0
18.80	1579149	4	0	0	0	0	0	0	0	0	0
18.90	1554530	4	0	0	0	0	0	0	0	0	0
19.00	1529988	4	0	0	0	0	0	0	0	0	0
19.10	1505524	4	0	0	0	0	0	0	0	0	0
19.20	1481139	4	0	0	0	0	0	0	0	0	0
19.30	1456832	4	0	0	0	0	0	0	0	0	0
19.40	1432606	4	0	0	0	0	0	0	0	0	0
19.50	1408460	4	0	0	0	0	0	0	0	0	0
19.60	1384397	4	0	0	0	0	0	0	0	0	0
19.70	1360415	4	0	0	0	0	0	0	0	0	0
19.80	1336518	4	0	0	0	0	0	0	0	0	0
19.90	1312704	4	0	0	0	0	0	0	0	0	0
20.00	1288976	4	0	0	0	0	0	0	0	0	0
20.10	1265334	4	0	0	0	0	0	0	0	0	0
20.20	1241780	4	0	0	0	0	0	0	0	0	0
20.30	1218313	4	0	0	0	0	0	0	0	0	0
20.40	1194936	4	0	0	0	0	0	0	0	0	0
20.50	1171649	4	0	0	0	0	0	0	0	0	0
20.60	1148453	4	0	0	0	0	0	0	0	0	0
20.70	1125350	4	0	0	0	0	0	0	0	0	0
20.80	1102340	4	0	0	0	0	0	0	0	0	0
20.90	1079425	4	0	0	0	0	0	0	0	0	0
21.00	1056606	4	0	0	0	0	0	0	0	0	0
21.10	1033884	4	0	0	0	0	0	0	0	0	0
21.20	1011261	4	0	0	0	0	0	0	0	0	0
21.30	988737	4	0	0	0	0	0	0	0	0	0
21.40	966315	4	0	0	0	0	0	0	0	0	0
21.50	943995	4	0	0	0	0	0	0	0	0	0
21.60	921780	4	0	0	0	0	0	0	0	0	0
21.70	899670	4	0	0	0	0	0	0	0	0	0
21.80	877667	4	0	0	0	0	0	0	0	0	0
21.90	855772	4	0	0	0	0	0	0	0	0	0
22.00	833989	4	0	0	0	0	0	0	0	0	0
22.10	812317	4	0	0	0	0	0	0	0	0	0
22.20	790759	4	0	0	0	0	0	0	0	0	0
22.30	769317	4	0	0	0	0	0	0	0	0	0
22.40	747993	4	0	0	0	0	0	0	0	0	0
22.50	726788	4	0	0	0	0	0	0	0	0	0
22.60	705706	4	0	0	0	0	0	0	0	0	0
22.70	684747	4	0	0	0	0	0	0	0	0	0
22.80	663915	4	0	0	0	0	0	0	0	0	0
22.90	643212	4	0	0	0	0	0	0	0	0	0
23.00	622639	4	0	0	0	0	0	0	0	0	0
23.10	602201	4	0	0	0	0	0	0	0	0	0
23.20	581899	4	0	0	0	0	0	0	0	0	0
23.30	561736	4	0	0	0	0	0	0	0	0	0
23.40	541716	4	0	0	0	0	0	0	0	0	0
23.50	521841	4	0	0	0	0	0	0	0	0	0
23.60	502115	4	0	0	0	0	0	0	0	0	0
23.70	482541	4	0	0	0	0	0	0	0	0	0
23.80	463124	4	0	0	0	0	0	0	0	0	0
23.90	443866	4	0	0	0	0	0	0	0	0	0
24.00	424773	4	0	0	0	0	0	0	0	0	0
24.10	405848	4	0	0	0	0	0	0	0	0	0
24.20	387096	4	0	0	0	0	0	0	0	0	0
24.30	368523	4	0	0	0	0	0	0	0	0	0
24.40	350133	4	0	0	0	0	0	0	0	0	0
24.50	331933	4	0	0	0	0	0	0	0	0	0
24.60	313928	4	0	0	0	0	0	0	0	0	0
24.70	296126	4	0	0	0	0	0	0	0	0	0
24.80	278533	4	0	0	0	0	0	0	0	0	0
24.90	261158	4	0	0	0	0	0	0	0	0	0
25.00	244008	4	0	0	0	0	0	0	0	0	0
25.10	227095	4	0	0	0	0	0	0	0	0	0
25.20	210427	4	0	0	0	0	0	0	0	0	0
25.30	194018	4	0	0	0	0	0	0	0	0	0
25.40	177878	4	0	0	0	0	0	0	0	0	0
25.50	162025	4	0	0	0	0	0	0	0	0	0
25.60	146472	4	0	0	0	0	0	0	0	0	0
25.70	131241	4	0	0	0	0	0	0	0	0	0
25.80	116352	4	0	0	0	0	0	0	0	0	0
25.90	101833	4	0	0	0	0	0	0	0	0	0
26.00	87712	4	0	0	0	0	0	0	0	0	0
26.10	74030	4	0	0	0	0	0	0	0	0	0
26.20	60833	4	0	0	0	0	0	0	0	0	0
26.30	48182	4	0	0	0	0	0	0	0	0	0
26.40	36162	4	0	0	0	0	0	0	0	0	0
26.50	24893	4	0	0	0	0	0	0	0	0	0
26.60	14571	4	0	0	0	0	0	0	0	0	0
26.70	5587	4	0	0	0	0	0	0	0	0	0
26.79	0	4	0	0	0	0	0	0	0	0	0