-999	"MyLake init"
Z (m)	Az (m2)	Tz (deg C)	Cz	Sz (kg/m3)	TPz (mg/m3)	DOPz (mg/m3)	Chlaz (mg/m3)	DOCz (mg/m3)	TPz_sed (mg/m3)	Chlaz_sed (mg/m3)	"Fvol_IM (m3/m3	 dry w.)"	Hice (m)	Hsnow (m)
0.00	3030228	4	0	0	0	0	0	0	0	0	0	0	0
0.10	3015088	4	0	0	0	0	0	0	0	0	0
0.20	2999950	4	0	0	0	0	0	0	0	0	0
0.30	2984814	4	0	0	0	0	0	0	0	0	0
0.40	2969680	4	0	0	0	0	0	0	0	0	0
0.50	2954548	4	0	0	0	0	0	0	0	0	0
0.60	2939418	4	0	0	0	0	0	0	0	0	0
0.70	2924291	4	0	0	0	0	0	0	0	0	0
0.80	2909166	4	0	0	0	0	0	0	0	0	0
0.90	2894043	4	0	0	0	0	0	0	0	0	0
1.00	2878923	4	0	0	0	0	0	0	0	0	0
1.10	2863804	4	0	0	0	0	0	0	0	0	0
1.20	2848688	4	0	0	0	0	0	0	0	0	0
1.30	2833574	4	0	0	0	0	0	0	0	0	0
1.40	2818462	4	0	0	0	0	0	0	0	0	0
1.50	2803353	4	0	0	0	0	0	0	0	0	0
1.60	2788246	4	0	0	0	0	0	0	0	0	0
1.70	2773141	4	0	0	0	0	0	0	0	0	0
1.80	2758039	4	0	0	0	0	0	0	0	0	0
1.90	2742939	4	0	0	0	0	0	0	0	0	0
2.00	2727841	4	0	0	0	0	0	0	0	0	0
2.10	2712746	4	0	0	0	0	0	0	0	0	0
2.20	2697653	4	0	0	0	0	0	0	0	0	0
2.30	2682563	4	0	0	0	0	0	0	0	0	0
2.40	2667474	4	0	0	0	0	0	0	0	0	0
2.50	2652389	4	0	0	0	0	0	0	0	0	0
2.60	2637305	4	0	0	0	0	0	0	0	0	0
2.70	2622224	4	0	0	0	0	0	0	0	0	0
2.80	2607146	4	0	0	0	0	0	0	0	0	0
2.90	2592070	4	0	0	0	0	0	0	0	0	0
3.00	2576997	4	0	0	0	0	0	0	0	0	0
3.10	2561926	4	0	0	0	0	0	0	0	0	0
3.20	2546857	4	0	0	0	0	0	0	0	0	0
3.30	2531791	4	0	0	0	0	0	0	0	0	0
3.40	2516728	4	0	0	0	0	0	0	0	0	0
3.50	2501667	4	0	0	0	0	0	0	0	0	0
3.60	2486608	4	0	0	0	0	0	0	0	0	0
3.70	2471553	4	0	0	0	0	0	0	0	0	0
3.80	2456500	4	0	0	0	0	0	0	0	0	0
3.90	2441449	4	0	0	0	0	0	0	0	0	0
4.00	2426401	4	0	0	0	0	0	0	0	0	0
4.10	2411356	4	0	0	0	0	0	0	0	0	0
4.20	2396313	4	0	0	0	0	0	0	0	0	0
4.30	2381273	4	0	0	0	0	0	0	0	0	0
4.40	2366236	4	0	0	0	0	0	0	0	0	0
4.50	2351201	4	0	0	0	0	0	0	0	0	0
4.60	2336169	4	0	0	0	0	0	0	0	0	0
4.70	2321140	4	0	0	0	0	0	0	0	0	0
4.80	2306114	4	0	0	0	0	0	0	0	0	0
4.90	2291090	4	0	0	0	0	0	0	0	0	0
5.00	2276069	4	0	0	0	0	0	0	0	0	0
5.10	2261051	4	0	0	0	0	0	0	0	0	0
5.20	2246036	4	0	0	0	0	0	0	0	0	0
5.30	2231024	4	0	0	0	0	0	0	0	0	0
5.40	2216014	4	0	0	0	0	0	0	0	0	0
5.50	2201008	4	0	0	0	0	0	0	0	0	0
5.60	2186004	4	0	0	0	0	0	0	0	0	0
5.70	2171003	4	0	0	0	0	0	0	0	0	0
5.80	2156005	4	0	0	0	0	0	0	0	0	0
5.90	2141010	4	0	0	0	0	0	0	0	0	0
6.00	2126018	4	0	0	0	0	0	0	0	0	0
6.10	2111029	4	0	0	0	0	0	0	0	0	0
6.20	2096043	4	0	0	0	0	0	0	0	0	0
6.30	2081060	4	0	0	0	0	0	0	0	0	0
6.40	2066080	4	0	0	0	0	0	0	0	0	0
6.50	2051103	4	0	0	0	0	0	0	0	0	0
6.60	2036129	4	0	0	0	0	0	0	0	0	0
6.70	2021159	4	0	0	0	0	0	0	0	0	0
6.80	2006191	4	0	0	0	0	0	0	0	0	0
6.90	1991227	4	0	0	0	0	0	0	0	0	0
7.00	1976266	4	0	0	0	0	0	0	0	0	0
7.10	1961308	4	0	0	0	0	0	0	0	0	0
7.20	1946353	4	0	0	0	0	0	0	0	0	0
7.30	1931401	4	0	0	0	0	0	0	0	0	0
7.40	1916453	4	0	0	0	0	0	0	0	0	0
7.50	1901508	4	0	0	0	0	0	0	0	0	0
7.60	1886567	4	0	0	0	0	0	0	0	0	0
7.70	1871628	4	0	0	0	0	0	0	0	0	0
7.80	1856693	4	0	0	0	0	0	0	0	0	0
7.90	1841762	4	0	0	0	0	0	0	0	0	0
8.00	1826834	4	0	0	0	0	0	0	0	0	0
8.10	1811909	4	0	0	0	0	0	0	0	0	0
8.20	1796988	4	0	0	0	0	0	0	0	0	0
8.30	1782070	4	0	0	0	0	0	0	0	0	0
8.40	1767156	4	0	0	0	0	0	0	0	0	0
8.50	1752245	4	0	0	0	0	0	0	0	0	0
8.60	1737338	4	0	0	0	0	0	0	0	0	0
8.70	1722435	4	0	0	0	0	0	0	0	0	0
8.80	1707535	4	0	0	0	0	0	0	0	0	0
8.90	1692639	4	0	0	0	0	0	0	0	0	0
9.00	1677747	4	0	0	0	0	0	0	0	0	0
9.10	1662858	4	0	0	0	0	0	0	0	0	0
9.20	1647973	4	0	0	0	0	0	0	0	0	0
9.30	1633092	4	0	0	0	0	0	0	0	0	0
9.40	1618215	4	0	0	0	0	0	0	0	0	0
9.50	1603341	4	0	0	0	0	0	0	0	0	0
9.60	1588472	4	0	0	0	0	0	0	0	0	0
9.70	1573606	4	0	0	0	0	0	0	0	0	0
9.80	1558745	4	0	0	0	0	0	0	0	0	0
9.90	1543887	4	0	0	0	0	0	0	0	0	0
10.00	1529034	4	0	0	0	0	0	0	0	0	0
10.10	1514184	4	0	0	0	0	0	0	0	0	0
10.20	1499339	4	0	0	0	0	0	0	0	0	0
10.30	1484498	4	0	0	0	0	0	0	0	0	0
10.40	1469661	4	0	0	0	0	0	0	0	0	0
10.50	1454828	4	0	0	0	0	0	0	0	0	0
10.60	1440000	4	0	0	0	0	0	0	0	0	0
10.70	1425175	4	0	0	0	0	0	0	0	0	0
10.80	1410356	4	0	0	0	0	0	0	0	0	0
10.90	1395540	4	0	0	0	0	0	0	0	0	0
11.00	1380729	4	0	0	0	0	0	0	0	0	0
11.10	1365923	4	0	0	0	0	0	0	0	0	0
11.20	1351121	4	0	0	0	0	0	0	0	0	0
11.30	1336323	4	0	0	0	0	0	0	0	0	0
11.40	1321531	4	0	0	0	0	0	0	0	0	0
11.50	1306743	4	0	0	0	0	0	0	0	0	0
11.60	1291959	4	0	0	0	0	0	0	0	0	0
11.70	1277181	4	0	0	0	0	0	0	0	0	0
11.80	1262407	4	0	0	0	0	0	0	0	0	0
11.90	1247638	4	0	0	0	0	0	0	0	0	0
12.00	1232874	4	0	0	0	0	0	0	0	0	0
12.10	1218115	4	0	0	0	0	0	0	0	0	0
12.20	1203361	4	0	0	0	0	0	0	0	0	0
12.30	1188613	4	0	0	0	0	0	0	0	0	0
12.40	1173869	4	0	0	0	0	0	0	0	0	0
12.50	1159131	4	0	0	0	0	0	0	0	0	0
12.60	1144398	4	0	0	0	0	0	0	0	0	0
12.70	1129670	4	0	0	0	0	0	0	0	0	0
12.80	1114948	4	0	0	0	0	0	0	0	0	0
12.90	1100231	4	0	0	0	0	0	0	0	0	0
13.00	1085520	4	0	0	0	0	0	0	0	0	0
13.10	1070814	4	0	0	0	0	0	0	0	0	0
13.20	1056114	4	0	0	0	0	0	0	0	0	0
13.30	1041420	4	0	0	0	0	0	0	0	0	0
13.40	1026732	4	0	0	0	0	0	0	0	0	0
13.50	1012050	4	0	0	0	0	0	0	0	0	0
13.60	997374	4	0	0	0	0	0	0	0	0	0
13.70	982703	4	0	0	0	0	0	0	0	0	0
13.80	968039	4	0	0	0	0	0	0	0	0	0
13.90	953382	4	0	0	0	0	0	0	0	0	0
14.00	938730	4	0	0	0	0	0	0	0	0	0
14.10	924086	4	0	0	0	0	0	0	0	0	0
14.20	909447	4	0	0	0	0	0	0	0	0	0
14.30	894816	4	0	0	0	0	0	0	0	0	0
14.40	880191	4	0	0	0	0	0	0	0	0	0
14.50	865573	4	0	0	0	0	0	0	0	0	0
14.60	850962	4	0	0	0	0	0	0	0	0	0
14.70	836358	4	0	0	0	0	0	0	0	0	0
14.80	821761	4	0	0	0	0	0	0	0	0	0
14.90	807171	4	0	0	0	0	0	0	0	0	0
15.00	792589	4	0	0	0	0	0	0	0	0	0
15.10	778015	4	0	0	0	0	0	0	0	0	0
15.20	763448	4	0	0	0	0	0	0	0	0	0
15.30	748890	4	0	0	0	0	0	0	0	0	0
15.40	734339	4	0	0	0	0	0	0	0	0	0
15.50	719796	4	0	0	0	0	0	0	0	0	0
15.60	705262	4	0	0	0	0	0	0	0	0	0
15.70	690736	4	0	0	0	0	0	0	0	0	0
15.80	676218	4	0	0	0	0	0	0	0	0	0
15.90	661710	4	0	0	0	0	0	0	0	0	0
16.00	647210	4	0	0	0	0	0	0	0	0	0
16.10	632720	4	0	0	0	0	0	0	0	0	0
16.20	618239	4	0	0	0	0	0	0	0	0	0
16.30	603768	4	0	0	0	0	0	0	0	0	0
16.40	589306	4	0	0	0	0	0	0	0	0	0
16.50	574854	4	0	0	0	0	0	0	0	0	0
16.60	560413	4	0	0	0	0	0	0	0	0	0
16.70	545982	4	0	0	0	0	0	0	0	0	0
16.80	531562	4	0	0	0	0	0	0	0	0	0
16.90	517153	4	0	0	0	0	0	0	0	0	0
17.00	502756	4	0	0	0	0	0	0	0	0	0
17.10	488370	4	0	0	0	0	0	0	0	0	0
17.20	473996	4	0	0	0	0	0	0	0	0	0
17.30	459634	4	0	0	0	0	0	0	0	0	0
17.40	445285	4	0	0	0	0	0	0	0	0	0
17.50	430949	4	0	0	0	0	0	0	0	0	0
17.60	416627	4	0	0	0	0	0	0	0	0	0
17.70	402318	4	0	0	0	0	0	0	0	0	0
17.80	388024	4	0	0	0	0	0	0	0	0	0
17.90	373744	4	0	0	0	0	0	0	0	0	0
18.00	359481	4	0	0	0	0	0	0	0	0	0
18.10	345233	4	0	0	0	0	0	0	0	0	0
18.20	331001	4	0	0	0	0	0	0	0	0	0
18.30	316787	4	0	0	0	0	0	0	0	0	0
18.40	302591	4	0	0	0	0	0	0	0	0	0
18.50	288414	4	0	0	0	0	0	0	0	0	0
18.60	274256	4	0	0	0	0	0	0	0	0	0
18.70	260119	4	0	0	0	0	0	0	0	0	0
18.80	246004	4	0	0	0	0	0	0	0	0	0
18.90	231912	4	0	0	0	0	0	0	0	0	0
19.00	217843	4	0	0	0	0	0	0	0	0	0
19.10	203801	4	0	0	0	0	0	0	0	0	0
19.20	189786	4	0	0	0	0	0	0	0	0	0
19.30	175800	4	0	0	0	0	0	0	0	0	0
19.40	161845	4	0	0	0	0	0	0	0	0	0
19.50	147924	4	0	0	0	0	0	0	0	0	0
19.60	134041	4	0	0	0	0	0	0	0	0	0
19.70	120198	4	0	0	0	0	0	0	0	0	0
19.80	106400	4	0	0	0	0	0	0	0	0	0
19.90	92652	4	0	0	0	0	0	0	0	0	0
20.00	78962	4	0	0	0	0	0	0	0	0	0
20.10	65339	4	0	0	0	0	0	0	0	0	0
20.20	51797	4	0	0	0	0	0	0	0	0	0
20.30	38355	4	0	0	0	0	0	0	0	0	0
20.40	25047	4	0	0	0	0	0	0	0	0	0
20.50	11946	4	0	0	0	0	0	0	0	0	0
20.59	0	4	0	0	0	0	0	0	0	0	0