-999	"MyLake init"
Z (m)	Az (m2)	Tz (deg C)	Cz	Sz (kg/m3)	TPz (mg/m3)	DOPz (mg/m3)	Chlaz (mg/m3)	DOCz (mg/m3)	TPz_sed (mg/m3)	Chlaz_sed (mg/m3)	"Fvol_IM (m3/m3	 dry w.)"	Hice (m)	Hsnow (m)
0.00	1675059	4	0	0	0	0	0	0	0	0	0	0	0
0.10	1666749	4	0	0	0	0	0	0	0	0	0
0.20	1658432	4	0	0	0	0	0	0	0	0	0
0.30	1650108	4	0	0	0	0	0	0	0	0	0
0.40	1641777	4	0	0	0	0	0	0	0	0	0
0.50	1633438	4	0	0	0	0	0	0	0	0	0
0.60	1625092	4	0	0	0	0	0	0	0	0	0
0.70	1616739	4	0	0	0	0	0	0	0	0	0
0.80	1608378	4	0	0	0	0	0	0	0	0	0
0.90	1600010	4	0	0	0	0	0	0	0	0	0
1.00	1591634	4	0	0	0	0	0	0	0	0	0
1.10	1583251	4	0	0	0	0	0	0	0	0	0
1.20	1574860	4	0	0	0	0	0	0	0	0	0
1.30	1566461	4	0	0	0	0	0	0	0	0	0
1.40	1558055	4	0	0	0	0	0	0	0	0	0
1.50	1549641	4	0	0	0	0	0	0	0	0	0
1.60	1541219	4	0	0	0	0	0	0	0	0	0
1.70	1532789	4	0	0	0	0	0	0	0	0	0
1.80	1524351	4	0	0	0	0	0	0	0	0	0
1.90	1515905	4	0	0	0	0	0	0	0	0	0
2.00	1507451	4	0	0	0	0	0	0	0	0	0
2.10	1498989	4	0	0	0	0	0	0	0	0	0
2.20	1490519	4	0	0	0	0	0	0	0	0	0
2.30	1482040	4	0	0	0	0	0	0	0	0	0
2.40	1473553	4	0	0	0	0	0	0	0	0	0
2.50	1465058	4	0	0	0	0	0	0	0	0	0
2.60	1456554	4	0	0	0	0	0	0	0	0	0
2.70	1448042	4	0	0	0	0	0	0	0	0	0
2.80	1439521	4	0	0	0	0	0	0	0	0	0
2.90	1430991	4	0	0	0	0	0	0	0	0	0
3.00	1422453	4	0	0	0	0	0	0	0	0	0
3.10	1413906	4	0	0	0	0	0	0	0	0	0
3.20	1405350	4	0	0	0	0	0	0	0	0	0
3.30	1396785	4	0	0	0	0	0	0	0	0	0
3.40	1388211	4	0	0	0	0	0	0	0	0	0
3.50	1379628	4	0	0	0	0	0	0	0	0	0
3.60	1371035	4	0	0	0	0	0	0	0	0	0
3.70	1362434	4	0	0	0	0	0	0	0	0	0
3.80	1353823	4	0	0	0	0	0	0	0	0	0
3.90	1345203	4	0	0	0	0	0	0	0	0	0
4.00	1336573	4	0	0	0	0	0	0	0	0	0
4.10	1327933	4	0	0	0	0	0	0	0	0	0
4.20	1319284	4	0	0	0	0	0	0	0	0	0
4.30	1310626	4	0	0	0	0	0	0	0	0	0
4.40	1301957	4	0	0	0	0	0	0	0	0	0
4.50	1293278	4	0	0	0	0	0	0	0	0	0
4.60	1284590	4	0	0	0	0	0	0	0	0	0
4.70	1275891	4	0	0	0	0	0	0	0	0	0
4.80	1267182	4	0	0	0	0	0	0	0	0	0
4.90	1258463	4	0	0	0	0	0	0	0	0	0
5.00	1249734	4	0	0	0	0	0	0	0	0	0
5.10	1240994	4	0	0	0	0	0	0	0	0	0
5.20	1232243	4	0	0	0	0	0	0	0	0	0
5.30	1223482	4	0	0	0	0	0	0	0	0	0
5.40	1214710	4	0	0	0	0	0	0	0	0	0
5.50	1205927	4	0	0	0	0	0	0	0	0	0
5.60	1197133	4	0	0	0	0	0	0	0	0	0
5.70	1188328	4	0	0	0	0	0	0	0	0	0
5.80	1179511	4	0	0	0	0	0	0	0	0	0
5.90	1170684	4	0	0	0	0	0	0	0	0	0
6.00	1161845	4	0	0	0	0	0	0	0	0	0
6.10	1152994	4	0	0	0	0	0	0	0	0	0
6.20	1144132	4	0	0	0	0	0	0	0	0	0
6.30	1135258	4	0	0	0	0	0	0	0	0	0
6.40	1126372	4	0	0	0	0	0	0	0	0	0
6.50	1117474	4	0	0	0	0	0	0	0	0	0
6.60	1108564	4	0	0	0	0	0	0	0	0	0
6.70	1099641	4	0	0	0	0	0	0	0	0	0
6.80	1090706	4	0	0	0	0	0	0	0	0	0
6.90	1081758	4	0	0	0	0	0	0	0	0	0
7.00	1072798	4	0	0	0	0	0	0	0	0	0
7.10	1063825	4	0	0	0	0	0	0	0	0	0
7.20	1054839	4	0	0	0	0	0	0	0	0	0
7.30	1045839	4	0	0	0	0	0	0	0	0	0
7.40	1036827	4	0	0	0	0	0	0	0	0	0
7.50	1027800	4	0	0	0	0	0	0	0	0	0
7.60	1018761	4	0	0	0	0	0	0	0	0	0
7.70	1009707	4	0	0	0	0	0	0	0	0	0
7.80	1000639	4	0	0	0	0	0	0	0	0	0
7.90	991558	4	0	0	0	0	0	0	0	0	0
8.00	982462	4	0	0	0	0	0	0	0	0	0
8.10	973351	4	0	0	0	0	0	0	0	0	0
8.20	964226	4	0	0	0	0	0	0	0	0	0
8.30	955086	4	0	0	0	0	0	0	0	0	0
8.40	945931	4	0	0	0	0	0	0	0	0	0
8.50	936761	4	0	0	0	0	0	0	0	0	0
8.60	927575	4	0	0	0	0	0	0	0	0	0
8.70	918374	4	0	0	0	0	0	0	0	0	0
8.80	909157	4	0	0	0	0	0	0	0	0	0
8.90	899923	4	0	0	0	0	0	0	0	0	0
9.00	890674	4	0	0	0	0	0	0	0	0	0
9.10	881408	4	0	0	0	0	0	0	0	0	0
9.20	872125	4	0	0	0	0	0	0	0	0	0
9.30	862825	4	0	0	0	0	0	0	0	0	0
9.40	853508	4	0	0	0	0	0	0	0	0	0
9.50	844173	4	0	0	0	0	0	0	0	0	0
9.60	834821	4	0	0	0	0	0	0	0	0	0
9.70	825451	4	0	0	0	0	0	0	0	0	0
9.80	816062	4	0	0	0	0	0	0	0	0	0
9.90	806655	4	0	0	0	0	0	0	0	0	0
10.00	797229	4	0	0	0	0	0	0	0	0	0
10.10	787783	4	0	0	0	0	0	0	0	0	0
10.20	778319	4	0	0	0	0	0	0	0	0	0
10.30	768834	4	0	0	0	0	0	0	0	0	0
10.40	759329	4	0	0	0	0	0	0	0	0	0
10.50	749804	4	0	0	0	0	0	0	0	0	0
10.60	740258	4	0	0	0	0	0	0	0	0	0
10.70	730691	4	0	0	0	0	0	0	0	0	0
10.80	721102	4	0	0	0	0	0	0	0	0	0
10.90	711491	4	0	0	0	0	0	0	0	0	0
11.00	701858	4	0	0	0	0	0	0	0	0	0
11.10	692203	4	0	0	0	0	0	0	0	0	0
11.20	682524	4	0	0	0	0	0	0	0	0	0
11.30	672821	4	0	0	0	0	0	0	0	0	0
11.40	663094	4	0	0	0	0	0	0	0	0	0
11.50	653343	4	0	0	0	0	0	0	0	0	0
11.60	643567	4	0	0	0	0	0	0	0	0	0
11.70	633765	4	0	0	0	0	0	0	0	0	0
11.80	623937	4	0	0	0	0	0	0	0	0	0
11.90	614082	4	0	0	0	0	0	0	0	0	0
12.00	604200	4	0	0	0	0	0	0	0	0	0
12.10	594291	4	0	0	0	0	0	0	0	0	0
12.20	584353	4	0	0	0	0	0	0	0	0	0
12.30	574385	4	0	0	0	0	0	0	0	0	0
12.40	564388	4	0	0	0	0	0	0	0	0	0
12.50	554361	4	0	0	0	0	0	0	0	0	0
12.60	544302	4	0	0	0	0	0	0	0	0	0
12.70	534211	4	0	0	0	0	0	0	0	0	0
12.80	524087	4	0	0	0	0	0	0	0	0	0
12.90	513930	4	0	0	0	0	0	0	0	0	0
13.00	503738	4	0	0	0	0	0	0	0	0	0
13.10	493511	4	0	0	0	0	0	0	0	0	0
13.20	483247	4	0	0	0	0	0	0	0	0	0
13.30	472945	4	0	0	0	0	0	0	0	0	0
13.40	462605	4	0	0	0	0	0	0	0	0	0
13.50	452225	4	0	0	0	0	0	0	0	0	0
13.60	441804	4	0	0	0	0	0	0	0	0	0
13.70	431340	4	0	0	0	0	0	0	0	0	0
13.80	420833	4	0	0	0	0	0	0	0	0	0
13.90	410280	4	0	0	0	0	0	0	0	0	0
14.00	399681	4	0	0	0	0	0	0	0	0	0
14.10	389033	4	0	0	0	0	0	0	0	0	0
14.20	378335	4	0	0	0	0	0	0	0	0	0
14.30	367585	4	0	0	0	0	0	0	0	0	0
14.40	356780	4	0	0	0	0	0	0	0	0	0
14.50	345919	4	0	0	0	0	0	0	0	0	0
14.60	334999	4	0	0	0	0	0	0	0	0	0
14.70	324018	4	0	0	0	0	0	0	0	0	0
14.80	312972	4	0	0	0	0	0	0	0	0	0
14.90	301859	4	0	0	0	0	0	0	0	0	0
15.00	290675	4	0	0	0	0	0	0	0	0	0
15.10	279417	4	0	0	0	0	0	0	0	0	0
15.20	268080	4	0	0	0	0	0	0	0	0	0
15.30	256661	4	0	0	0	0	0	0	0	0	0
15.40	245153	4	0	0	0	0	0	0	0	0	0
15.50	233552	4	0	0	0	0	0	0	0	0	0
15.60	221851	4	0	0	0	0	0	0	0	0	0
15.70	210043	4	0	0	0	0	0	0	0	0	0
15.80	198120	4	0	0	0	0	0	0	0	0	0
15.90	186072	4	0	0	0	0	0	0	0	0	0
16.00	173889	4	0	0	0	0	0	0	0	0	0
16.10	161557	4	0	0	0	0	0	0	0	0	0
16.20	149061	4	0	0	0	0	0	0	0	0	0
16.30	136383	4	0	0	0	0	0	0	0	0	0
16.40	123498	4	0	0	0	0	0	0	0	0	0
16.50	110378	4	0	0	0	0	0	0	0	0	0
16.60	96984	4	0	0	0	0	0	0	0	0	0
16.70	83263	4	0	0	0	0	0	0	0	0	0
16.80	69140	4	0	0	0	0	0	0	0	0	0
16.90	54498	4	0	0	0	0	0	0	0	0	0
17.00	39136	4	0	0	0	0	0	0	0	0	0
17.10	22618	4	0	0	0	0	0	0	0	0	0
17.20	3140	4	0	0	0	0	0	0	0	0	0
17.21	0	4	0	0	0	0	0	0	0	0	0