-999	"MyLake init"
Z (m)	Az (m2)	Tz (deg C)	Cz	Sz (kg/m3)	TPz (mg/m3)	DOPz (mg/m3)	Chlaz (mg/m3)	DOCz (mg/m3)	TPz_sed (mg/m3)	Chlaz_sed (mg/m3)	"Fvol_IM (m3/m3	 dry w.)"	Hice (m)	Hsnow (m)
0.00	1702116	4	0	0	0	0	0	0	0	0	0	0	0
0.10	1692407	4	0	0	0	0	0	0	0	0	0
0.20	1682706	4	0	0	0	0	0	0	0	0	0
0.30	1673012	4	0	0	0	0	0	0	0	0	0
0.40	1663326	4	0	0	0	0	0	0	0	0	0
0.50	1653646	4	0	0	0	0	0	0	0	0	0
0.60	1643974	4	0	0	0	0	0	0	0	0	0
0.70	1634310	4	0	0	0	0	0	0	0	0	0
0.80	1624653	4	0	0	0	0	0	0	0	0	0
0.90	1615003	4	0	0	0	0	0	0	0	0	0
1.00	1605361	4	0	0	0	0	0	0	0	0	0
1.10	1595726	4	0	0	0	0	0	0	0	0	0
1.20	1586099	4	0	0	0	0	0	0	0	0	0
1.30	1576479	4	0	0	0	0	0	0	0	0	0
1.40	1566867	4	0	0	0	0	0	0	0	0	0
1.50	1557263	4	0	0	0	0	0	0	0	0	0
1.60	1547667	4	0	0	0	0	0	0	0	0	0
1.70	1538078	4	0	0	0	0	0	0	0	0	0
1.80	1528497	4	0	0	0	0	0	0	0	0	0
1.90	1518924	4	0	0	0	0	0	0	0	0	0
2.00	1509358	4	0	0	0	0	0	0	0	0	0
2.10	1499801	4	0	0	0	0	0	0	0	0	0
2.20	1490251	4	0	0	0	0	0	0	0	0	0
2.30	1480709	4	0	0	0	0	0	0	0	0	0
2.40	1471176	4	0	0	0	0	0	0	0	0	0
2.50	1461650	4	0	0	0	0	0	0	0	0	0
2.60	1452133	4	0	0	0	0	0	0	0	0	0
2.70	1442623	4	0	0	0	0	0	0	0	0	0
2.80	1433122	4	0	0	0	0	0	0	0	0	0
2.90	1423629	4	0	0	0	0	0	0	0	0	0
3.00	1414144	4	0	0	0	0	0	0	0	0	0
3.10	1404667	4	0	0	0	0	0	0	0	0	0
3.20	1395199	4	0	0	0	0	0	0	0	0	0
3.30	1385739	4	0	0	0	0	0	0	0	0	0
3.40	1376287	4	0	0	0	0	0	0	0	0	0
3.50	1366844	4	0	0	0	0	0	0	0	0	0
3.60	1357409	4	0	0	0	0	0	0	0	0	0
3.70	1347983	4	0	0	0	0	0	0	0	0	0
3.80	1338566	4	0	0	0	0	0	0	0	0	0
3.90	1329157	4	0	0	0	0	0	0	0	0	0
4.00	1319756	4	0	0	0	0	0	0	0	0	0
4.10	1310365	4	0	0	0	0	0	0	0	0	0
4.20	1300982	4	0	0	0	0	0	0	0	0	0
4.30	1291608	4	0	0	0	0	0	0	0	0	0
4.40	1282243	4	0	0	0	0	0	0	0	0	0
4.50	1272886	4	0	0	0	0	0	0	0	0	0
4.60	1263539	4	0	0	0	0	0	0	0	0	0
4.70	1254200	4	0	0	0	0	0	0	0	0	0
4.80	1244871	4	0	0	0	0	0	0	0	0	0
4.90	1235551	4	0	0	0	0	0	0	0	0	0
5.00	1226239	4	0	0	0	0	0	0	0	0	0
5.10	1216937	4	0	0	0	0	0	0	0	0	0
5.20	1207645	4	0	0	0	0	0	0	0	0	0
5.30	1198361	4	0	0	0	0	0	0	0	0	0
5.40	1189087	4	0	0	0	0	0	0	0	0	0
5.50	1179822	4	0	0	0	0	0	0	0	0	0
5.60	1170567	4	0	0	0	0	0	0	0	0	0
5.70	1161321	4	0	0	0	0	0	0	0	0	0
5.80	1152085	4	0	0	0	0	0	0	0	0	0
5.90	1142858	4	0	0	0	0	0	0	0	0	0
6.00	1133641	4	0	0	0	0	0	0	0	0	0
6.10	1124434	4	0	0	0	0	0	0	0	0	0
6.20	1115237	4	0	0	0	0	0	0	0	0	0
6.30	1106049	4	0	0	0	0	0	0	0	0	0
6.40	1096872	4	0	0	0	0	0	0	0	0	0
6.50	1087704	4	0	0	0	0	0	0	0	0	0
6.60	1078546	4	0	0	0	0	0	0	0	0	0
6.70	1069399	4	0	0	0	0	0	0	0	0	0
6.80	1060262	4	0	0	0	0	0	0	0	0	0
6.90	1051134	4	0	0	0	0	0	0	0	0	0
7.00	1042018	4	0	0	0	0	0	0	0	0	0
7.10	1032911	4	0	0	0	0	0	0	0	0	0
7.20	1023815	4	0	0	0	0	0	0	0	0	0
7.30	1014730	4	0	0	0	0	0	0	0	0	0
7.40	1005655	4	0	0	0	0	0	0	0	0	0
7.50	996590	4	0	0	0	0	0	0	0	0	0
7.60	987537	4	0	0	0	0	0	0	0	0	0
7.70	978494	4	0	0	0	0	0	0	0	0	0
7.80	969462	4	0	0	0	0	0	0	0	0	0
7.90	960441	4	0	0	0	0	0	0	0	0	0
8.00	951431	4	0	0	0	0	0	0	0	0	0
8.10	942432	4	0	0	0	0	0	0	0	0	0
8.20	933444	4	0	0	0	0	0	0	0	0	0
8.30	924467	4	0	0	0	0	0	0	0	0	0
8.40	915502	4	0	0	0	0	0	0	0	0	0
8.50	906548	4	0	0	0	0	0	0	0	0	0
8.60	897606	4	0	0	0	0	0	0	0	0	0
8.70	888675	4	0	0	0	0	0	0	0	0	0
8.80	879756	4	0	0	0	0	0	0	0	0	0
8.90	870849	4	0	0	0	0	0	0	0	0	0
9.00	861953	4	0	0	0	0	0	0	0	0	0
9.10	853070	4	0	0	0	0	0	0	0	0	0
9.20	844198	4	0	0	0	0	0	0	0	0	0
9.30	835338	4	0	0	0	0	0	0	0	0	0
9.40	826491	4	0	0	0	0	0	0	0	0	0
9.50	817656	4	0	0	0	0	0	0	0	0	0
9.60	808833	4	0	0	0	0	0	0	0	0	0
9.70	800023	4	0	0	0	0	0	0	0	0	0
9.80	791226	4	0	0	0	0	0	0	0	0	0
9.90	782441	4	0	0	0	0	0	0	0	0	0
10.00	773669	4	0	0	0	0	0	0	0	0	0
10.10	764910	4	0	0	0	0	0	0	0	0	0
10.20	756164	4	0	0	0	0	0	0	0	0	0
10.30	747431	4	0	0	0	0	0	0	0	0	0
10.40	738711	4	0	0	0	0	0	0	0	0	0
10.50	730005	4	0	0	0	0	0	0	0	0	0
10.60	721312	4	0	0	0	0	0	0	0	0	0
10.70	712633	4	0	0	0	0	0	0	0	0	0
10.80	703968	4	0	0	0	0	0	0	0	0	0
10.90	695316	4	0	0	0	0	0	0	0	0	0
11.00	686678	4	0	0	0	0	0	0	0	0	0
11.10	678055	4	0	0	0	0	0	0	0	0	0
11.20	669445	4	0	0	0	0	0	0	0	0	0
11.30	660850	4	0	0	0	0	0	0	0	0	0
11.40	652270	4	0	0	0	0	0	0	0	0	0
11.50	643704	4	0	0	0	0	0	0	0	0	0
11.60	635153	4	0	0	0	0	0	0	0	0	0
11.70	626617	4	0	0	0	0	0	0	0	0	0
11.80	618096	4	0	0	0	0	0	0	0	0	0
11.90	609591	4	0	0	0	0	0	0	0	0	0
12.00	601100	4	0	0	0	0	0	0	0	0	0
12.10	592626	4	0	0	0	0	0	0	0	0	0
12.20	584167	4	0	0	0	0	0	0	0	0	0
12.30	575723	4	0	0	0	0	0	0	0	0	0
12.40	567296	4	0	0	0	0	0	0	0	0	0
12.50	558886	4	0	0	0	0	0	0	0	0	0
12.60	550491	4	0	0	0	0	0	0	0	0	0
12.70	542114	4	0	0	0	0	0	0	0	0	0
12.80	533753	4	0	0	0	0	0	0	0	0	0
12.90	525409	4	0	0	0	0	0	0	0	0	0
13.00	517082	4	0	0	0	0	0	0	0	0	0
13.10	508773	4	0	0	0	0	0	0	0	0	0
13.20	500481	4	0	0	0	0	0	0	0	0	0
13.30	492207	4	0	0	0	0	0	0	0	0	0
13.40	483951	4	0	0	0	0	0	0	0	0	0
13.50	475714	4	0	0	0	0	0	0	0	0	0
13.60	467495	4	0	0	0	0	0	0	0	0	0
13.70	459294	4	0	0	0	0	0	0	0	0	0
13.80	451113	4	0	0	0	0	0	0	0	0	0
13.90	442951	4	0	0	0	0	0	0	0	0	0
14.00	434809	4	0	0	0	0	0	0	0	0	0
14.10	426686	4	0	0	0	0	0	0	0	0	0
14.20	418583	4	0	0	0	0	0	0	0	0	0
14.30	410501	4	0	0	0	0	0	0	0	0	0
14.40	402439	4	0	0	0	0	0	0	0	0	0
14.50	394398	4	0	0	0	0	0	0	0	0	0
14.60	386379	4	0	0	0	0	0	0	0	0	0
14.70	378381	4	0	0	0	0	0	0	0	0	0
14.80	370405	4	0	0	0	0	0	0	0	0	0
14.90	362451	4	0	0	0	0	0	0	0	0	0
15.00	354520	4	0	0	0	0	0	0	0	0	0
15.10	346612	4	0	0	0	0	0	0	0	0	0
15.20	338727	4	0	0	0	0	0	0	0	0	0
15.30	330867	4	0	0	0	0	0	0	0	0	0
15.40	323030	4	0	0	0	0	0	0	0	0	0
15.50	315218	4	0	0	0	0	0	0	0	0	0
15.60	307431	4	0	0	0	0	0	0	0	0	0
15.70	299670	4	0	0	0	0	0	0	0	0	0
15.80	291934	4	0	0	0	0	0	0	0	0	0
15.90	284226	4	0	0	0	0	0	0	0	0	0
16.00	276544	4	0	0	0	0	0	0	0	0	0
16.10	268890	4	0	0	0	0	0	0	0	0	0
16.20	261264	4	0	0	0	0	0	0	0	0	0
16.30	253667	4	0	0	0	0	0	0	0	0	0
16.40	246100	4	0	0	0	0	0	0	0	0	0
16.50	238563	4	0	0	0	0	0	0	0	0	0
16.60	231056	4	0	0	0	0	0	0	0	0	0
16.70	223581	4	0	0	0	0	0	0	0	0	0
16.80	216139	4	0	0	0	0	0	0	0	0	0
16.90	208730	4	0	0	0	0	0	0	0	0	0
17.00	201354	4	0	0	0	0	0	0	0	0	0
17.10	194014	4	0	0	0	0	0	0	0	0	0
17.20	186710	4	0	0	0	0	0	0	0	0	0
17.30	179442	4	0	0	0	0	0	0	0	0	0
17.40	172213	4	0	0	0	0	0	0	0	0	0
17.50	165023	4	0	0	0	0	0	0	0	0	0
17.60	157874	4	0	0	0	0	0	0	0	0	0
17.70	150766	4	0	0	0	0	0	0	0	0	0
17.80	143702	4	0	0	0	0	0	0	0	0	0
17.90	136682	4	0	0	0	0	0	0	0	0	0
18.00	129710	4	0	0	0	0	0	0	0	0	0
18.10	122785	4	0	0	0	0	0	0	0	0	0
18.20	115911	4	0	0	0	0	0	0	0	0	0
18.30	109090	4	0	0	0	0	0	0	0	0	0
18.40	102324	4	0	0	0	0	0	0	0	0	0
18.50	95615	4	0	0	0	0	0	0	0	0	0
18.60	88967	4	0	0	0	0	0	0	0	0	0
18.70	82384	4	0	0	0	0	0	0	0	0	0
18.80	75867	4	0	0	0	0	0	0	0	0	0
18.90	69423	4	0	0	0	0	0	0	0	0	0
19.00	63056	4	0	0	0	0	0	0	0	0	0
19.10	56772	4	0	0	0	0	0	0	0	0	0
19.20	50577	4	0	0	0	0	0	0	0	0	0
19.30	44479	4	0	0	0	0	0	0	0	0	0
19.40	38488	4	0	0	0	0	0	0	0	0	0
19.50	32617	4	0	0	0	0	0	0	0	0	0
19.60	26880	4	0	0	0	0	0	0	0	0	0
19.70	21300	4	0	0	0	0	0	0	0	0	0
19.80	15904	4	0	0	0	0	0	0	0	0	0
19.90	10741	4	0	0	0	0	0	0	0	0	0
20.00	5890	4	0	0	0	0	0	0	0	0	0
20.10	1552	4	0	0	0	0	0	0	0	0	0
20.15	0	4	0	0	0	0	0	0	0	0	0