-999	"MyLake init"
Z (m)	Az (m2)	Tz (deg C)	Cz	Sz (kg/m3)	TPz (mg/m3)	DOPz (mg/m3)	Chlaz (mg/m3)	DOCz (mg/m3)	TPz_sed (mg/m3)	Chlaz_sed (mg/m3)	"Fvol_IM (m3/m3	 dry w.)"	Hice (m)	Hsnow (m)
0.00	23170332	4	0	0	0	0	0	0	0	0	0	0	0
0.10	23026322	4	0	0	0	0	0	0	0	0	0
0.20	22883164	4	0	0	0	0	0	0	0	0	0
0.30	22740851	4	0	0	0	0	0	0	0	0	0
0.40	22599380	4	0	0	0	0	0	0	0	0	0
0.50	22458746	4	0	0	0	0	0	0	0	0	0
0.60	22318944	4	0	0	0	0	0	0	0	0	0
0.70	22179970	4	0	0	0	0	0	0	0	0	0
0.80	22041818	4	0	0	0	0	0	0	0	0	0
0.90	21904484	4	0	0	0	0	0	0	0	0	0
1.00	21767964	4	0	0	0	0	0	0	0	0	0
1.10	21632252	4	0	0	0	0	0	0	0	0	0
1.20	21497345	4	0	0	0	0	0	0	0	0	0
1.30	21363238	4	0	0	0	0	0	0	0	0	0
1.40	21229927	4	0	0	0	0	0	0	0	0	0
1.50	21097406	4	0	0	0	0	0	0	0	0	0
1.60	20965672	4	0	0	0	0	0	0	0	0	0
1.70	20834720	4	0	0	0	0	0	0	0	0	0
1.80	20704546	4	0	0	0	0	0	0	0	0	0
1.90	20575145	4	0	0	0	0	0	0	0	0	0
2.00	20446512	4	0	0	0	0	0	0	0	0	0
2.10	20318645	4	0	0	0	0	0	0	0	0	0
2.20	20191538	4	0	0	0	0	0	0	0	0	0
2.30	20065186	4	0	0	0	0	0	0	0	0	0
2.40	19939587	4	0	0	0	0	0	0	0	0	0
2.50	19814734	4	0	0	0	0	0	0	0	0	0
2.60	19690626	4	0	0	0	0	0	0	0	0	0
2.70	19567256	4	0	0	0	0	0	0	0	0	0
2.80	19444621	4	0	0	0	0	0	0	0	0	0
2.90	19322717	4	0	0	0	0	0	0	0	0	0
3.00	19201539	4	0	0	0	0	0	0	0	0	0
3.10	19081085	4	0	0	0	0	0	0	0	0	0
3.20	18961348	4	0	0	0	0	0	0	0	0	0
3.30	18842326	4	0	0	0	0	0	0	0	0	0
3.40	18724014	4	0	0	0	0	0	0	0	0	0
3.50	18606409	4	0	0	0	0	0	0	0	0	0
3.60	18489505	4	0	0	0	0	0	0	0	0	0
3.70	18373301	4	0	0	0	0	0	0	0	0	0
3.80	18257790	4	0	0	0	0	0	0	0	0	0
3.90	18142970	4	0	0	0	0	0	0	0	0	0
4.00	18028836	4	0	0	0	0	0	0	0	0	0
4.10	17915386	4	0	0	0	0	0	0	0	0	0
4.20	17802614	4	0	0	0	0	0	0	0	0	0
4.30	17690516	4	0	0	0	0	0	0	0	0	0
4.40	17579090	4	0	0	0	0	0	0	0	0	0
4.50	17468331	4	0	0	0	0	0	0	0	0	0
4.60	17358236	4	0	0	0	0	0	0	0	0	0
4.70	17248801	4	0	0	0	0	0	0	0	0	0
4.80	17140021	4	0	0	0	0	0	0	0	0	0
4.90	17031894	4	0	0	0	0	0	0	0	0	0
5.00	16924415	4	0	0	0	0	0	0	0	0	0
5.10	16817581	4	0	0	0	0	0	0	0	0	0
5.20	16711388	4	0	0	0	0	0	0	0	0	0
5.30	16605833	4	0	0	0	0	0	0	0	0	0
5.40	16500911	4	0	0	0	0	0	0	0	0	0
5.50	16396620	4	0	0	0	0	0	0	0	0	0
5.60	16292956	4	0	0	0	0	0	0	0	0	0
5.70	16189914	4	0	0	0	0	0	0	0	0	0
5.80	16087493	4	0	0	0	0	0	0	0	0	0
5.90	15985687	4	0	0	0	0	0	0	0	0	0
6.00	15884494	4	0	0	0	0	0	0	0	0	0
6.10	15783910	4	0	0	0	0	0	0	0	0	0
6.20	15683931	4	0	0	0	0	0	0	0	0	0
6.30	15584555	4	0	0	0	0	0	0	0	0	0
6.40	15485777	4	0	0	0	0	0	0	0	0	0
6.50	15387595	4	0	0	0	0	0	0	0	0	0
6.60	15290004	4	0	0	0	0	0	0	0	0	0
6.70	15193002	4	0	0	0	0	0	0	0	0	0
6.80	15096585	4	0	0	0	0	0	0	0	0	0
6.90	15000750	4	0	0	0	0	0	0	0	0	0
7.00	14905493	4	0	0	0	0	0	0	0	0	0
7.10	14810811	4	0	0	0	0	0	0	0	0	0
7.20	14716701	4	0	0	0	0	0	0	0	0	0
7.30	14623160	4	0	0	0	0	0	0	0	0	0
7.40	14530184	4	0	0	0	0	0	0	0	0	0
7.50	14437770	4	0	0	0	0	0	0	0	0	0
7.60	14345914	4	0	0	0	0	0	0	0	0	0
7.70	14254615	4	0	0	0	0	0	0	0	0	0
7.80	14163868	4	0	0	0	0	0	0	0	0	0
7.90	14073670	4	0	0	0	0	0	0	0	0	0
8.00	13984018	4	0	0	0	0	0	0	0	0	0
8.10	13894909	4	0	0	0	0	0	0	0	0	0
8.20	13806340	4	0	0	0	0	0	0	0	0	0
8.30	13718308	4	0	0	0	0	0	0	0	0	0
8.40	13630809	4	0	0	0	0	0	0	0	0	0
8.50	13543842	4	0	0	0	0	0	0	0	0	0
8.60	13457401	4	0	0	0	0	0	0	0	0	0
8.70	13371486	4	0	0	0	0	0	0	0	0	0
8.80	13286091	4	0	0	0	0	0	0	0	0	0
8.90	13201215	4	0	0	0	0	0	0	0	0	0
9.00	13116855	4	0	0	0	0	0	0	0	0	0
9.10	13033008	4	0	0	0	0	0	0	0	0	0
9.20	12949669	4	0	0	0	0	0	0	0	0	0
9.30	12866838	4	0	0	0	0	0	0	0	0	0
9.40	12784510	4	0	0	0	0	0	0	0	0	0
9.50	12702683	4	0	0	0	0	0	0	0	0	0
9.60	12621354	4	0	0	0	0	0	0	0	0	0
9.70	12540521	4	0	0	0	0	0	0	0	0	0
9.80	12460179	4	0	0	0	0	0	0	0	0	0
9.90	12380327	4	0	0	0	0	0	0	0	0	0
10.00	12300961	4	0	0	0	0	0	0	0	0	0
10.10	12222079	4	0	0	0	0	0	0	0	0	0
10.20	12143678	4	0	0	0	0	0	0	0	0	0
10.30	12065755	4	0	0	0	0	0	0	0	0	0
10.40	11988308	4	0	0	0	0	0	0	0	0	0
10.50	11911333	4	0	0	0	0	0	0	0	0	0
10.60	11834828	4	0	0	0	0	0	0	0	0	0
10.70	11758790	4	0	0	0	0	0	0	0	0	0
10.80	11683217	4	0	0	0	0	0	0	0	0	0
10.90	11608106	4	0	0	0	0	0	0	0	0	0
11.00	11533453	4	0	0	0	0	0	0	0	0	0
11.10	11459258	4	0	0	0	0	0	0	0	0	0
11.20	11385515	4	0	0	0	0	0	0	0	0	0
11.30	11312225	4	0	0	0	0	0	0	0	0	0
11.40	11239382	4	0	0	0	0	0	0	0	0	0
11.50	11166986	4	0	0	0	0	0	0	0	0	0
11.60	11095033	4	0	0	0	0	0	0	0	0	0
11.70	11023521	4	0	0	0	0	0	0	0	0	0
11.80	10952447	4	0	0	0	0	0	0	0	0	0
11.90	10881809	4	0	0	0	0	0	0	0	0	0
12.00	10811604	4	0	0	0	0	0	0	0	0	0
12.10	10741829	4	0	0	0	0	0	0	0	0	0
12.20	10672483	4	0	0	0	0	0	0	0	0	0
12.30	10603562	4	0	0	0	0	0	0	0	0	0
12.40	10535065	4	0	0	0	0	0	0	0	0	0
12.50	10466988	4	0	0	0	0	0	0	0	0	0
12.60	10399329	4	0	0	0	0	0	0	0	0	0
12.70	10332087	4	0	0	0	0	0	0	0	0	0
12.80	10265257	4	0	0	0	0	0	0	0	0	0
12.90	10198839	4	0	0	0	0	0	0	0	0	0
13.00	10132829	4	0	0	0	0	0	0	0	0	0
13.10	10067226	4	0	0	0	0	0	0	0	0	0
13.20	10002026	4	0	0	0	0	0	0	0	0	0
13.30	9937228	4	0	0	0	0	0	0	0	0	0
13.40	9872828	4	0	0	0	0	0	0	0	0	0
13.50	9808826	4	0	0	0	0	0	0	0	0	0
13.60	9745218	4	0	0	0	0	0	0	0	0	0
13.70	9682003	4	0	0	0	0	0	0	0	0	0
13.80	9619177	4	0	0	0	0	0	0	0	0	0
13.90	9556739	4	0	0	0	0	0	0	0	0	0
14.00	9494686	4	0	0	0	0	0	0	0	0	0
14.10	9433016	4	0	0	0	0	0	0	0	0	0
14.20	9371727	4	0	0	0	0	0	0	0	0	0
14.30	9310817	4	0	0	0	0	0	0	0	0	0
14.40	9250283	4	0	0	0	0	0	0	0	0	0
14.50	9190123	4	0	0	0	0	0	0	0	0	0
14.60	9130336	4	0	0	0	0	0	0	0	0	0
14.70	9070918	4	0	0	0	0	0	0	0	0	0
14.80	9011867	4	0	0	0	0	0	0	0	0	0
14.90	8953183	4	0	0	0	0	0	0	0	0	0
15.00	8894861	4	0	0	0	0	0	0	0	0	0
15.10	8836901	4	0	0	0	0	0	0	0	0	0
15.20	8779300	4	0	0	0	0	0	0	0	0	0
15.30	8722055	4	0	0	0	0	0	0	0	0	0
15.40	8665166	4	0	0	0	0	0	0	0	0	0
15.50	8608630	4	0	0	0	0	0	0	0	0	0
15.60	8552444	4	0	0	0	0	0	0	0	0	0
15.70	8496607	4	0	0	0	0	0	0	0	0	0
15.80	8441116	4	0	0	0	0	0	0	0	0	0
15.90	8385970	4	0	0	0	0	0	0	0	0	0
16.00	8331167	4	0	0	0	0	0	0	0	0	0
16.10	8276704	4	0	0	0	0	0	0	0	0	0
16.20	8222580	4	0	0	0	0	0	0	0	0	0
16.30	8168792	4	0	0	0	0	0	0	0	0	0
16.40	8115338	4	0	0	0	0	0	0	0	0	0
16.50	8062218	4	0	0	0	0	0	0	0	0	0
16.60	8009427	4	0	0	0	0	0	0	0	0	0
16.70	7956966	4	0	0	0	0	0	0	0	0	0
16.80	7904831	4	0	0	0	0	0	0	0	0	0
16.90	7853021	4	0	0	0	0	0	0	0	0	0
17.00	7801534	4	0	0	0	0	0	0	0	0	0
17.10	7750368	4	0	0	0	0	0	0	0	0	0
17.20	7699520	4	0	0	0	0	0	0	0	0	0
17.30	7648990	4	0	0	0	0	0	0	0	0	0
17.40	7598776	4	0	0	0	0	0	0	0	0	0
17.50	7548874	4	0	0	0	0	0	0	0	0	0
17.60	7499285	4	0	0	0	0	0	0	0	0	0
17.70	7450005	4	0	0	0	0	0	0	0	0	0
17.80	7401033	4	0	0	0	0	0	0	0	0	0
17.90	7352367	4	0	0	0	0	0	0	0	0	0
18.00	7304005	4	0	0	0	0	0	0	0	0	0
18.10	7255945	4	0	0	0	0	0	0	0	0	0
18.20	7208187	4	0	0	0	0	0	0	0	0	0
18.30	7160727	4	0	0	0	0	0	0	0	0	0
18.40	7113564	4	0	0	0	0	0	0	0	0	0
18.50	7066697	4	0	0	0	0	0	0	0	0	0
18.60	7020123	4	0	0	0	0	0	0	0	0	0
18.70	6973841	4	0	0	0	0	0	0	0	0	0
18.80	6927850	4	0	0	0	0	0	0	0	0	0
18.90	6882146	4	0	0	0	0	0	0	0	0	0
19.00	6836729	4	0	0	0	0	0	0	0	0	0
19.10	6791598	4	0	0	0	0	0	0	0	0	0
19.20	6746749	4	0	0	0	0	0	0	0	0	0
19.30	6702182	4	0	0	0	0	0	0	0	0	0
19.40	6657895	4	0	0	0	0	0	0	0	0	0
19.50	6613886	4	0	0	0	0	0	0	0	0	0
19.60	6570154	4	0	0	0	0	0	0	0	0	0
19.70	6526697	4	0	0	0	0	0	0	0	0	0
19.80	6483513	4	0	0	0	0	0	0	0	0	0
19.90	6440600	4	0	0	0	0	0	0	0	0	0
20.00	6397958	4	0	0	0	0	0	0	0	0	0
20.10	6355584	4	0	0	0	0	0	0	0	0	0
20.20	6313477	4	0	0	0	0	0	0	0	0	0
20.30	6271636	4	0	0	0	0	0	0	0	0	0
20.40	6230057	4	0	0	0	0	0	0	0	0	0
20.50	6188741	4	0	0	0	0	0	0	0	0	0
20.60	6147686	4	0	0	0	0	0	0	0	0	0
20.70	6106889	4	0	0	0	0	0	0	0	0	0
20.80	6066350	4	0	0	0	0	0	0	0	0	0
20.90	6026067	4	0	0	0	0	0	0	0	0	0
21.00	5986038	4	0	0	0	0	0	0	0	0	0
21.10	5946262	4	0	0	0	0	0	0	0	0	0
21.20	5906737	4	0	0	0	0	0	0	0	0	0
21.30	5867462	4	0	0	0	0	0	0	0	0	0
21.40	5828435	4	0	0	0	0	0	0	0	0	0
21.50	5789655	4	0	0	0	0	0	0	0	0	0
21.60	5751120	4	0	0	0	0	0	0	0	0	0
21.70	5712829	4	0	0	0	0	0	0	0	0	0
21.80	5674781	4	0	0	0	0	0	0	0	0	0
21.90	5636974	4	0	0	0	0	0	0	0	0	0
22.00	5599406	4	0	0	0	0	0	0	0	0	0
22.10	5562076	4	0	0	0	0	0	0	0	0	0
22.20	5524982	4	0	0	0	0	0	0	0	0	0
22.30	5488124	4	0	0	0	0	0	0	0	0	0
22.40	5451500	4	0	0	0	0	0	0	0	0	0
22.50	5415108	4	0	0	0	0	0	0	0	0	0
22.60	5378947	4	0	0	0	0	0	0	0	0	0
22.70	5343016	4	0	0	0	0	0	0	0	0	0
22.80	5307312	4	0	0	0	0	0	0	0	0	0
22.90	5271836	4	0	0	0	0	0	0	0	0	0
23.00	5236585	4	0	0	0	0	0	0	0	0	0
23.10	5201559	4	0	0	0	0	0	0	0	0	0
23.20	5166755	4	0	0	0	0	0	0	0	0	0
23.30	5132172	4	0	0	0	0	0	0	0	0	0
23.40	5097809	4	0	0	0	0	0	0	0	0	0
23.50	5063666	4	0	0	0	0	0	0	0	0	0
23.60	5029739	4	0	0	0	0	0	0	0	0	0
23.70	4996029	4	0	0	0	0	0	0	0	0	0
23.80	4962534	4	0	0	0	0	0	0	0	0	0
23.90	4929252	4	0	0	0	0	0	0	0	0	0
24.00	4896182	4	0	0	0	0	0	0	0	0	0
24.10	4863324	4	0	0	0	0	0	0	0	0	0
24.20	4830675	4	0	0	0	0	0	0	0	0	0
24.30	4798234	4	0	0	0	0	0	0	0	0	0
24.40	4766000	4	0	0	0	0	0	0	0	0	0
24.50	4733973	4	0	0	0	0	0	0	0	0	0
24.60	4702150	4	0	0	0	0	0	0	0	0	0
24.70	4670530	4	0	0	0	0	0	0	0	0	0
24.80	4639113	4	0	0	0	0	0	0	0	0	0
24.90	4607896	4	0	0	0	0	0	0	0	0	0
25.00	4576879	4	0	0	0	0	0	0	0	0	0
25.10	4546061	4	0	0	0	0	0	0	0	0	0
25.20	4515440	4	0	0	0	0	0	0	0	0	0
25.30	4485015	4	0	0	0	0	0	0	0	0	0
25.40	4454785	4	0	0	0	0	0	0	0	0	0
25.50	4424749	4	0	0	0	0	0	0	0	0	0
25.60	4394906	4	0	0	0	0	0	0	0	0	0
25.70	4365253	4	0	0	0	0	0	0	0	0	0
25.80	4335791	4	0	0	0	0	0	0	0	0	0
25.90	4306518	4	0	0	0	0	0	0	0	0	0
26.00	4277433	4	0	0	0	0	0	0	0	0	0
26.10	4248535	4	0	0	0	0	0	0	0	0	0
26.20	4219822	4	0	0	0	0	0	0	0	0	0
26.30	4191294	4	0	0	0	0	0	0	0	0	0
26.40	4162949	4	0	0	0	0	0	0	0	0	0
26.50	4134786	4	0	0	0	0	0	0	0	0	0
26.60	4106805	4	0	0	0	0	0	0	0	0	0
26.70	4079003	4	0	0	0	0	0	0	0	0	0
26.80	4051381	4	0	0	0	0	0	0	0	0	0
26.90	4023936	4	0	0	0	0	0	0	0	0	0
27.00	3996669	4	0	0	0	0	0	0	0	0	0
27.10	3969576	4	0	0	0	0	0	0	0	0	0
27.20	3942659	4	0	0	0	0	0	0	0	0	0
27.30	3915915	4	0	0	0	0	0	0	0	0	0
27.40	3889343	4	0	0	0	0	0	0	0	0	0
27.50	3862943	4	0	0	0	0	0	0	0	0	0
27.60	3836714	4	0	0	0	0	0	0	0	0	0
27.70	3810653	4	0	0	0	0	0	0	0	0	0
27.80	3784761	4	0	0	0	0	0	0	0	0	0
27.90	3759036	4	0	0	0	0	0	0	0	0	0
28.00	3733478	4	0	0	0	0	0	0	0	0	0
28.10	3708085	4	0	0	0	0	0	0	0	0	0
28.20	3682855	4	0	0	0	0	0	0	0	0	0
28.30	3657789	4	0	0	0	0	0	0	0	0	0
28.40	3632886	4	0	0	0	0	0	0	0	0	0
28.50	3608143	4	0	0	0	0	0	0	0	0	0
28.60	3583561	4	0	0	0	0	0	0	0	0	0
28.70	3559138	4	0	0	0	0	0	0	0	0	0
28.80	3534873	4	0	0	0	0	0	0	0	0	0
28.90	3510766	4	0	0	0	0	0	0	0	0	0
29.00	3486815	4	0	0	0	0	0	0	0	0	0
29.10	3463019	4	0	0	0	0	0	0	0	0	0
29.20	3439377	4	0	0	0	0	0	0	0	0	0
29.30	3415889	4	0	0	0	0	0	0	0	0	0
29.40	3392554	4	0	0	0	0	0	0	0	0	0
29.50	3369370	4	0	0	0	0	0	0	0	0	0
29.60	3346337	4	0	0	0	0	0	0	0	0	0
29.70	3323453	4	0	0	0	0	0	0	0	0	0
29.80	3300719	4	0	0	0	0	0	0	0	0	0
29.90	3278132	4	0	0	0	0	0	0	0	0	0
30.00	3255692	4	0	0	0	0	0	0	0	0	0
30.10	3233398	4	0	0	0	0	0	0	0	0	0
30.20	3211249	4	0	0	0	0	0	0	0	0	0
30.30	3189245	4	0	0	0	0	0	0	0	0	0
30.40	3167384	4	0	0	0	0	0	0	0	0	0
30.50	3145665	4	0	0	0	0	0	0	0	0	0
30.60	3124088	4	0	0	0	0	0	0	0	0	0
30.70	3102652	4	0	0	0	0	0	0	0	0	0
30.80	3081355	4	0	0	0	0	0	0	0	0	0
30.90	3060198	4	0	0	0	0	0	0	0	0	0
31.00	3039179	4	0	0	0	0	0	0	0	0	0
31.10	3018296	4	0	0	0	0	0	0	0	0	0
31.20	2997551	4	0	0	0	0	0	0	0	0	0
31.30	2976941	4	0	0	0	0	0	0	0	0	0
31.40	2956465	4	0	0	0	0	0	0	0	0	0
31.50	2936124	4	0	0	0	0	0	0	0	0	0
31.60	2915916	4	0	0	0	0	0	0	0	0	0
31.70	2895839	4	0	0	0	0	0	0	0	0	0
31.80	2875895	4	0	0	0	0	0	0	0	0	0
31.90	2856081	4	0	0	0	0	0	0	0	0	0
32.00	2836396	4	0	0	0	0	0	0	0	0	0
32.10	2816841	4	0	0	0	0	0	0	0	0	0
32.20	2797414	4	0	0	0	0	0	0	0	0	0
32.30	2778114	4	0	0	0	0	0	0	0	0	0
32.40	2758941	4	0	0	0	0	0	0	0	0	0
32.50	2739894	4	0	0	0	0	0	0	0	0	0
32.60	2720971	4	0	0	0	0	0	0	0	0	0
32.70	2702173	4	0	0	0	0	0	0	0	0	0
32.80	2683499	4	0	0	0	0	0	0	0	0	0
32.90	2664947	4	0	0	0	0	0	0	0	0	0
33.00	2646517	4	0	0	0	0	0	0	0	0	0
33.10	2628208	4	0	0	0	0	0	0	0	0	0
33.20	2610020	4	0	0	0	0	0	0	0	0	0
33.30	2591951	4	0	0	0	0	0	0	0	0	0
33.40	2574002	4	0	0	0	0	0	0	0	0	0
33.50	2556170	4	0	0	0	0	0	0	0	0	0
33.60	2538456	4	0	0	0	0	0	0	0	0	0
33.70	2520859	4	0	0	0	0	0	0	0	0	0
33.80	2503377	4	0	0	0	0	0	0	0	0	0
33.90	2486011	4	0	0	0	0	0	0	0	0	0
34.00	2468760	4	0	0	0	0	0	0	0	0	0
34.10	2451622	4	0	0	0	0	0	0	0	0	0
34.20	2434597	4	0	0	0	0	0	0	0	0	0
34.30	2417685	4	0	0	0	0	0	0	0	0	0
34.40	2400885	4	0	0	0	0	0	0	0	0	0
34.50	2384195	4	0	0	0	0	0	0	0	0	0
34.60	2367616	4	0	0	0	0	0	0	0	0	0
34.70	2351146	4	0	0	0	0	0	0	0	0	0
34.80	2334786	4	0	0	0	0	0	0	0	0	0
34.90	2318533	4	0	0	0	0	0	0	0	0	0
35.00	2302389	4	0	0	0	0	0	0	0	0	0
35.10	2286351	4	0	0	0	0	0	0	0	0	0
35.20	2270419	4	0	0	0	0	0	0	0	0	0
35.30	2254593	4	0	0	0	0	0	0	0	0	0
35.40	2238871	4	0	0	0	0	0	0	0	0	0
35.50	2223254	4	0	0	0	0	0	0	0	0	0
35.60	2207741	4	0	0	0	0	0	0	0	0	0
35.70	2192330	4	0	0	0	0	0	0	0	0	0
35.80	2177022	4	0	0	0	0	0	0	0	0	0
35.90	2161816	4	0	0	0	0	0	0	0	0	0
36.00	2146710	4	0	0	0	0	0	0	0	0	0
36.10	2131705	4	0	0	0	0	0	0	0	0	0
36.20	2116799	4	0	0	0	0	0	0	0	0	0
36.30	2101993	4	0	0	0	0	0	0	0	0	0
36.40	2087285	4	0	0	0	0	0	0	0	0	0
36.50	2072674	4	0	0	0	0	0	0	0	0	0
36.60	2058162	4	0	0	0	0	0	0	0	0	0
36.70	2043745	4	0	0	0	0	0	0	0	0	0
36.80	2029425	4	0	0	0	0	0	0	0	0	0
36.90	2015200	4	0	0	0	0	0	0	0	0	0
37.00	2001070	4	0	0	0	0	0	0	0	0	0
37.10	1987034	4	0	0	0	0	0	0	0	0	0
37.20	1973092	4	0	0	0	0	0	0	0	0	0
37.30	1959243	4	0	0	0	0	0	0	0	0	0
37.40	1945486	4	0	0	0	0	0	0	0	0	0
37.50	1931821	4	0	0	0	0	0	0	0	0	0
37.60	1918247	4	0	0	0	0	0	0	0	0	0
37.70	1904764	4	0	0	0	0	0	0	0	0	0
37.80	1891371	4	0	0	0	0	0	0	0	0	0
37.90	1878068	4	0	0	0	0	0	0	0	0	0
38.00	1864853	4	0	0	0	0	0	0	0	0	0
38.10	1851727	4	0	0	0	0	0	0	0	0	0
38.20	1838689	4	0	0	0	0	0	0	0	0	0
38.30	1825738	4	0	0	0	0	0	0	0	0	0
38.40	1812874	4	0	0	0	0	0	0	0	0	0
38.50	1800096	4	0	0	0	0	0	0	0	0	0
38.60	1787404	4	0	0	0	0	0	0	0	0	0
38.70	1774796	4	0	0	0	0	0	0	0	0	0
38.80	1762274	4	0	0	0	0	0	0	0	0	0
38.90	1749835	4	0	0	0	0	0	0	0	0	0
39.00	1737480	4	0	0	0	0	0	0	0	0	0
39.10	1725208	4	0	0	0	0	0	0	0	0	0
39.20	1713018	4	0	0	0	0	0	0	0	0	0
39.30	1700910	4	0	0	0	0	0	0	0	0	0
39.40	1688883	4	0	0	0	0	0	0	0	0	0
39.50	1676937	4	0	0	0	0	0	0	0	0	0
39.60	1665072	4	0	0	0	0	0	0	0	0	0
39.70	1653286	4	0	0	0	0	0	0	0	0	0
39.80	1641580	4	0	0	0	0	0	0	0	0	0
39.90	1629953	4	0	0	0	0	0	0	0	0	0
40.00	1618404	4	0	0	0	0	0	0	0	0	0
40.10	1606932	4	0	0	0	0	0	0	0	0	0
40.20	1595538	4	0	0	0	0	0	0	0	0	0
40.30	1584221	4	0	0	0	0	0	0	0	0	0
40.40	1572980	4	0	0	0	0	0	0	0	0	0
40.50	1561815	4	0	0	0	0	0	0	0	0	0
40.60	1550725	4	0	0	0	0	0	0	0	0	0
40.70	1539710	4	0	0	0	0	0	0	0	0	0
40.80	1528770	4	0	0	0	0	0	0	0	0	0
40.90	1517903	4	0	0	0	0	0	0	0	0	0
41.00	1507110	4	0	0	0	0	0	0	0	0	0
41.10	1496390	4	0	0	0	0	0	0	0	0	0
41.20	1485743	4	0	0	0	0	0	0	0	0	0
41.30	1475167	4	0	0	0	0	0	0	0	0	0
41.40	1464663	4	0	0	0	0	0	0	0	0	0
41.50	1454230	4	0	0	0	0	0	0	0	0	0
41.60	1443868	4	0	0	0	0	0	0	0	0	0
41.70	1433576	4	0	0	0	0	0	0	0	0	0
41.80	1423354	4	0	0	0	0	0	0	0	0	0
41.90	1413201	4	0	0	0	0	0	0	0	0	0
42.00	1403117	4	0	0	0	0	0	0	0	0	0
42.10	1393101	4	0	0	0	0	0	0	0	0	0
42.20	1383153	4	0	0	0	0	0	0	0	0	0
42.30	1373273	4	0	0	0	0	0	0	0	0	0
42.40	1363460	4	0	0	0	0	0	0	0	0	0
42.50	1353713	4	0	0	0	0	0	0	0	0	0
42.60	1344033	4	0	0	0	0	0	0	0	0	0
42.70	1334419	4	0	0	0	0	0	0	0	0	0
42.80	1324870	4	0	0	0	0	0	0	0	0	0
42.90	1315386	4	0	0	0	0	0	0	0	0	0
43.00	1305967	4	0	0	0	0	0	0	0	0	0
43.10	1296611	4	0	0	0	0	0	0	0	0	0
43.20	1287320	4	0	0	0	0	0	0	0	0	0
43.30	1278091	4	0	0	0	0	0	0	0	0	0
43.40	1268926	4	0	0	0	0	0	0	0	0	0
43.50	1259823	4	0	0	0	0	0	0	0	0	0
43.60	1250782	4	0	0	0	0	0	0	0	0	0
43.70	1241803	4	0	0	0	0	0	0	0	0	0
43.80	1232885	4	0	0	0	0	0	0	0	0	0
43.90	1224029	4	0	0	0	0	0	0	0	0	0
44.00	1215232	4	0	0	0	0	0	0	0	0	0
44.10	1206496	4	0	0	0	0	0	0	0	0	0
44.20	1197819	4	0	0	0	0	0	0	0	0	0
44.30	1189202	4	0	0	0	0	0	0	0	0	0
44.40	1180644	4	0	0	0	0	0	0	0	0	0
44.50	1172144	4	0	0	0	0	0	0	0	0	0
44.60	1163702	4	0	0	0	0	0	0	0	0	0
44.70	1155318	4	0	0	0	0	0	0	0	0	0
44.80	1146992	4	0	0	0	0	0	0	0	0	0
44.90	1138723	4	0	0	0	0	0	0	0	0	0
45.00	1130510	4	0	0	0	0	0	0	0	0	0
45.10	1122354	4	0	0	0	0	0	0	0	0	0
45.20	1114254	4	0	0	0	0	0	0	0	0	0
45.30	1106209	4	0	0	0	0	0	0	0	0	0
45.40	1098219	4	0	0	0	0	0	0	0	0	0
45.50	1090285	4	0	0	0	0	0	0	0	0	0
45.60	1082404	4	0	0	0	0	0	0	0	0	0
45.70	1074578	4	0	0	0	0	0	0	0	0	0
45.80	1066806	4	0	0	0	0	0	0	0	0	0
45.90	1059087	4	0	0	0	0	0	0	0	0	0
46.00	1051422	4	0	0	0	0	0	0	0	0	0
46.10	1043809	4	0	0	0	0	0	0	0	0	0
46.20	1036248	4	0	0	0	0	0	0	0	0	0
46.30	1028740	4	0	0	0	0	0	0	0	0	0
46.40	1021283	4	0	0	0	0	0	0	0	0	0
46.50	1013878	4	0	0	0	0	0	0	0	0	0
46.60	1006524	4	0	0	0	0	0	0	0	0	0
46.70	999220	4	0	0	0	0	0	0	0	0	0
46.80	991967	4	0	0	0	0	0	0	0	0	0
46.90	984764	4	0	0	0	0	0	0	0	0	0
47.00	977611	4	0	0	0	0	0	0	0	0	0
47.10	970507	4	0	0	0	0	0	0	0	0	0
47.20	963452	4	0	0	0	0	0	0	0	0	0
47.30	956446	4	0	0	0	0	0	0	0	0	0
47.40	949488	4	0	0	0	0	0	0	0	0	0
47.50	942579	4	0	0	0	0	0	0	0	0	0
47.60	935717	4	0	0	0	0	0	0	0	0	0
47.70	928903	4	0	0	0	0	0	0	0	0	0
47.80	922136	4	0	0	0	0	0	0	0	0	0
47.90	915415	4	0	0	0	0	0	0	0	0	0
48.00	908742	4	0	0	0	0	0	0	0	0	0
48.10	902114	4	0	0	0	0	0	0	0	0	0
48.20	895533	4	0	0	0	0	0	0	0	0	0
48.30	888997	4	0	0	0	0	0	0	0	0	0
48.40	882507	4	0	0	0	0	0	0	0	0	0
48.50	876062	4	0	0	0	0	0	0	0	0	0
48.60	869661	4	0	0	0	0	0	0	0	0	0
48.70	863305	4	0	0	0	0	0	0	0	0	0
48.80	856993	4	0	0	0	0	0	0	0	0	0
48.90	850725	4	0	0	0	0	0	0	0	0	0
49.00	844500	4	0	0	0	0	0	0	0	0	0
49.10	838319	4	0	0	0	0	0	0	0	0	0
49.20	832181	4	0	0	0	0	0	0	0	0	0
49.30	826086	4	0	0	0	0	0	0	0	0	0
49.40	820033	4	0	0	0	0	0	0	0	0	0
49.50	814022	4	0	0	0	0	0	0	0	0	0
49.60	808053	4	0	0	0	0	0	0	0	0	0
49.70	802126	4	0	0	0	0	0	0	0	0	0
49.80	796240	4	0	0	0	0	0	0	0	0	0
49.90	790395	4	0	0	0	0	0	0	0	0	0
50.00	784591	4	0	0	0	0	0	0	0	0	0
50.10	778827	4	0	0	0	0	0	0	0	0	0
50.20	773104	4	0	0	0	0	0	0	0	0	0
50.30	767421	4	0	0	0	0	0	0	0	0	0
50.40	761777	4	0	0	0	0	0	0	0	0	0
50.50	756173	4	0	0	0	0	0	0	0	0	0
50.60	750608	4	0	0	0	0	0	0	0	0	0
50.70	745082	4	0	0	0	0	0	0	0	0	0
50.80	739595	4	0	0	0	0	0	0	0	0	0
50.90	734146	4	0	0	0	0	0	0	0	0	0
51.00	728735	4	0	0	0	0	0	0	0	0	0
51.10	723362	4	0	0	0	0	0	0	0	0	0
51.20	718027	4	0	0	0	0	0	0	0	0	0
51.30	712729	4	0	0	0	0	0	0	0	0	0
51.40	707469	4	0	0	0	0	0	0	0	0	0
51.50	702245	4	0	0	0	0	0	0	0	0	0
51.60	697058	4	0	0	0	0	0	0	0	0	0
51.70	691908	4	0	0	0	0	0	0	0	0	0
51.80	686793	4	0	0	0	0	0	0	0	0	0
51.90	681715	4	0	0	0	0	0	0	0	0	0
52.00	676672	4	0	0	0	0	0	0	0	0	0
52.10	671665	4	0	0	0	0	0	0	0	0	0
52.20	666693	4	0	0	0	0	0	0	0	0	0
52.30	661756	4	0	0	0	0	0	0	0	0	0
52.40	656854	4	0	0	0	0	0	0	0	0	0
52.50	651986	4	0	0	0	0	0	0	0	0	0
52.60	647152	4	0	0	0	0	0	0	0	0	0
52.70	642353	4	0	0	0	0	0	0	0	0	0
52.80	637588	4	0	0	0	0	0	0	0	0	0
52.90	632856	4	0	0	0	0	0	0	0	0	0
53.00	628157	4	0	0	0	0	0	0	0	0	0
53.10	623492	4	0	0	0	0	0	0	0	0	0
53.20	618859	4	0	0	0	0	0	0	0	0	0
53.30	614260	4	0	0	0	0	0	0	0	0	0
53.40	609693	4	0	0	0	0	0	0	0	0	0
53.50	605158	4	0	0	0	0	0	0	0	0	0
53.60	600655	4	0	0	0	0	0	0	0	0	0
53.70	596184	4	0	0	0	0	0	0	0	0	0
53.80	591745	4	0	0	0	0	0	0	0	0	0
53.90	587337	4	0	0	0	0	0	0	0	0	0
54.00	582960	4	0	0	0	0	0	0	0	0	0
54.10	578615	4	0	0	0	0	0	0	0	0	0
54.20	574300	4	0	0	0	0	0	0	0	0	0
54.30	570015	4	0	0	0	0	0	0	0	0	0
54.40	565762	4	0	0	0	0	0	0	0	0	0
54.50	561538	4	0	0	0	0	0	0	0	0	0
54.60	557344	4	0	0	0	0	0	0	0	0	0
54.70	553180	4	0	0	0	0	0	0	0	0	0
54.80	549046	4	0	0	0	0	0	0	0	0	0
54.90	544941	4	0	0	0	0	0	0	0	0	0
55.00	540865	4	0	0	0	0	0	0	0	0	0
55.10	536818	4	0	0	0	0	0	0	0	0	0
55.20	532800	4	0	0	0	0	0	0	0	0	0
55.30	528811	4	0	0	0	0	0	0	0	0	0
55.40	524850	4	0	0	0	0	0	0	0	0	0
55.50	520917	4	0	0	0	0	0	0	0	0	0
55.60	517012	4	0	0	0	0	0	0	0	0	0
55.70	513136	4	0	0	0	0	0	0	0	0	0
55.80	509286	4	0	0	0	0	0	0	0	0	0
55.90	505464	4	0	0	0	0	0	0	0	0	0
56.00	501670	4	0	0	0	0	0	0	0	0	0
56.10	497902	4	0	0	0	0	0	0	0	0	0
56.20	494162	4	0	0	0	0	0	0	0	0	0
56.30	490448	4	0	0	0	0	0	0	0	0	0
56.40	486761	4	0	0	0	0	0	0	0	0	0
56.50	483100	4	0	0	0	0	0	0	0	0	0
56.60	479465	4	0	0	0	0	0	0	0	0	0
56.70	475856	4	0	0	0	0	0	0	0	0	0
56.80	472273	4	0	0	0	0	0	0	0	0	0
56.90	468716	4	0	0	0	0	0	0	0	0	0
57.00	465184	4	0	0	0	0	0	0	0	0	0
57.10	461677	4	0	0	0	0	0	0	0	0	0
57.20	458196	4	0	0	0	0	0	0	0	0	0
57.30	454740	4	0	0	0	0	0	0	0	0	0
57.40	451308	4	0	0	0	0	0	0	0	0	0
57.50	447901	4	0	0	0	0	0	0	0	0	0
57.60	444518	4	0	0	0	0	0	0	0	0	0
57.70	441160	4	0	0	0	0	0	0	0	0	0
57.80	437826	4	0	0	0	0	0	0	0	0	0
57.90	434516	4	0	0	0	0	0	0	0	0	0
58.00	431229	4	0	0	0	0	0	0	0	0	0
58.10	427967	4	0	0	0	0	0	0	0	0	0
58.20	424727	4	0	0	0	0	0	0	0	0	0
58.30	421511	4	0	0	0	0	0	0	0	0	0
58.40	418318	4	0	0	0	0	0	0	0	0	0
58.50	415149	4	0	0	0	0	0	0	0	0	0
58.60	412002	4	0	0	0	0	0	0	0	0	0
58.70	408877	4	0	0	0	0	0	0	0	0	0
58.80	405776	4	0	0	0	0	0	0	0	0	0
58.90	402696	4	0	0	0	0	0	0	0	0	0
59.00	399639	4	0	0	0	0	0	0	0	0	0
59.10	396604	4	0	0	0	0	0	0	0	0	0
59.20	393591	4	0	0	0	0	0	0	0	0	0
59.30	390599	4	0	0	0	0	0	0	0	0	0
59.40	387629	4	0	0	0	0	0	0	0	0	0
59.50	384681	4	0	0	0	0	0	0	0	0	0
59.60	381754	4	0	0	0	0	0	0	0	0	0
59.70	378848	4	0	0	0	0	0	0	0	0	0
59.80	375963	4	0	0	0	0	0	0	0	0	0
59.90	373099	4	0	0	0	0	0	0	0	0	0
60.00	370256	4	0	0	0	0	0	0	0	0	0
60.10	367434	4	0	0	0	0	0	0	0	0	0
60.20	364632	4	0	0	0	0	0	0	0	0	0
60.30	361850	4	0	0	0	0	0	0	0	0	0
60.40	359088	4	0	0	0	0	0	0	0	0	0
60.50	356347	4	0	0	0	0	0	0	0	0	0
60.60	353625	4	0	0	0	0	0	0	0	0	0
60.70	350923	4	0	0	0	0	0	0	0	0	0
60.80	348241	4	0	0	0	0	0	0	0	0	0
60.90	345578	4	0	0	0	0	0	0	0	0	0
61.00	342934	4	0	0	0	0	0	0	0	0	0
61.10	340310	4	0	0	0	0	0	0	0	0	0
61.20	337705	4	0	0	0	0	0	0	0	0	0
61.30	335119	4	0	0	0	0	0	0	0	0	0
61.40	332552	4	0	0	0	0	0	0	0	0	0
61.50	330003	4	0	0	0	0	0	0	0	0	0
61.60	327473	4	0	0	0	0	0	0	0	0	0
61.70	324961	4	0	0	0	0	0	0	0	0	0
61.80	322468	4	0	0	0	0	0	0	0	0	0
61.90	319993	4	0	0	0	0	0	0	0	0	0
62.00	317536	4	0	0	0	0	0	0	0	0	0
62.10	315097	4	0	0	0	0	0	0	0	0	0
62.20	312676	4	0	0	0	0	0	0	0	0	0
62.30	310272	4	0	0	0	0	0	0	0	0	0
62.40	307886	4	0	0	0	0	0	0	0	0	0
62.50	305517	4	0	0	0	0	0	0	0	0	0
62.60	303166	4	0	0	0	0	0	0	0	0	0
62.70	300832	4	0	0	0	0	0	0	0	0	0
62.80	298515	4	0	0	0	0	0	0	0	0	0
62.90	296215	4	0	0	0	0	0	0	0	0	0
63.00	293932	4	0	0	0	0	0	0	0	0	0
63.10	291666	4	0	0	0	0	0	0	0	0	0
63.20	289416	4	0	0	0	0	0	0	0	0	0
63.30	287182	4	0	0	0	0	0	0	0	0	0
63.40	284966	4	0	0	0	0	0	0	0	0	0
63.50	282765	4	0	0	0	0	0	0	0	0	0
63.60	280580	4	0	0	0	0	0	0	0	0	0
63.70	278412	4	0	0	0	0	0	0	0	0	0
63.80	276259	4	0	0	0	0	0	0	0	0	0
63.90	274123	4	0	0	0	0	0	0	0	0	0
64.00	272002	4	0	0	0	0	0	0	0	0	0
64.10	269896	4	0	0	0	0	0	0	0	0	0
64.20	267807	4	0	0	0	0	0	0	0	0	0
64.30	265732	4	0	0	0	0	0	0	0	0	0
64.40	263673	4	0	0	0	0	0	0	0	0	0
64.50	261629	4	0	0	0	0	0	0	0	0	0
64.60	259600	4	0	0	0	0	0	0	0	0	0
64.70	257586	4	0	0	0	0	0	0	0	0	0
64.80	255587	4	0	0	0	0	0	0	0	0	0
64.90	253602	4	0	0	0	0	0	0	0	0	0
65.00	251633	4	0	0	0	0	0	0	0	0	0
65.10	249678	4	0	0	0	0	0	0	0	0	0
65.20	247737	4	0	0	0	0	0	0	0	0	0
65.30	245810	4	0	0	0	0	0	0	0	0	0
65.40	243898	4	0	0	0	0	0	0	0	0	0
65.50	242000	4	0	0	0	0	0	0	0	0	0
65.60	240116	4	0	0	0	0	0	0	0	0	0
65.70	238246	4	0	0	0	0	0	0	0	0	0
65.80	236390	4	0	0	0	0	0	0	0	0	0
65.90	234548	4	0	0	0	0	0	0	0	0	0
66.00	232719	4	0	0	0	0	0	0	0	0	0
66.10	230904	4	0	0	0	0	0	0	0	0	0
66.20	229102	4	0	0	0	0	0	0	0	0	0
66.30	227313	4	0	0	0	0	0	0	0	0	0
66.40	225538	4	0	0	0	0	0	0	0	0	0
66.50	223776	4	0	0	0	0	0	0	0	0	0
66.60	222028	4	0	0	0	0	0	0	0	0	0
66.70	220292	4	0	0	0	0	0	0	0	0	0
66.80	218569	4	0	0	0	0	0	0	0	0	0
66.90	216859	4	0	0	0	0	0	0	0	0	0
67.00	215161	4	0	0	0	0	0	0	0	0	0
67.10	213476	4	0	0	0	0	0	0	0	0	0
67.20	211804	4	0	0	0	0	0	0	0	0	0
67.30	210144	4	0	0	0	0	0	0	0	0	0
67.40	208497	4	0	0	0	0	0	0	0	0	0
67.50	206862	4	0	0	0	0	0	0	0	0	0
67.60	205239	4	0	0	0	0	0	0	0	0	0
67.70	203628	4	0	0	0	0	0	0	0	0	0
67.80	202029	4	0	0	0	0	0	0	0	0	0
67.90	200443	4	0	0	0	0	0	0	0	0	0
68.00	198867	4	0	0	0	0	0	0	0	0	0
68.10	197304	4	0	0	0	0	0	0	0	0	0
68.20	195753	4	0	0	0	0	0	0	0	0	0
68.30	194213	4	0	0	0	0	0	0	0	0	0
68.40	192684	4	0	0	0	0	0	0	0	0	0
68.50	191167	4	0	0	0	0	0	0	0	0	0
68.60	189662	4	0	0	0	0	0	0	0	0	0
68.70	188167	4	0	0	0	0	0	0	0	0	0
68.80	186684	4	0	0	0	0	0	0	0	0	0
68.90	185212	4	0	0	0	0	0	0	0	0	0
69.00	183751	4	0	0	0	0	0	0	0	0	0
69.10	182301	4	0	0	0	0	0	0	0	0	0
69.20	180862	4	0	0	0	0	0	0	0	0	0
69.30	179433	4	0	0	0	0	0	0	0	0	0
69.40	178016	4	0	0	0	0	0	0	0	0	0
69.50	176609	4	0	0	0	0	0	0	0	0	0
69.60	175212	4	0	0	0	0	0	0	0	0	0
69.70	173826	4	0	0	0	0	0	0	0	0	0
69.80	172451	4	0	0	0	0	0	0	0	0	0
69.90	171086	4	0	0	0	0	0	0	0	0	0
70.00	169731	4	0	0	0	0	0	0	0	0	0
70.10	168386	4	0	0	0	0	0	0	0	0	0
70.20	167051	4	0	0	0	0	0	0	0	0	0
70.30	165727	4	0	0	0	0	0	0	0	0	0
70.40	164412	4	0	0	0	0	0	0	0	0	0
70.50	163108	4	0	0	0	0	0	0	0	0	0
70.60	161813	4	0	0	0	0	0	0	0	0	0
70.70	160528	4	0	0	0	0	0	0	0	0	0
70.80	159253	4	0	0	0	0	0	0	0	0	0
70.90	157987	4	0	0	0	0	0	0	0	0	0
71.00	156731	4	0	0	0	0	0	0	0	0	0
71.10	155484	4	0	0	0	0	0	0	0	0	0
71.20	154247	4	0	0	0	0	0	0	0	0	0
71.30	153020	4	0	0	0	0	0	0	0	0	0
71.40	151801	4	0	0	0	0	0	0	0	0	0
71.50	150592	4	0	0	0	0	0	0	0	0	0
71.60	149392	4	0	0	0	0	0	0	0	0	0
71.70	148201	4	0	0	0	0	0	0	0	0	0
71.80	147019	4	0	0	0	0	0	0	0	0	0
71.90	145846	4	0	0	0	0	0	0	0	0	0
72.00	144681	4	0	0	0	0	0	0	0	0	0
72.10	143526	4	0	0	0	0	0	0	0	0	0
72.20	142380	4	0	0	0	0	0	0	0	0	0
72.30	141242	4	0	0	0	0	0	0	0	0	0
72.40	140113	4	0	0	0	0	0	0	0	0	0
72.50	138992	4	0	0	0	0	0	0	0	0	0
72.60	137880	4	0	0	0	0	0	0	0	0	0
72.70	136776	4	0	0	0	0	0	0	0	0	0
72.80	135681	4	0	0	0	0	0	0	0	0	0
72.90	134594	4	0	0	0	0	0	0	0	0	0
73.00	133516	4	0	0	0	0	0	0	0	0	0
73.10	132445	4	0	0	0	0	0	0	0	0	0
73.20	131383	4	0	0	0	0	0	0	0	0	0
73.30	130329	4	0	0	0	0	0	0	0	0	0
73.40	129283	4	0	0	0	0	0	0	0	0	0
73.50	128245	4	0	0	0	0	0	0	0	0	0
73.60	127215	4	0	0	0	0	0	0	0	0	0
73.70	126192	4	0	0	0	0	0	0	0	0	0
73.80	125178	4	0	0	0	0	0	0	0	0	0
73.90	124171	4	0	0	0	0	0	0	0	0	0
74.00	123172	4	0	0	0	0	0	0	0	0	0
74.10	122181	4	0	0	0	0	0	0	0	0	0
74.20	121197	4	0	0	0	0	0	0	0	0	0
74.30	120221	4	0	0	0	0	0	0	0	0	0
74.40	119252	4	0	0	0	0	0	0	0	0	0
74.50	118290	4	0	0	0	0	0	0	0	0	0
74.60	117336	4	0	0	0	0	0	0	0	0	0
74.70	116390	4	0	0	0	0	0	0	0	0	0
74.80	115450	4	0	0	0	0	0	0	0	0	0
74.90	114518	4	0	0	0	0	0	0	0	0	0
75.00	113593	4	0	0	0	0	0	0	0	0	0
75.10	112675	4	0	0	0	0	0	0	0	0	0
75.20	111764	4	0	0	0	0	0	0	0	0	0
75.30	110860	4	0	0	0	0	0	0	0	0	0
75.40	109963	4	0	0	0	0	0	0	0	0	0
75.50	109073	4	0	0	0	0	0	0	0	0	0
75.60	108190	4	0	0	0	0	0	0	0	0	0
75.70	107314	4	0	0	0	0	0	0	0	0	0
75.80	106444	4	0	0	0	0	0	0	0	0	0
75.90	105581	4	0	0	0	0	0	0	0	0	0
76.00	104725	4	0	0	0	0	0	0	0	0	0
76.10	103875	4	0	0	0	0	0	0	0	0	0
76.20	103032	4	0	0	0	0	0	0	0	0	0
76.30	102196	4	0	0	0	0	0	0	0	0	0
76.40	101365	4	0	0	0	0	0	0	0	0	0
76.50	100542	4	0	0	0	0	0	0	0	0	0
76.60	99724	4	0	0	0	0	0	0	0	0	0
76.70	98913	4	0	0	0	0	0	0	0	0	0
76.80	98108	4	0	0	0	0	0	0	0	0	0
76.90	97310	4	0	0	0	0	0	0	0	0	0
77.00	96517	4	0	0	0	0	0	0	0	0	0
77.10	95731	4	0	0	0	0	0	0	0	0	0
77.20	94951	4	0	0	0	0	0	0	0	0	0
77.30	94177	4	0	0	0	0	0	0	0	0	0
77.40	93409	4	0	0	0	0	0	0	0	0	0
77.50	92647	4	0	0	0	0	0	0	0	0	0
77.60	91890	4	0	0	0	0	0	0	0	0	0
77.70	91140	4	0	0	0	0	0	0	0	0	0
77.80	90395	4	0	0	0	0	0	0	0	0	0
77.90	89657	4	0	0	0	0	0	0	0	0	0
78.00	88924	4	0	0	0	0	0	0	0	0	0
78.10	88196	4	0	0	0	0	0	0	0	0	0
78.20	87475	4	0	0	0	0	0	0	0	0	0
78.30	86759	4	0	0	0	0	0	0	0	0	0
78.40	86048	4	0	0	0	0	0	0	0	0	0
78.50	85343	4	0	0	0	0	0	0	0	0	0
78.60	84644	4	0	0	0	0	0	0	0	0	0
78.70	83950	4	0	0	0	0	0	0	0	0	0
78.80	83261	4	0	0	0	0	0	0	0	0	0
78.90	82578	4	0	0	0	0	0	0	0	0	0
79.00	81900	4	0	0	0	0	0	0	0	0	0
79.10	81227	4	0	0	0	0	0	0	0	0	0
79.20	80560	4	0	0	0	0	0	0	0	0	0
79.30	79898	4	0	0	0	0	0	0	0	0	0
79.40	79241	4	0	0	0	0	0	0	0	0	0
79.50	78589	4	0	0	0	0	0	0	0	0	0
79.60	77942	4	0	0	0	0	0	0	0	0	0
79.70	77301	4	0	0	0	0	0	0	0	0	0
79.80	76664	4	0	0	0	0	0	0	0	0	0
79.90	76032	4	0	0	0	0	0	0	0	0	0
80.00	75406	4	0	0	0	0	0	0	0	0	0
80.10	74784	4	0	0	0	0	0	0	0	0	0
80.20	74167	4	0	0	0	0	0	0	0	0	0
80.30	73555	4	0	0	0	0	0	0	0	0	0
80.40	72948	4	0	0	0	0	0	0	0	0	0
80.50	72345	4	0	0	0	0	0	0	0	0	0
80.60	71747	4	0	0	0	0	0	0	0	0	0
80.70	71154	4	0	0	0	0	0	0	0	0	0
80.80	70566	4	0	0	0	0	0	0	0	0	0
80.90	69982	4	0	0	0	0	0	0	0	0	0
81.00	69403	4	0	0	0	0	0	0	0	0	0
81.10	68828	4	0	0	0	0	0	0	0	0	0
81.20	68258	4	0	0	0	0	0	0	0	0	0
81.30	67692	4	0	0	0	0	0	0	0	0	0
81.40	67131	4	0	0	0	0	0	0	0	0	0
81.50	66574	4	0	0	0	0	0	0	0	0	0
81.60	66022	4	0	0	0	0	0	0	0	0	0
81.70	65474	4	0	0	0	0	0	0	0	0	0
81.80	64930	4	0	0	0	0	0	0	0	0	0
81.90	64391	4	0	0	0	0	0	0	0	0	0
82.00	63856	4	0	0	0	0	0	0	0	0	0
82.10	63325	4	0	0	0	0	0	0	0	0	0
82.20	62798	4	0	0	0	0	0	0	0	0	0
82.30	62276	4	0	0	0	0	0	0	0	0	0
82.40	61757	4	0	0	0	0	0	0	0	0	0
82.50	61243	4	0	0	0	0	0	0	0	0	0
82.60	60733	4	0	0	0	0	0	0	0	0	0
82.70	60227	4	0	0	0	0	0	0	0	0	0
82.80	59725	4	0	0	0	0	0	0	0	0	0
82.90	59226	4	0	0	0	0	0	0	0	0	0
83.00	58732	4	0	0	0	0	0	0	0	0	0
83.10	58242	4	0	0	0	0	0	0	0	0	0
83.20	57755	4	0	0	0	0	0	0	0	0	0
83.30	57273	4	0	0	0	0	0	0	0	0	0
83.40	56794	4	0	0	0	0	0	0	0	0	0
83.50	56319	4	0	0	0	0	0	0	0	0	0
83.60	55848	4	0	0	0	0	0	0	0	0	0
83.70	55381	4	0	0	0	0	0	0	0	0	0
83.80	54917	4	0	0	0	0	0	0	0	0	0
83.90	54457	4	0	0	0	0	0	0	0	0	0
84.00	54001	4	0	0	0	0	0	0	0	0	0
84.10	53548	4	0	0	0	0	0	0	0	0	0
84.20	53099	4	0	0	0	0	0	0	0	0	0
84.30	52653	4	0	0	0	0	0	0	0	0	0
84.40	52211	4	0	0	0	0	0	0	0	0	0
84.50	51773	4	0	0	0	0	0	0	0	0	0
84.60	51338	4	0	0	0	0	0	0	0	0	0
84.70	50907	4	0	0	0	0	0	0	0	0	0
84.80	50479	4	0	0	0	0	0	0	0	0	0
84.90	50054	4	0	0	0	0	0	0	0	0	0
85.00	49633	4	0	0	0	0	0	0	0	0	0
85.10	49215	4	0	0	0	0	0	0	0	0	0
85.20	48801	4	0	0	0	0	0	0	0	0	0
85.30	48390	4	0	0	0	0	0	0	0	0	0
85.40	47982	4	0	0	0	0	0	0	0	0	0
85.50	47577	4	0	0	0	0	0	0	0	0	0
85.60	47176	4	0	0	0	0	0	0	0	0	0
85.70	46778	4	0	0	0	0	0	0	0	0	0
85.80	46383	4	0	0	0	0	0	0	0	0	0
85.90	45991	4	0	0	0	0	0	0	0	0	0
86.00	45602	4	0	0	0	0	0	0	0	0	0
86.10	45217	4	0	0	0	0	0	0	0	0	0
86.20	44834	4	0	0	0	0	0	0	0	0	0
86.30	44455	4	0	0	0	0	0	0	0	0	0
86.40	44079	4	0	0	0	0	0	0	0	0	0
86.50	43706	4	0	0	0	0	0	0	0	0	0
86.60	43335	4	0	0	0	0	0	0	0	0	0
86.70	42968	4	0	0	0	0	0	0	0	0	0
86.80	42604	4	0	0	0	0	0	0	0	0	0
86.90	42243	4	0	0	0	0	0	0	0	0	0
87.00	41884	4	0	0	0	0	0	0	0	0	0
87.10	41529	4	0	0	0	0	0	0	0	0	0
87.20	41176	4	0	0	0	0	0	0	0	0	0
87.30	40826	4	0	0	0	0	0	0	0	0	0
87.40	40479	4	0	0	0	0	0	0	0	0	0
87.50	40135	4	0	0	0	0	0	0	0	0	0
87.60	39793	4	0	0	0	0	0	0	0	0	0
87.70	39455	4	0	0	0	0	0	0	0	0	0
87.80	39119	4	0	0	0	0	0	0	0	0	0
87.90	38786	4	0	0	0	0	0	0	0	0	0
88.00	38455	4	0	0	0	0	0	0	0	0	0
88.10	38127	4	0	0	0	0	0	0	0	0	0
88.20	37802	4	0	0	0	0	0	0	0	0	0
88.30	37480	4	0	0	0	0	0	0	0	0	0
88.40	37160	4	0	0	0	0	0	0	0	0	0
88.50	36843	4	0	0	0	0	0	0	0	0	0
88.60	36528	4	0	0	0	0	0	0	0	0	0
88.70	36216	4	0	0	0	0	0	0	0	0	0
88.80	35906	4	0	0	0	0	0	0	0	0	0
88.90	35599	4	0	0	0	0	0	0	0	0	0
89.00	35294	4	0	0	0	0	0	0	0	0	0
89.10	34992	4	0	0	0	0	0	0	0	0	0
89.20	34692	4	0	0	0	0	0	0	0	0	0
89.30	34395	4	0	0	0	0	0	0	0	0	0
89.40	34100	4	0	0	0	0	0	0	0	0	0
89.50	33808	4	0	0	0	0	0	0	0	0	0
89.60	33518	4	0	0	0	0	0	0	0	0	0
89.70	33230	4	0	0	0	0	0	0	0	0	0
89.80	32945	4	0	0	0	0	0	0	0	0	0
89.90	32662	4	0	0	0	0	0	0	0	0	0
90.00	32381	4	0	0	0	0	0	0	0	0	0
90.10	32103	4	0	0	0	0	0	0	0	0	0
90.20	31827	4	0	0	0	0	0	0	0	0	0
90.30	31553	4	0	0	0	0	0	0	0	0	0
90.40	31281	4	0	0	0	0	0	0	0	0	0
90.50	31012	4	0	0	0	0	0	0	0	0	0
90.60	30745	4	0	0	0	0	0	0	0	0	0
90.70	30480	4	0	0	0	0	0	0	0	0	0
90.80	30217	4	0	0	0	0	0	0	0	0	0
90.90	29956	4	0	0	0	0	0	0	0	0	0
91.00	29698	4	0	0	0	0	0	0	0	0	0
91.10	29441	4	0	0	0	0	0	0	0	0	0
91.20	29187	4	0	0	0	0	0	0	0	0	0
91.30	28935	4	0	0	0	0	0	0	0	0	0
91.40	28685	4	0	0	0	0	0	0	0	0	0
91.50	28437	4	0	0	0	0	0	0	0	0	0
91.60	28190	4	0	0	0	0	0	0	0	0	0
91.70	27946	4	0	0	0	0	0	0	0	0	0
91.80	27704	4	0	0	0	0	0	0	0	0	0
91.90	27464	4	0	0	0	0	0	0	0	0	0
92.00	27226	4	0	0	0	0	0	0	0	0	0
92.10	26990	4	0	0	0	0	0	0	0	0	0
92.20	26756	4	0	0	0	0	0	0	0	0	0
92.30	26524	4	0	0	0	0	0	0	0	0	0
92.40	26294	4	0	0	0	0	0	0	0	0	0
92.50	26065	4	0	0	0	0	0	0	0	0	0
92.60	25839	4	0	0	0	0	0	0	0	0	0
92.70	25614	4	0	0	0	0	0	0	0	0	0
92.80	25391	4	0	0	0	0	0	0	0	0	0
92.90	25170	4	0	0	0	0	0	0	0	0	0
93.00	24951	4	0	0	0	0	0	0	0	0	0
93.10	24734	4	0	0	0	0	0	0	0	0	0
93.20	24519	4	0	0	0	0	0	0	0	0	0
93.30	24305	4	0	0	0	0	0	0	0	0	0
93.40	24093	4	0	0	0	0	0	0	0	0	0
93.50	23883	4	0	0	0	0	0	0	0	0	0
93.60	23674	4	0	0	0	0	0	0	0	0	0
93.70	23468	4	0	0	0	0	0	0	0	0	0
93.80	23263	4	0	0	0	0	0	0	0	0	0
93.90	23059	4	0	0	0	0	0	0	0	0	0
94.00	22858	4	0	0	0	0	0	0	0	0	0
94.10	22658	4	0	0	0	0	0	0	0	0	0
94.20	22460	4	0	0	0	0	0	0	0	0	0
94.30	22263	4	0	0	0	0	0	0	0	0	0
94.40	22068	4	0	0	0	0	0	0	0	0	0
94.50	21875	4	0	0	0	0	0	0	0	0	0
94.60	21683	4	0	0	0	0	0	0	0	0	0
94.70	21493	4	0	0	0	0	0	0	0	0	0
94.80	21304	4	0	0	0	0	0	0	0	0	0
94.90	21117	4	0	0	0	0	0	0	0	0	0
95.00	20932	4	0	0	0	0	0	0	0	0	0
95.10	20748	4	0	0	0	0	0	0	0	0	0
95.20	20566	4	0	0	0	0	0	0	0	0	0
95.30	20385	4	0	0	0	0	0	0	0	0	0
95.40	20206	4	0	0	0	0	0	0	0	0	0
95.50	20028	4	0	0	0	0	0	0	0	0	0
95.60	19851	4	0	0	0	0	0	0	0	0	0
95.70	19677	4	0	0	0	0	0	0	0	0	0
95.80	19503	4	0	0	0	0	0	0	0	0	0
95.90	19331	4	0	0	0	0	0	0	0	0	0
96.00	19161	4	0	0	0	0	0	0	0	0	0
96.10	18992	4	0	0	0	0	0	0	0	0	0
96.20	18824	4	0	0	0	0	0	0	0	0	0
96.30	18658	4	0	0	0	0	0	0	0	0	0
96.40	18493	4	0	0	0	0	0	0	0	0	0
96.50	18330	4	0	0	0	0	0	0	0	0	0
96.60	18168	4	0	0	0	0	0	0	0	0	0
96.70	18007	4	0	0	0	0	0	0	0	0	0
96.80	17848	4	0	0	0	0	0	0	0	0	0
96.90	17690	4	0	0	0	0	0	0	0	0	0
97.00	17533	4	0	0	0	0	0	0	0	0	0
97.10	17377	4	0	0	0	0	0	0	0	0	0
97.20	17223	4	0	0	0	0	0	0	0	0	0
97.30	17071	4	0	0	0	0	0	0	0	0	0
97.40	16919	4	0	0	0	0	0	0	0	0	0
97.50	16769	4	0	0	0	0	0	0	0	0	0
97.60	16620	4	0	0	0	0	0	0	0	0	0
97.70	16472	4	0	0	0	0	0	0	0	0	0
97.80	16326	4	0	0	0	0	0	0	0	0	0
97.90	16181	4	0	0	0	0	0	0	0	0	0
98.00	16037	4	0	0	0	0	0	0	0	0	0
98.10	15894	4	0	0	0	0	0	0	0	0	0
98.20	15753	4	0	0	0	0	0	0	0	0	0
98.30	15612	4	0	0	0	0	0	0	0	0	0
98.40	15473	4	0	0	0	0	0	0	0	0	0
98.50	15335	4	0	0	0	0	0	0	0	0	0
98.60	15198	4	0	0	0	0	0	0	0	0	0
98.70	15063	4	0	0	0	0	0	0	0	0	0
98.80	14928	4	0	0	0	0	0	0	0	0	0
98.90	14795	4	0	0	0	0	0	0	0	0	0
99.00	14663	4	0	0	0	0	0	0	0	0	0
99.10	14532	4	0	0	0	0	0	0	0	0	0
99.20	14402	4	0	0	0	0	0	0	0	0	0
99.30	14273	4	0	0	0	0	0	0	0	0	0
99.40	14145	4	0	0	0	0	0	0	0	0	0
99.50	14018	4	0	0	0	0	0	0	0	0	0
99.60	13893	4	0	0	0	0	0	0	0	0	0
99.70	13768	4	0	0	0	0	0	0	0	0	0
99.80	13645	4	0	0	0	0	0	0	0	0	0
99.90	13522	4	0	0	0	0	0	0	0	0	0
100.00	13401	4	0	0	0	0	0	0	0	0	0
100.10	13281	4	0	0	0	0	0	0	0	0	0
100.20	13161	4	0	0	0	0	0	0	0	0	0
100.30	13043	4	0	0	0	0	0	0	0	0	0
100.40	12926	4	0	0	0	0	0	0	0	0	0
100.50	12810	4	0	0	0	0	0	0	0	0	0
100.60	12694	4	0	0	0	0	0	0	0	0	0
100.70	12580	4	0	0	0	0	0	0	0	0	0
100.80	12467	4	0	0	0	0	0	0	0	0	0
100.90	12354	4	0	0	0	0	0	0	0	0	0
101.00	12243	4	0	0	0	0	0	0	0	0	0
101.10	12133	4	0	0	0	0	0	0	0	0	0
101.20	12023	4	0	0	0	0	0	0	0	0	0
101.30	11914	4	0	0	0	0	0	0	0	0	0
101.40	11807	4	0	0	0	0	0	0	0	0	0
101.50	11700	4	0	0	0	0	0	0	0	0	0
101.60	11594	4	0	0	0	0	0	0	0	0	0
101.70	11490	4	0	0	0	0	0	0	0	0	0
101.80	11386	4	0	0	0	0	0	0	0	0	0
101.90	11283	4	0	0	0	0	0	0	0	0	0
102.00	11180	4	0	0	0	0	0	0	0	0	0
102.10	11079	4	0	0	0	0	0	0	0	0	0
102.20	10979	4	0	0	0	0	0	0	0	0	0
102.30	10879	4	0	0	0	0	0	0	0	0	0
102.40	10780	4	0	0	0	0	0	0	0	0	0
102.50	10683	4	0	0	0	0	0	0	0	0	0
102.60	10586	4	0	0	0	0	0	0	0	0	0
102.70	10489	4	0	0	0	0	0	0	0	0	0
102.80	10394	4	0	0	0	0	0	0	0	0	0
102.90	10300	4	0	0	0	0	0	0	0	0	0
103.00	10206	4	0	0	0	0	0	0	0	0	0
103.10	10113	4	0	0	0	0	0	0	0	0	0
103.20	10021	4	0	0	0	0	0	0	0	0	0
103.30	9930	4	0	0	0	0	0	0	0	0	0
103.40	9839	4	0	0	0	0	0	0	0	0	0
103.50	9749	4	0	0	0	0	0	0	0	0	0
103.60	9660	4	0	0	0	0	0	0	0	0	0
103.70	9572	4	0	0	0	0	0	0	0	0	0
103.80	9485	4	0	0	0	0	0	0	0	0	0
103.90	9398	4	0	0	0	0	0	0	0	0	0
104.00	9312	4	0	0	0	0	0	0	0	0	0
104.10	9227	4	0	0	0	0	0	0	0	0	0
104.20	9143	4	0	0	0	0	0	0	0	0	0
104.30	9059	4	0	0	0	0	0	0	0	0	0
104.40	8976	4	0	0	0	0	0	0	0	0	0
104.50	8894	4	0	0	0	0	0	0	0	0	0
104.60	8813	4	0	0	0	0	0	0	0	0	0
104.70	8732	4	0	0	0	0	0	0	0	0	0
104.80	8652	4	0	0	0	0	0	0	0	0	0
104.90	8572	4	0	0	0	0	0	0	0	0	0
105.00	8494	4	0	0	0	0	0	0	0	0	0
105.10	8416	4	0	0	0	0	0	0	0	0	0
105.20	8338	4	0	0	0	0	0	0	0	0	0
105.30	8262	4	0	0	0	0	0	0	0	0	0
105.40	8186	4	0	0	0	0	0	0	0	0	0
105.50	8110	4	0	0	0	0	0	0	0	0	0
105.60	8036	4	0	0	0	0	0	0	0	0	0
105.70	7962	4	0	0	0	0	0	0	0	0	0
105.80	7888	4	0	0	0	0	0	0	0	0	0
105.90	7816	4	0	0	0	0	0	0	0	0	0
106.00	7744	4	0	0	0	0	0	0	0	0	0
106.10	7672	4	0	0	0	0	0	0	0	0	0
106.20	7601	4	0	0	0	0	0	0	0	0	0
106.30	7531	4	0	0	0	0	0	0	0	0	0
106.40	7462	4	0	0	0	0	0	0	0	0	0
106.50	7393	4	0	0	0	0	0	0	0	0	0
106.60	7324	4	0	0	0	0	0	0	0	0	0
106.70	7256	4	0	0	0	0	0	0	0	0	0
106.80	7189	4	0	0	0	0	0	0	0	0	0
106.90	7123	4	0	0	0	0	0	0	0	0	0
107.00	7057	4	0	0	0	0	0	0	0	0	0
107.10	6991	4	0	0	0	0	0	0	0	0	0
107.20	6927	4	0	0	0	0	0	0	0	0	0
107.30	6862	4	0	0	0	0	0	0	0	0	0
107.40	6799	4	0	0	0	0	0	0	0	0	0
107.50	6735	4	0	0	0	0	0	0	0	0	0
107.60	6673	4	0	0	0	0	0	0	0	0	0
107.70	6611	4	0	0	0	0	0	0	0	0	0
107.80	6549	4	0	0	0	0	0	0	0	0	0
107.90	6488	4	0	0	0	0	0	0	0	0	0
108.00	6428	4	0	0	0	0	0	0	0	0	0
108.10	6368	4	0	0	0	0	0	0	0	0	0
108.20	6309	4	0	0	0	0	0	0	0	0	0
108.30	6250	4	0	0	0	0	0	0	0	0	0
108.40	6192	4	0	0	0	0	0	0	0	0	0
108.50	6134	4	0	0	0	0	0	0	0	0	0
108.60	6077	4	0	0	0	0	0	0	0	0	0
108.70	6020	4	0	0	0	0	0	0	0	0	0
108.80	5964	4	0	0	0	0	0	0	0	0	0
108.90	5908	4	0	0	0	0	0	0	0	0	0
109.00	5853	4	0	0	0	0	0	0	0	0	0
109.10	5798	4	0	0	0	0	0	0	0	0	0
109.20	5744	4	0	0	0	0	0	0	0	0	0
109.30	5690	4	0	0	0	0	0	0	0	0	0
109.40	5637	4	0	0	0	0	0	0	0	0	0
109.50	5584	4	0	0	0	0	0	0	0	0	0
109.60	5532	4	0	0	0	0	0	0	0	0	0
109.70	5480	4	0	0	0	0	0	0	0	0	0
109.80	5428	4	0	0	0	0	0	0	0	0	0
109.90	5377	4	0	0	0	0	0	0	0	0	0
110.00	5327	4	0	0	0	0	0	0	0	0	0
110.10	5277	4	0	0	0	0	0	0	0	0	0
110.20	5227	4	0	0	0	0	0	0	0	0	0
110.30	5178	4	0	0	0	0	0	0	0	0	0
110.40	5129	4	0	0	0	0	0	0	0	0	0
110.50	5081	4	0	0	0	0	0	0	0	0	0
110.60	5033	4	0	0	0	0	0	0	0	0	0
110.70	4986	4	0	0	0	0	0	0	0	0	0
110.80	4939	4	0	0	0	0	0	0	0	0	0
110.90	4892	4	0	0	0	0	0	0	0	0	0
111.00	4846	4	0	0	0	0	0	0	0	0	0
111.10	4800	4	0	0	0	0	0	0	0	0	0
111.20	4755	4	0	0	0	0	0	0	0	0	0
111.30	4710	4	0	0	0	0	0	0	0	0	0
111.40	4665	4	0	0	0	0	0	0	0	0	0
111.50	4621	4	0	0	0	0	0	0	0	0	0
111.60	4578	4	0	0	0	0	0	0	0	0	0
111.70	4534	4	0	0	0	0	0	0	0	0	0
111.80	4491	4	0	0	0	0	0	0	0	0	0
111.90	4449	4	0	0	0	0	0	0	0	0	0
112.00	4406	4	0	0	0	0	0	0	0	0	0
112.10	4365	4	0	0	0	0	0	0	0	0	0
112.20	4323	4	0	0	0	0	0	0	0	0	0
112.30	4282	4	0	0	0	0	0	0	0	0	0
112.40	4242	4	0	0	0	0	0	0	0	0	0
112.50	4201	4	0	0	0	0	0	0	0	0	0
112.60	4161	4	0	0	0	0	0	0	0	0	0
112.70	4122	4	0	0	0	0	0	0	0	0	0
112.80	4082	4	0	0	0	0	0	0	0	0	0
112.90	4044	4	0	0	0	0	0	0	0	0	0
113.00	4005	4	0	0	0	0	0	0	0	0	0
113.10	3967	4	0	0	0	0	0	0	0	0	0
113.20	3929	4	0	0	0	0	0	0	0	0	0
113.30	3892	4	0	0	0	0	0	0	0	0	0
113.40	3854	4	0	0	0	0	0	0	0	0	0
113.50	3818	4	0	0	0	0	0	0	0	0	0
113.60	3781	4	0	0	0	0	0	0	0	0	0
113.70	3745	4	0	0	0	0	0	0	0	0	0
113.80	3709	4	0	0	0	0	0	0	0	0	0
113.90	3674	4	0	0	0	0	0	0	0	0	0
114.00	3639	4	0	0	0	0	0	0	0	0	0
114.10	3604	4	0	0	0	0	0	0	0	0	0
114.20	3569	4	0	0	0	0	0	0	0	0	0
114.30	3535	4	0	0	0	0	0	0	0	0	0
114.40	3501	4	0	0	0	0	0	0	0	0	0
114.50	3468	4	0	0	0	0	0	0	0	0	0
114.60	3434	4	0	0	0	0	0	0	0	0	0
114.70	3401	4	0	0	0	0	0	0	0	0	0
114.80	3369	4	0	0	0	0	0	0	0	0	0
114.90	3336	4	0	0	0	0	0	0	0	0	0
115.00	3304	4	0	0	0	0	0	0	0	0	0
115.10	3272	4	0	0	0	0	0	0	0	0	0
115.20	3241	4	0	0	0	0	0	0	0	0	0
115.30	3210	4	0	0	0	0	0	0	0	0	0
115.40	3179	4	0	0	0	0	0	0	0	0	0
115.50	3148	4	0	0	0	0	0	0	0	0	0
115.60	3118	4	0	0	0	0	0	0	0	0	0
115.70	3088	4	0	0	0	0	0	0	0	0	0
115.80	3058	4	0	0	0	0	0	0	0	0	0
115.90	3028	4	0	0	0	0	0	0	0	0	0
116.00	2999	4	0	0	0	0	0	0	0	0	0
116.10	2970	4	0	0	0	0	0	0	0	0	0
116.20	2941	4	0	0	0	0	0	0	0	0	0
116.30	2913	4	0	0	0	0	0	0	0	0	0
116.40	2885	4	0	0	0	0	0	0	0	0	0
116.50	2857	4	0	0	0	0	0	0	0	0	0
116.60	2829	4	0	0	0	0	0	0	0	0	0
116.70	2802	4	0	0	0	0	0	0	0	0	0
116.80	2774	4	0	0	0	0	0	0	0	0	0
116.90	2747	4	0	0	0	0	0	0	0	0	0
117.00	2721	4	0	0	0	0	0	0	0	0	0
117.10	2694	4	0	0	0	0	0	0	0	0	0
117.20	2668	4	0	0	0	0	0	0	0	0	0
117.30	2642	4	0	0	0	0	0	0	0	0	0
117.40	2617	4	0	0	0	0	0	0	0	0	0
117.50	2591	4	0	0	0	0	0	0	0	0	0
117.60	2566	4	0	0	0	0	0	0	0	0	0
117.70	2541	4	0	0	0	0	0	0	0	0	0
117.80	2516	4	0	0	0	0	0	0	0	0	0
117.90	2492	4	0	0	0	0	0	0	0	0	0
118.00	2467	4	0	0	0	0	0	0	0	0	0
118.10	2443	4	0	0	0	0	0	0	0	0	0
118.20	2419	4	0	0	0	0	0	0	0	0	0
118.30	2396	4	0	0	0	0	0	0	0	0	0
118.40	2372	4	0	0	0	0	0	0	0	0	0
118.50	2349	4	0	0	0	0	0	0	0	0	0
118.60	2326	4	0	0	0	0	0	0	0	0	0
118.70	2303	4	0	0	0	0	0	0	0	0	0
118.80	2281	4	0	0	0	0	0	0	0	0	0
118.90	2258	4	0	0	0	0	0	0	0	0	0
119.00	2236	4	0	0	0	0	0	0	0	0	0
119.10	2214	4	0	0	0	0	0	0	0	0	0
119.20	2193	4	0	0	0	0	0	0	0	0	0
119.30	2171	4	0	0	0	0	0	0	0	0	0
119.40	2150	4	0	0	0	0	0	0	0	0	0
119.50	2129	4	0	0	0	0	0	0	0	0	0
119.60	2108	4	0	0	0	0	0	0	0	0	0
119.70	2087	4	0	0	0	0	0	0	0	0	0
119.80	2066	4	0	0	0	0	0	0	0	0	0
119.90	2046	4	0	0	0	0	0	0	0	0	0
120.00	2026	4	0	0	0	0	0	0	0	0	0
120.10	2006	4	0	0	0	0	0	0	0	0	0
120.20	1986	4	0	0	0	0	0	0	0	0	0
120.30	1967	4	0	0	0	0	0	0	0	0	0
120.40	1947	4	0	0	0	0	0	0	0	0	0
120.50	1928	4	0	0	0	0	0	0	0	0	0
120.60	1909	4	0	0	0	0	0	0	0	0	0
120.70	1890	4	0	0	0	0	0	0	0	0	0
120.80	1871	4	0	0	0	0	0	0	0	0	0
120.90	1853	4	0	0	0	0	0	0	0	0	0
121.00	1834	4	0	0	0	0	0	0	0	0	0
121.10	1816	4	0	0	0	0	0	0	0	0	0
121.20	1798	4	0	0	0	0	0	0	0	0	0
121.30	1780	4	0	0	0	0	0	0	0	0	0
121.40	1763	4	0	0	0	0	0	0	0	0	0
121.50	1745	4	0	0	0	0	0	0	0	0	0
121.60	1728	4	0	0	0	0	0	0	0	0	0
121.70	1711	4	0	0	0	0	0	0	0	0	0
121.80	1694	4	0	0	0	0	0	0	0	0	0
121.90	1677	4	0	0	0	0	0	0	0	0	0
122.00	1660	4	0	0	0	0	0	0	0	0	0
122.10	1644	4	0	0	0	0	0	0	0	0	0
122.20	1627	4	0	0	0	0	0	0	0	0	0
122.30	1611	4	0	0	0	0	0	0	0	0	0
122.40	1595	4	0	0	0	0	0	0	0	0	0
122.50	1579	4	0	0	0	0	0	0	0	0	0
122.60	1563	4	0	0	0	0	0	0	0	0	0
122.70	1548	4	0	0	0	0	0	0	0	0	0
122.80	1532	4	0	0	0	0	0	0	0	0	0
122.90	1517	4	0	0	0	0	0	0	0	0	0
123.00	1502	4	0	0	0	0	0	0	0	0	0
123.10	1487	4	0	0	0	0	0	0	0	0	0
123.20	1472	4	0	0	0	0	0	0	0	0	0
123.30	1457	4	0	0	0	0	0	0	0	0	0
123.40	1443	4	0	0	0	0	0	0	0	0	0
123.50	1428	4	0	0	0	0	0	0	0	0	0
123.60	1414	4	0	0	0	0	0	0	0	0	0
123.70	1400	4	0	0	0	0	0	0	0	0	0
123.80	1386	4	0	0	0	0	0	0	0	0	0
123.90	1372	4	0	0	0	0	0	0	0	0	0
124.00	1358	4	0	0	0	0	0	0	0	0	0
124.10	1344	4	0	0	0	0	0	0	0	0	0
124.20	1331	4	0	0	0	0	0	0	0	0	0
124.30	1317	4	0	0	0	0	0	0	0	0	0
124.40	1304	4	0	0	0	0	0	0	0	0	0
124.50	1291	4	0	0	0	0	0	0	0	0	0
124.60	1278	4	0	0	0	0	0	0	0	0	0
124.70	1265	4	0	0	0	0	0	0	0	0	0
124.80	1252	4	0	0	0	0	0	0	0	0	0
124.90	1240	4	0	0	0	0	0	0	0	0	0
125.00	1227	4	0	0	0	0	0	0	0	0	0
125.10	1215	4	0	0	0	0	0	0	0	0	0
125.20	1202	4	0	0	0	0	0	0	0	0	0
125.30	1190	4	0	0	0	0	0	0	0	0	0
125.40	1178	4	0	0	0	0	0	0	0	0	0
125.50	1166	4	0	0	0	0	0	0	0	0	0
125.60	1155	4	0	0	0	0	0	0	0	0	0
125.70	1143	4	0	0	0	0	0	0	0	0	0
125.80	1131	4	0	0	0	0	0	0	0	0	0
125.90	1120	4	0	0	0	0	0	0	0	0	0
126.00	1108	4	0	0	0	0	0	0	0	0	0
126.10	1097	4	0	0	0	0	0	0	0	0	0
126.20	1086	4	0	0	0	0	0	0	0	0	0
126.30	1075	4	0	0	0	0	0	0	0	0	0
126.40	1064	4	0	0	0	0	0	0	0	0	0
126.50	1053	4	0	0	0	0	0	0	0	0	0
126.60	1042	4	0	0	0	0	0	0	0	0	0
126.70	1032	4	0	0	0	0	0	0	0	0	0
126.80	1021	4	0	0	0	0	0	0	0	0	0
126.90	1011	4	0	0	0	0	0	0	0	0	0
127.00	1001	4	0	0	0	0	0	0	0	0	0
127.10	990	4	0	0	0	0	0	0	0	0	0
127.20	980	4	0	0	0	0	0	0	0	0	0
127.30	970	4	0	0	0	0	0	0	0	0	0
127.40	960	4	0	0	0	0	0	0	0	0	0
127.50	951	4	0	0	0	0	0	0	0	0	0
127.60	941	4	0	0	0	0	0	0	0	0	0
127.70	931	4	0	0	0	0	0	0	0	0	0
127.80	922	4	0	0	0	0	0	0	0	0	0
127.90	912	4	0	0	0	0	0	0	0	0	0
128.00	903	4	0	0	0	0	0	0	0	0	0
128.10	894	4	0	0	0	0	0	0	0	0	0
128.20	884	4	0	0	0	0	0	0	0	0	0
128.30	875	4	0	0	0	0	0	0	0	0	0
128.40	866	4	0	0	0	0	0	0	0	0	0
128.50	857	4	0	0	0	0	0	0	0	0	0
128.60	849	4	0	0	0	0	0	0	0	0	0
128.70	840	4	0	0	0	0	0	0	0	0	0
128.80	831	4	0	0	0	0	0	0	0	0	0
128.90	823	4	0	0	0	0	0	0	0	0	0
129.00	814	4	0	0	0	0	0	0	0	0	0
129.10	806	4	0	0	0	0	0	0	0	0	0
129.20	798	4	0	0	0	0	0	0	0	0	0
129.30	789	4	0	0	0	0	0	0	0	0	0
129.40	781	4	0	0	0	0	0	0	0	0	0
129.50	773	4	0	0	0	0	0	0	0	0	0
129.60	765	4	0	0	0	0	0	0	0	0	0
129.70	757	4	0	0	0	0	0	0	0	0	0
129.80	749	4	0	0	0	0	0	0	0	0	0
129.90	742	4	0	0	0	0	0	0	0	0	0
130.00	734	4	0	0	0	0	0	0	0	0	0
130.10	726	4	0	0	0	0	0	0	0	0	0
130.20	719	4	0	0	0	0	0	0	0	0	0
130.30	711	4	0	0	0	0	0	0	0	0	0
130.40	704	4	0	0	0	0	0	0	0	0	0
130.50	697	4	0	0	0	0	0	0	0	0	0
130.60	689	4	0	0	0	0	0	0	0	0	0
130.70	682	4	0	0	0	0	0	0	0	0	0
130.80	675	4	0	0	0	0	0	0	0	0	0
130.90	668	4	0	0	0	0	0	0	0	0	0
131.00	661	4	0	0	0	0	0	0	0	0	0
131.10	654	4	0	0	0	0	0	0	0	0	0
131.20	647	4	0	0	0	0	0	0	0	0	0
131.30	641	4	0	0	0	0	0	0	0	0	0
131.40	634	4	0	0	0	0	0	0	0	0	0
131.50	627	4	0	0	0	0	0	0	0	0	0
131.60	621	4	0	0	0	0	0	0	0	0	0
131.70	614	4	0	0	0	0	0	0	0	0	0
131.80	608	4	0	0	0	0	0	0	0	0	0
131.90	602	4	0	0	0	0	0	0	0	0	0
132.00	595	4	0	0	0	0	0	0	0	0	0
132.10	589	4	0	0	0	0	0	0	0	0	0
132.20	583	4	0	0	0	0	0	0	0	0	0
132.30	577	4	0	0	0	0	0	0	0	0	0
132.40	571	4	0	0	0	0	0	0	0	0	0
132.50	565	4	0	0	0	0	0	0	0	0	0
132.60	559	4	0	0	0	0	0	0	0	0	0
132.70	553	4	0	0	0	0	0	0	0	0	0
132.80	547	4	0	0	0	0	0	0	0	0	0
132.90	541	4	0	0	0	0	0	0	0	0	0
133.00	536	4	0	0	0	0	0	0	0	0	0
133.10	530	4	0	0	0	0	0	0	0	0	0
133.20	524	4	0	0	0	0	0	0	0	0	0
133.30	519	4	0	0	0	0	0	0	0	0	0
133.40	513	4	0	0	0	0	0	0	0	0	0
133.50	508	4	0	0	0	0	0	0	0	0	0
133.60	503	4	0	0	0	0	0	0	0	0	0
133.70	497	4	0	0	0	0	0	0	0	0	0
133.80	492	4	0	0	0	0	0	0	0	0	0
133.90	487	4	0	0	0	0	0	0	0	0	0
134.00	482	4	0	0	0	0	0	0	0	0	0
134.10	477	4	0	0	0	0	0	0	0	0	0
134.20	472	4	0	0	0	0	0	0	0	0	0
134.30	467	4	0	0	0	0	0	0	0	0	0
134.40	462	4	0	0	0	0	0	0	0	0	0
134.50	457	4	0	0	0	0	0	0	0	0	0
134.60	452	4	0	0	0	0	0	0	0	0	0
134.70	447	4	0	0	0	0	0	0	0	0	0
134.80	442	4	0	0	0	0	0	0	0	0	0
134.90	438	4	0	0	0	0	0	0	0	0	0
135.00	433	4	0	0	0	0	0	0	0	0	0
135.10	428	4	0	0	0	0	0	0	0	0	0
135.20	424	4	0	0	0	0	0	0	0	0	0
135.30	419	4	0	0	0	0	0	0	0	0	0
135.40	415	4	0	0	0	0	0	0	0	0	0
135.50	410	4	0	0	0	0	0	0	0	0	0
135.60	406	4	0	0	0	0	0	0	0	0	0
135.70	402	4	0	0	0	0	0	0	0	0	0
135.80	397	4	0	0	0	0	0	0	0	0	0
135.90	393	4	0	0	0	0	0	0	0	0	0
136.00	389	4	0	0	0	0	0	0	0	0	0
136.10	385	4	0	0	0	0	0	0	0	0	0
136.20	381	4	0	0	0	0	0	0	0	0	0
136.30	377	4	0	0	0	0	0	0	0	0	0
136.40	373	4	0	0	0	0	0	0	0	0	0
136.50	369	4	0	0	0	0	0	0	0	0	0
136.60	365	4	0	0	0	0	0	0	0	0	0
136.70	361	4	0	0	0	0	0	0	0	0	0
136.80	357	4	0	0	0	0	0	0	0	0	0
136.90	353	4	0	0	0	0	0	0	0	0	0
137.00	349	4	0	0	0	0	0	0	0	0	0
137.10	346	4	0	0	0	0	0	0	0	0	0
137.20	342	4	0	0	0	0	0	0	0	0	0
137.30	338	4	0	0	0	0	0	0	0	0	0
137.40	335	4	0	0	0	0	0	0	0	0	0
137.50	331	4	0	0	0	0	0	0	0	0	0
137.60	327	4	0	0	0	0	0	0	0	0	0
137.70	324	4	0	0	0	0	0	0	0	0	0
137.80	320	4	0	0	0	0	0	0	0	0	0
137.90	317	4	0	0	0	0	0	0	0	0	0
138.00	313	4	0	0	0	0	0	0	0	0	0
138.10	310	4	0	0	0	0	0	0	0	0	0
138.20	307	4	0	0	0	0	0	0	0	0	0
138.30	303	4	0	0	0	0	0	0	0	0	0
138.40	300	4	0	0	0	0	0	0	0	0	0
138.50	297	4	0	0	0	0	0	0	0	0	0
138.60	294	4	0	0	0	0	0	0	0	0	0
138.70	290	4	0	0	0	0	0	0	0	0	0
138.80	287	4	0	0	0	0	0	0	0	0	0
138.90	284	4	0	0	0	0	0	0	0	0	0
139.00	281	4	0	0	0	0	0	0	0	0	0
139.10	278	4	0	0	0	0	0	0	0	0	0
139.20	275	4	0	0	0	0	0	0	0	0	0
139.30	272	4	0	0	0	0	0	0	0	0	0
139.40	269	4	0	0	0	0	0	0	0	0	0
139.50	266	4	0	0	0	0	0	0	0	0	0
139.60	263	4	0	0	0	0	0	0	0	0	0
139.70	260	4	0	0	0	0	0	0	0	0	0
139.80	258	4	0	0	0	0	0	0	0	0	0
139.90	255	4	0	0	0	0	0	0	0	0	0
140.00	252	4	0	0	0	0	0	0	0	0	0
140.10	249	4	0	0	0	0	0	0	0	0	0
140.20	246	4	0	0	0	0	0	0	0	0	0
140.30	244	4	0	0	0	0	0	0	0	0	0
140.40	241	4	0	0	0	0	0	0	0	0	0
140.50	238	4	0	0	0	0	0	0	0	0	0
140.60	236	4	0	0	0	0	0	0	0	0	0
140.70	233	4	0	0	0	0	0	0	0	0	0
140.80	231	4	0	0	0	0	0	0	0	0	0
140.90	228	4	0	0	0	0	0	0	0	0	0
141.00	226	4	0	0	0	0	0	0	0	0	0
141.10	223	4	0	0	0	0	0	0	0	0	0
141.20	221	4	0	0	0	0	0	0	0	0	0
141.30	218	4	0	0	0	0	0	0	0	0	0
141.40	216	4	0	0	0	0	0	0	0	0	0
141.50	214	4	0	0	0	0	0	0	0	0	0
141.60	211	4	0	0	0	0	0	0	0	0	0
141.70	209	4	0	0	0	0	0	0	0	0	0
141.80	207	4	0	0	0	0	0	0	0	0	0
141.90	204	4	0	0	0	0	0	0	0	0	0
142.00	202	4	0	0	0	0	0	0	0	0	0
142.10	200	4	0	0	0	0	0	0	0	0	0
142.20	198	4	0	0	0	0	0	0	0	0	0
142.30	195	4	0	0	0	0	0	0	0	0	0
142.40	193	4	0	0	0	0	0	0	0	0	0
142.50	191	4	0	0	0	0	0	0	0	0	0
142.60	189	4	0	0	0	0	0	0	0	0	0
142.70	187	4	0	0	0	0	0	0	0	0	0
142.80	185	4	0	0	0	0	0	0	0	0	0
142.90	183	4	0	0	0	0	0	0	0	0	0
143.00	181	4	0	0	0	0	0	0	0	0	0
143.10	179	4	0	0	0	0	0	0	0	0	0
143.20	177	4	0	0	0	0	0	0	0	0	0
143.30	175	4	0	0	0	0	0	0	0	0	0
143.40	173	4	0	0	0	0	0	0	0	0	0
143.50	171	4	0	0	0	0	0	0	0	0	0
143.60	169	4	0	0	0	0	0	0	0	0	0
143.70	167	4	0	0	0	0	0	0	0	0	0
143.80	165	4	0	0	0	0	0	0	0	0	0
143.90	163	4	0	0	0	0	0	0	0	0	0
144.00	162	4	0	0	0	0	0	0	0	0	0
144.10	160	4	0	0	0	0	0	0	0	0	0
144.20	158	4	0	0	0	0	0	0	0	0	0
144.30	156	4	0	0	0	0	0	0	0	0	0
144.40	155	4	0	0	0	0	0	0	0	0	0
144.50	153	4	0	0	0	0	0	0	0	0	0
144.60	151	4	0	0	0	0	0	0	0	0	0
144.70	149	4	0	0	0	0	0	0	0	0	0
144.80	148	4	0	0	0	0	0	0	0	0	0
144.90	146	4	0	0	0	0	0	0	0	0	0
145.00	144	4	0	0	0	0	0	0	0	0	0
145.10	143	4	0	0	0	0	0	0	0	0	0
145.20	141	4	0	0	0	0	0	0	0	0	0
145.30	140	4	0	0	0	0	0	0	0	0	0
145.40	138	4	0	0	0	0	0	0	0	0	0
145.50	136	4	0	0	0	0	0	0	0	0	0
145.60	135	4	0	0	0	0	0	0	0	0	0
145.70	133	4	0	0	0	0	0	0	0	0	0
145.80	132	4	0	0	0	0	0	0	0	0	0
145.90	130	4	0	0	0	0	0	0	0	0	0
146.00	129	4	0	0	0	0	0	0	0	0	0
146.10	127	4	0	0	0	0	0	0	0	0	0
146.20	126	4	0	0	0	0	0	0	0	0	0
146.30	125	4	0	0	0	0	0	0	0	0	0
146.40	123	4	0	0	0	0	0	0	0	0	0
146.50	122	4	0	0	0	0	0	0	0	0	0
146.60	120	4	0	0	0	0	0	0	0	0	0
146.70	119	4	0	0	0	0	0	0	0	0	0
146.80	118	4	0	0	0	0	0	0	0	0	0
146.90	116	4	0	0	0	0	0	0	0	0	0
147.00	115	4	0	0	0	0	0	0	0	0	0
147.10	114	4	0	0	0	0	0	0	0	0	0
147.20	112	4	0	0	0	0	0	0	0	0	0
147.30	111	4	0	0	0	0	0	0	0	0	0
147.40	110	4	0	0	0	0	0	0	0	0	0
147.50	109	4	0	0	0	0	0	0	0	0	0
147.60	107	4	0	0	0	0	0	0	0	0	0
147.70	106	4	0	0	0	0	0	0	0	0	0
147.80	105	4	0	0	0	0	0	0	0	0	0
147.90	104	4	0	0	0	0	0	0	0	0	0
148.00	103	4	0	0	0	0	0	0	0	0	0
148.10	101	4	0	0	0	0	0	0	0	0	0
148.20	100	4	0	0	0	0	0	0	0	0	0
148.30	99	4	0	0	0	0	0	0	0	0	0
148.40	98	4	0	0	0	0	0	0	0	0	0
148.50	97	4	0	0	0	0	0	0	0	0	0
148.60	96	4	0	0	0	0	0	0	0	0	0
148.70	95	4	0	0	0	0	0	0	0	0	0
148.80	94	4	0	0	0	0	0	0	0	0	0
148.90	93	4	0	0	0	0	0	0	0	0	0
149.00	91	4	0	0	0	0	0	0	0	0	0
149.10	90	4	0	0	0	0	0	0	0	0	0
149.20	89	4	0	0	0	0	0	0	0	0	0
149.30	88	4	0	0	0	0	0	0	0	0	0
149.40	87	4	0	0	0	0	0	0	0	0	0
149.50	86	4	0	0	0	0	0	0	0	0	0
149.60	85	4	0	0	0	0	0	0	0	0	0
149.70	84	4	0	0	0	0	0	0	0	0	0
149.80	83	4	0	0	0	0	0	0	0	0	0
149.90	82	4	0	0	0	0	0	0	0	0	0
150.00	81	4	0	0	0	0	0	0	0	0	0
150.10	81	4	0	0	0	0	0	0	0	0	0
150.20	80	4	0	0	0	0	0	0	0	0	0
150.30	79	4	0	0	0	0	0	0	0	0	0
150.40	78	4	0	0	0	0	0	0	0	0	0
150.50	77	4	0	0	0	0	0	0	0	0	0
150.60	76	4	0	0	0	0	0	0	0	0	0
150.70	75	4	0	0	0	0	0	0	0	0	0
150.80	74	4	0	0	0	0	0	0	0	0	0
150.90	73	4	0	0	0	0	0	0	0	0	0
151.00	73	4	0	0	0	0	0	0	0	0	0
151.10	72	4	0	0	0	0	0	0	0	0	0
151.20	71	4	0	0	0	0	0	0	0	0	0
151.30	70	4	0	0	0	0	0	0	0	0	0
151.40	69	4	0	0	0	0	0	0	0	0	0
151.50	68	4	0	0	0	0	0	0	0	0	0
151.60	68	4	0	0	0	0	0	0	0	0	0
151.70	67	4	0	0	0	0	0	0	0	0	0
151.80	66	4	0	0	0	0	0	0	0	0	0
151.90	65	4	0	0	0	0	0	0	0	0	0
152.00	65	4	0	0	0	0	0	0	0	0	0
152.10	64	4	0	0	0	0	0	0	0	0	0
152.20	63	4	0	0	0	0	0	0	0	0	0
152.30	62	4	0	0	0	0	0	0	0	0	0
152.40	62	4	0	0	0	0	0	0	0	0	0
152.50	61	4	0	0	0	0	0	0	0	0	0
152.60	60	4	0	0	0	0	0	0	0	0	0
152.70	59	4	0	0	0	0	0	0	0	0	0
152.80	59	4	0	0	0	0	0	0	0	0	0
152.90	58	4	0	0	0	0	0	0	0	0	0
153.00	57	4	0	0	0	0	0	0	0	0	0
153.10	57	4	0	0	0	0	0	0	0	0	0
153.20	56	4	0	0	0	0	0	0	0	0	0
153.30	55	4	0	0	0	0	0	0	0	0	0
153.40	55	4	0	0	0	0	0	0	0	0	0
153.50	54	4	0	0	0	0	0	0	0	0	0
153.60	53	4	0	0	0	0	0	0	0	0	0
153.70	53	4	0	0	0	0	0	0	0	0	0
153.80	52	4	0	0	0	0	0	0	0	0	0
153.90	52	4	0	0	0	0	0	0	0	0	0
154.00	51	4	0	0	0	0	0	0	0	0	0
154.10	50	4	0	0	0	0	0	0	0	0	0
154.20	50	4	0	0	0	0	0	0	0	0	0
154.30	49	4	0	0	0	0	0	0	0	0	0
154.40	49	4	0	0	0	0	0	0	0	0	0
154.50	48	4	0	0	0	0	0	0	0	0	0
154.60	47	4	0	0	0	0	0	0	0	0	0
154.70	47	4	0	0	0	0	0	0	0	0	0
154.80	46	4	0	0	0	0	0	0	0	0	0
154.90	46	4	0	0	0	0	0	0	0	0	0
155.00	45	4	0	0	0	0	0	0	0	0	0
155.10	45	4	0	0	0	0	0	0	0	0	0
155.20	44	4	0	0	0	0	0	0	0	0	0
155.30	44	4	0	0	0	0	0	0	0	0	0
155.40	43	4	0	0	0	0	0	0	0	0	0
155.50	43	4	0	0	0	0	0	0	0	0	0
155.60	42	4	0	0	0	0	0	0	0	0	0
155.70	42	4	0	0	0	0	0	0	0	0	0
155.80	41	4	0	0	0	0	0	0	0	0	0
155.90	41	4	0	0	0	0	0	0	0	0	0
156.00	40	4	0	0	0	0	0	0	0	0	0
156.10	40	4	0	0	0	0	0	0	0	0	0
156.20	39	4	0	0	0	0	0	0	0	0	0
156.30	39	4	0	0	0	0	0	0	0	0	0
156.40	38	4	0	0	0	0	0	0	0	0	0
156.50	38	4	0	0	0	0	0	0	0	0	0
156.60	37	4	0	0	0	0	0	0	0	0	0
156.70	37	4	0	0	0	0	0	0	0	0	0
156.80	36	4	0	0	0	0	0	0	0	0	0
156.90	36	4	0	0	0	0	0	0	0	0	0
157.00	36	4	0	0	0	0	0	0	0	0	0
157.10	35	4	0	0	0	0	0	0	0	0	0
157.20	35	4	0	0	0	0	0	0	0	0	0
157.30	34	4	0	0	0	0	0	0	0	0	0
157.40	34	4	0	0	0	0	0	0	0	0	0
157.50	33	4	0	0	0	0	0	0	0	0	0
157.60	33	4	0	0	0	0	0	0	0	0	0
157.70	33	4	0	0	0	0	0	0	0	0	0
157.80	32	4	0	0	0	0	0	0	0	0	0
157.90	32	4	0	0	0	0	0	0	0	0	0
158.00	31	4	0	0	0	0	0	0	0	0	0
158.10	31	4	0	0	0	0	0	0	0	0	0
158.20	31	4	0	0	0	0	0	0	0	0	0
158.30	30	4	0	0	0	0	0	0	0	0	0
158.40	30	4	0	0	0	0	0	0	0	0	0
158.50	30	4	0	0	0	0	0	0	0	0	0
158.60	29	4	0	0	0	0	0	0	0	0	0
158.70	29	4	0	0	0	0	0	0	0	0	0
158.80	29	4	0	0	0	0	0	0	0	0	0
158.90	28	4	0	0	0	0	0	0	0	0	0
159.00	28	4	0	0	0	0	0	0	0	0	0
159.10	28	4	0	0	0	0	0	0	0	0	0
159.20	27	4	0	0	0	0	0	0	0	0	0
159.30	27	4	0	0	0	0	0	0	0	0	0
159.40	27	4	0	0	0	0	0	0	0	0	0
159.50	26	4	0	0	0	0	0	0	0	0	0
159.60	26	4	0	0	0	0	0	0	0	0	0
159.70	26	4	0	0	0	0	0	0	0	0	0
159.80	25	4	0	0	0	0	0	0	0	0	0
159.90	25	4	0	0	0	0	0	0	0	0	0
160.00	25	4	0	0	0	0	0	0	0	0	0
160.10	24	4	0	0	0	0	0	0	0	0	0
160.20	24	4	0	0	0	0	0	0	0	0	0
160.30	24	4	0	0	0	0	0	0	0	0	0
160.40	23	4	0	0	0	0	0	0	0	0	0
160.50	23	4	0	0	0	0	0	0	0	0	0
160.60	23	4	0	0	0	0	0	0	0	0	0
160.70	23	4	0	0	0	0	0	0	0	0	0
160.80	22	4	0	0	0	0	0	0	0	0	0
160.90	22	4	0	0	0	0	0	0	0	0	0
161.00	22	4	0	0	0	0	0	0	0	0	0
161.10	22	4	0	0	0	0	0	0	0	0	0
161.20	21	4	0	0	0	0	0	0	0	0	0
161.30	21	4	0	0	0	0	0	0	0	0	0
161.40	21	4	0	0	0	0	0	0	0	0	0
161.50	20	4	0	0	0	0	0	0	0	0	0
161.60	20	4	0	0	0	0	0	0	0	0	0
161.70	20	4	0	0	0	0	0	0	0	0	0
161.80	20	4	0	0	0	0	0	0	0	0	0
161.90	19	4	0	0	0	0	0	0	0	0	0
162.00	19	4	0	0	0	0	0	0	0	0	0
162.10	19	4	0	0	0	0	0	0	0	0	0
162.20	19	4	0	0	0	0	0	0	0	0	0
162.30	19	4	0	0	0	0	0	0	0	0	0
162.40	18	4	0	0	0	0	0	0	0	0	0
162.50	18	4	0	0	0	0	0	0	0	0	0
162.60	18	4	0	0	0	0	0	0	0	0	0
162.70	18	4	0	0	0	0	0	0	0	0	0
162.80	17	4	0	0	0	0	0	0	0	0	0
162.90	17	4	0	0	0	0	0	0	0	0	0
163.00	17	4	0	0	0	0	0	0	0	0	0
163.10	17	4	0	0	0	0	0	0	0	0	0
163.20	17	4	0	0	0	0	0	0	0	0	0
163.30	16	4	0	0	0	0	0	0	0	0	0
163.40	16	4	0	0	0	0	0	0	0	0	0
163.50	16	4	0	0	0	0	0	0	0	0	0
163.60	16	4	0	0	0	0	0	0	0	0	0
163.70	16	4	0	0	0	0	0	0	0	0	0
163.80	15	4	0	0	0	0	0	0	0	0	0
163.90	15	4	0	0	0	0	0	0	0	0	0
164.00	15	4	0	0	0	0	0	0	0	0	0
164.10	15	4	0	0	0	0	0	0	0	0	0
164.20	15	4	0	0	0	0	0	0	0	0	0
164.30	14	4	0	0	0	0	0	0	0	0	0
164.40	14	4	0	0	0	0	0	0	0	0	0
164.50	14	4	0	0	0	0	0	0	0	0	0
164.60	14	4	0	0	0	0	0	0	0	0	0
164.70	14	4	0	0	0	0	0	0	0	0	0
164.80	14	4	0	0	0	0	0	0	0	0	0
164.90	13	4	0	0	0	0	0	0	0	0	0
165.00	13	4	0	0	0	0	0	0	0	0	0
165.10	13	4	0	0	0	0	0	0	0	0	0
165.20	13	4	0	0	0	0	0	0	0	0	0
165.30	13	4	0	0	0	0	0	0	0	0	0
165.40	13	4	0	0	0	0	0	0	0	0	0
165.50	12	4	0	0	0	0	0	0	0	0	0
165.60	12	4	0	0	0	0	0	0	0	0	0
165.70	12	4	0	0	0	0	0	0	0	0	0
165.80	12	4	0	0	0	0	0	0	0	0	0
165.90	12	4	0	0	0	0	0	0	0	0	0
166.00	12	4	0	0	0	0	0	0	0	0	0
166.10	11	4	0	0	0	0	0	0	0	0	0
166.20	11	4	0	0	0	0	0	0	0	0	0
166.30	11	4	0	0	0	0	0	0	0	0	0
166.40	11	4	0	0	0	0	0	0	0	0	0
166.50	11	4	0	0	0	0	0	0	0	0	0
166.60	11	4	0	0	0	0	0	0	0	0	0
166.70	11	4	0	0	0	0	0	0	0	0	0
166.80	10	4	0	0	0	0	0	0	0	0	0
166.90	10	4	0	0	0	0	0	0	0	0	0
167.00	10	4	0	0	0	0	0	0	0	0	0
167.10	10	4	0	0	0	0	0	0	0	0	0
167.20	10	4	0	0	0	0	0	0	0	0	0
167.30	10	4	0	0	0	0	0	0	0	0	0
167.40	10	4	0	0	0	0	0	0	0	0	0
167.50	10	4	0	0	0	0	0	0	0	0	0
167.60	9	4	0	0	0	0	0	0	0	0	0
167.70	9	4	0	0	0	0	0	0	0	0	0
167.80	9	4	0	0	0	0	0	0	0	0	0
167.90	9	4	0	0	0	0	0	0	0	0	0
168.00	9	4	0	0	0	0	0	0	0	0	0
168.10	9	4	0	0	0	0	0	0	0	0	0
168.20	9	4	0	0	0	0	0	0	0	0	0
168.30	9	4	0	0	0	0	0	0	0	0	0
168.40	9	4	0	0	0	0	0	0	0	0	0
168.50	8	4	0	0	0	0	0	0	0	0	0
168.60	8	4	0	0	0	0	0	0	0	0	0
168.70	8	4	0	0	0	0	0	0	0	0	0
168.80	8	4	0	0	0	0	0	0	0	0	0
168.90	8	4	0	0	0	0	0	0	0	0	0
169.00	8	4	0	0	0	0	0	0	0	0	0
169.10	8	4	0	0	0	0	0	0	0	0	0
169.20	8	4	0	0	0	0	0	0	0	0	0
169.30	8	4	0	0	0	0	0	0	0	0	0
169.40	7	4	0	0	0	0	0	0	0	0	0
169.50	7	4	0	0	0	0	0	0	0	0	0
169.60	7	4	0	0	0	0	0	0	0	0	0
169.70	7	4	0	0	0	0	0	0	0	0	0
169.80	7	4	0	0	0	0	0	0	0	0	0
169.90	7	4	0	0	0	0	0	0	0	0	0
170.00	7	4	0	0	0	0	0	0	0	0	0
170.10	7	4	0	0	0	0	0	0	0	0	0
170.20	7	4	0	0	0	0	0	0	0	0	0
170.30	7	4	0	0	0	0	0	0	0	0	0
170.40	7	4	0	0	0	0	0	0	0	0	0
170.50	6	4	0	0	0	0	0	0	0	0	0
170.60	6	4	0	0	0	0	0	0	0	0	0
170.70	6	4	0	0	0	0	0	0	0	0	0
170.80	6	4	0	0	0	0	0	0	0	0	0
170.90	6	4	0	0	0	0	0	0	0	0	0
171.00	6	4	0	0	0	0	0	0	0	0	0
171.10	6	4	0	0	0	0	0	0	0	0	0
171.20	6	4	0	0	0	0	0	0	0	0	0
171.30	6	4	0	0	0	0	0	0	0	0	0
171.40	6	4	0	0	0	0	0	0	0	0	0
171.50	6	4	0	0	0	0	0	0	0	0	0
171.60	6	4	0	0	0	0	0	0	0	0	0
171.70	6	4	0	0	0	0	0	0	0	0	0
171.80	5	4	0	0	0	0	0	0	0	0	0
171.90	5	4	0	0	0	0	0	0	0	0	0
172.00	5	4	0	0	0	0	0	0	0	0	0
172.10	5	4	0	0	0	0	0	0	0	0	0
172.20	5	4	0	0	0	0	0	0	0	0	0
172.30	5	4	0	0	0	0	0	0	0	0	0
172.40	5	4	0	0	0	0	0	0	0	0	0
172.50	5	4	0	0	0	0	0	0	0	0	0
172.60	5	4	0	0	0	0	0	0	0	0	0
172.70	5	4	0	0	0	0	0	0	0	0	0
172.80	5	4	0	0	0	0	0	0	0	0	0
172.90	5	4	0	0	0	0	0	0	0	0	0
173.00	5	4	0	0	0	0	0	0	0	0	0
173.10	5	4	0	0	0	0	0	0	0	0	0
173.20	5	4	0	0	0	0	0	0	0	0	0
173.30	4	4	0	0	0	0	0	0	0	0	0
173.40	4	4	0	0	0	0	0	0	0	0	0
173.50	4	4	0	0	0	0	0	0	0	0	0
173.60	4	4	0	0	0	0	0	0	0	0	0
173.70	4	4	0	0	0	0	0	0	0	0	0
173.80	4	4	0	0	0	0	0	0	0	0	0
173.90	4	4	0	0	0	0	0	0	0	0	0
174.00	4	4	0	0	0	0	0	0	0	0	0
174.10	4	4	0	0	0	0	0	0	0	0	0
174.20	4	4	0	0	0	0	0	0	0	0	0
174.30	4	4	0	0	0	0	0	0	0	0	0
174.40	4	4	0	0	0	0	0	0	0	0	0
174.50	4	4	0	0	0	0	0	0	0	0	0
174.60	4	4	0	0	0	0	0	0	0	0	0
174.70	4	4	0	0	0	0	0	0	0	0	0
174.80	4	4	0	0	0	0	0	0	0	0	0
174.90	4	4	0	0	0	0	0	0	0	0	0
175.00	4	4	0	0	0	0	0	0	0	0	0
175.10	3	4	0	0	0	0	0	0	0	0	0
175.20	3	4	0	0	0	0	0	0	0	0	0
175.30	3	4	0	0	0	0	0	0	0	0	0
175.40	3	4	0	0	0	0	0	0	0	0	0
175.50	3	4	0	0	0	0	0	0	0	0	0
175.60	3	4	0	0	0	0	0	0	0	0	0
175.70	3	4	0	0	0	0	0	0	0	0	0
175.80	3	4	0	0	0	0	0	0	0	0	0
175.90	3	4	0	0	0	0	0	0	0	0	0
176.00	3	4	0	0	0	0	0	0	0	0	0
176.10	3	4	0	0	0	0	0	0	0	0	0
176.20	3	4	0	0	0	0	0	0	0	0	0
176.30	3	4	0	0	0	0	0	0	0	0	0
176.40	3	4	0	0	0	0	0	0	0	0	0
176.50	3	4	0	0	0	0	0	0	0	0	0
176.60	3	4	0	0	0	0	0	0	0	0	0
176.70	3	4	0	0	0	0	0	0	0	0	0
176.80	3	4	0	0	0	0	0	0	0	0	0
176.90	3	4	0	0	0	0	0	0	0	0	0
177.00	3	4	0	0	0	0	0	0	0	0	0
177.10	3	4	0	0	0	0	0	0	0	0	0
177.20	3	4	0	0	0	0	0	0	0	0	0
177.30	3	4	0	0	0	0	0	0	0	0	0
177.40	3	4	0	0	0	0	0	0	0	0	0
177.50	3	4	0	0	0	0	0	0	0	0	0
177.60	2	4	0	0	0	0	0	0	0	0	0
177.70	2	4	0	0	0	0	0	0	0	0	0
177.80	2	4	0	0	0	0	0	0	0	0	0
177.90	2	4	0	0	0	0	0	0	0	0	0
178.00	2	4	0	0	0	0	0	0	0	0	0
178.10	2	4	0	0	0	0	0	0	0	0	0
178.20	2	4	0	0	0	0	0	0	0	0	0
178.30	2	4	0	0	0	0	0	0	0	0	0
178.40	2	4	0	0	0	0	0	0	0	0	0
178.50	2	4	0	0	0	0	0	0	0	0	0
178.60	2	4	0	0	0	0	0	0	0	0	0
178.70	2	4	0	0	0	0	0	0	0	0	0
178.80	2	4	0	0	0	0	0	0	0	0	0
178.90	2	4	0	0	0	0	0	0	0	0	0
179.00	2	4	0	0	0	0	0	0	0	0	0
179.10	2	4	0	0	0	0	0	0	0	0	0
179.20	2	4	0	0	0	0	0	0	0	0	0
179.30	2	4	0	0	0	0	0	0	0	0	0
179.40	2	4	0	0	0	0	0	0	0	0	0
179.50	2	4	0	0	0	0	0	0	0	0	0
179.60	2	4	0	0	0	0	0	0	0	0	0
179.70	2	4	0	0	0	0	0	0	0	0	0
179.80	2	4	0	0	0	0	0	0	0	0	0
179.90	2	4	0	0	0	0	0	0	0	0	0
180.00	2	4	0	0	0	0	0	0	0	0	0
180.10	2	4	0	0	0	0	0	0	0	0	0
180.20	2	4	0	0	0	0	0	0	0	0	0
180.30	2	4	0	0	0	0	0	0	0	0	0
180.40	2	4	0	0	0	0	0	0	0	0	0
180.50	2	4	0	0	0	0	0	0	0	0	0
180.60	2	4	0	0	0	0	0	0	0	0	0
180.70	2	4	0	0	0	0	0	0	0	0	0
180.80	2	4	0	0	0	0	0	0	0	0	0
180.90	2	4	0	0	0	0	0	0	0	0	0
181.00	2	4	0	0	0	0	0	0	0	0	0
181.10	2	4	0	0	0	0	0	0	0	0	0
181.20	2	4	0	0	0	0	0	0	0	0	0
181.30	1	4	0	0	0	0	0	0	0	0	0
181.40	1	4	0	0	0	0	0	0	0	0	0
181.50	1	4	0	0	0	0	0	0	0	0	0
181.60	1	4	0	0	0	0	0	0	0	0	0
181.70	1	4	0	0	0	0	0	0	0	0	0
181.80	1	4	0	0	0	0	0	0	0	0	0
181.90	1	4	0	0	0	0	0	0	0	0	0
182.00	1	4	0	0	0	0	0	0	0	0	0
182.10	1	4	0	0	0	0	0	0	0	0	0
182.20	1	4	0	0	0	0	0	0	0	0	0
182.30	1	4	0	0	0	0	0	0	0	0	0
182.40	1	4	0	0	0	0	0	0	0	0	0
182.50	1	4	0	0	0	0	0	0	0	0	0
182.60	1	4	0	0	0	0	0	0	0	0	0
182.70	1	4	0	0	0	0	0	0	0	0	0
182.80	1	4	0	0	0	0	0	0	0	0	0
182.90	1	4	0	0	0	0	0	0	0	0	0
183.00	1	4	0	0	0	0	0	0	0	0	0
183.10	1	4	0	0	0	0	0	0	0	0	0
183.20	1	4	0	0	0	0	0	0	0	0	0
183.30	1	4	0	0	0	0	0	0	0	0	0
183.40	1	4	0	0	0	0	0	0	0	0	0
183.50	1	4	0	0	0	0	0	0	0	0	0
183.60	1	4	0	0	0	0	0	0	0	0	0
183.70	1	4	0	0	0	0	0	0	0	0	0
183.80	1	4	0	0	0	0	0	0	0	0	0
183.90	1	4	0	0	0	0	0	0	0	0	0
184.00	1	4	0	0	0	0	0	0	0	0	0
184.10	1	4	0	0	0	0	0	0	0	0	0
184.20	1	4	0	0	0	0	0	0	0	0	0
184.30	1	4	0	0	0	0	0	0	0	0	0
184.40	1	4	0	0	0	0	0	0	0	0	0
184.50	1	4	0	0	0	0	0	0	0	0	0
184.60	1	4	0	0	0	0	0	0	0	0	0
184.70	1	4	0	0	0	0	0	0	0	0	0
184.80	1	4	0	0	0	0	0	0	0	0	0
184.90	1	4	0	0	0	0	0	0	0	0	0
185.00	1	4	0	0	0	0	0	0	0	0	0
185.10	1	4	0	0	0	0	0	0	0	0	0
185.20	1	4	0	0	0	0	0	0	0	0	0
185.30	1	4	0	0	0	0	0	0	0	0	0
185.40	1	4	0	0	0	0	0	0	0	0	0
185.50	1	4	0	0	0	0	0	0	0	0	0
185.60	1	4	0	0	0	0	0	0	0	0	0
185.70	1	4	0	0	0	0	0	0	0	0	0
185.80	1	4	0	0	0	0	0	0	0	0	0
185.90	1	4	0	0	0	0	0	0	0	0	0
186.00	1	4	0	0	0	0	0	0	0	0	0
186.10	1	4	0	0	0	0	0	0	0	0	0
186.20	1	4	0	0	0	0	0	0	0	0	0
186.30	1	4	0	0	0	0	0	0	0	0	0
186.40	1	4	0	0	0	0	0	0	0	0	0
186.50	1	4	0	0	0	0	0	0	0	0	0
186.60	1	4	0	0	0	0	0	0	0	0	0
186.70	1	4	0	0	0	0	0	0	0	0	0
186.80	1	4	0	0	0	0	0	0	0	0	0
186.90	1	4	0	0	0	0	0	0	0	0	0
187.00	1	4	0	0	0	0	0	0	0	0	0
187.10	1	4	0	0	0	0	0	0	0	0	0
187.20	1	4	0	0	0	0	0	0	0	0	0
187.30	1	4	0	0	0	0	0	0	0	0	0
187.40	1	4	0	0	0	0	0	0	0	0	0
187.50	1	4	0	0	0	0	0	0	0	0	0
187.60	1	4	0	0	0	0	0	0	0	0	0
187.70	1	4	0	0	0	0	0	0	0	0	0
187.80	1	4	0	0	0	0	0	0	0	0	0
187.90	1	4	0	0	0	0	0	0	0	0	0
188.00	1	4	0	0	0	0	0	0	0	0	0
188.10	1	4	0	0	0	0	0	0	0	0	0
188.20	1	4	0	0	0	0	0	0	0	0	0
188.30	1	4	0	0	0	0	0	0	0	0	0
188.40	1	4	0	0	0	0	0	0	0	0	0
188.50	1	4	0	0	0	0	0	0	0	0	0
188.60	1	4	0	0	0	0	0	0	0	0	0
188.70	1	4	0	0	0	0	0	0	0	0	0
188.80	0	4	0	0	0	0	0	0	0	0	0
188.90	0	4	0	0	0	0	0	0	0	0	0
189.00	0	4	0	0	0	0	0	0	0	0	0
189.10	0	4	0	0	0	0	0	0	0	0	0
189.20	0	4	0	0	0	0	0	0	0	0	0
189.30	0	4	0	0	0	0	0	0	0	0	0
189.40	0	4	0	0	0	0	0	0	0	0	0
189.50	0	4	0	0	0	0	0	0	0	0	0
189.60	0	4	0	0	0	0	0	0	0	0	0
189.70	0	4	0	0	0	0	0	0	0	0	0
189.80	0	4	0	0	0	0	0	0	0	0	0
189.90	0	4	0	0	0	0	0	0	0	0	0
190.00	0	4	0	0	0	0	0	0	0	0	0
190.10	0	4	0	0	0	0	0	0	0	0	0
190.20	0	4	0	0	0	0	0	0	0	0	0
190.30	0	4	0	0	0	0	0	0	0	0	0
190.40	0	4	0	0	0	0	0	0	0	0	0
190.50	0	4	0	0	0	0	0	0	0	0	0
190.60	0	4	0	0	0	0	0	0	0	0	0
190.70	0	4	0	0	0	0	0	0	0	0	0
190.80	0	4	0	0	0	0	0	0	0	0	0
190.90	0	4	0	0	0	0	0	0	0	0	0
191.00	0	4	0	0	0	0	0	0	0	0	0
191.10	0	4	0	0	0	0	0	0	0	0	0
191.20	0	4	0	0	0	0	0	0	0	0	0
191.30	0	4	0	0	0	0	0	0	0	0	0
191.40	0	4	0	0	0	0	0	0	0	0	0
191.50	0	4	0	0	0	0	0	0	0	0	0
191.60	0	4	0	0	0	0	0	0	0	0	0
191.70	0	4	0	0	0	0	0	0	0	0	0
191.80	0	4	0	0	0	0	0	0	0	0	0
191.90	0	4	0	0	0	0	0	0	0	0	0
192.00	0	4	0	0	0	0	0	0	0	0	0
192.10	0	4	0	0	0	0	0	0	0	0	0
192.20	0	4	0	0	0	0	0	0	0	0	0
192.30	0	4	0	0	0	0	0	0	0	0	0
192.40	0	4	0	0	0	0	0	0	0	0	0
192.50	0	4	0	0	0	0	0	0	0	0	0
192.60	0	4	0	0	0	0	0	0	0	0	0
192.70	0	4	0	0	0	0	0	0	0	0	0
192.80	0	4	0	0	0	0	0	0	0	0	0
192.90	0	4	0	0	0	0	0	0	0	0	0
193.00	0	4	0	0	0	0	0	0	0	0	0
193.10	0	4	0	0	0	0	0	0	0	0	0
193.20	0	4	0	0	0	0	0	0	0	0	0
193.30	0	4	0	0	0	0	0	0	0	0	0
193.40	0	4	0	0	0	0	0	0	0	0	0
193.50	0	4	0	0	0	0	0	0	0	0	0
193.60	0	4	0	0	0	0	0	0	0	0	0
193.70	0	4	0	0	0	0	0	0	0	0	0
193.80	0	4	0	0	0	0	0	0	0	0	0
193.90	0	4	0	0	0	0	0	0	0	0	0
194.00	0	4	0	0	0	0	0	0	0	0	0
194.10	0	4	0	0	0	0	0	0	0	0	0
194.20	0	4	0	0	0	0	0	0	0	0	0
194.30	0	4	0	0	0	0	0	0	0	0	0
194.40	0	4	0	0	0	0	0	0	0	0	0
194.50	0	4	0	0	0	0	0	0	0	0	0
194.60	0	4	0	0	0	0	0	0	0	0	0
194.70	0	4	0	0	0	0	0	0	0	0	0
194.80	0	4	0	0	0	0	0	0	0	0	0
194.90	0	4	0	0	0	0	0	0	0	0	0
195.00	0	4	0	0	0	0	0	0	0	0	0
195.10	0	4	0	0	0	0	0	0	0	0	0
195.20	0	4	0	0	0	0	0	0	0	0	0
195.30	0	4	0	0	0	0	0	0	0	0	0
195.40	0	4	0	0	0	0	0	0	0	0	0
195.50	0	4	0	0	0	0	0	0	0	0	0
195.60	0	4	0	0	0	0	0	0	0	0	0
195.70	0	4	0	0	0	0	0	0	0	0	0
195.80	0	4	0	0	0	0	0	0	0	0	0
195.90	0	4	0	0	0	0	0	0	0	0	0
196.00	0	4	0	0	0	0	0	0	0	0	0
196.10	0	4	0	0	0	0	0	0	0	0	0
196.20	0	4	0	0	0	0	0	0	0	0	0
196.30	0	4	0	0	0	0	0	0	0	0	0
196.40	0	4	0	0	0	0	0	0	0	0	0
196.50	0	4	0	0	0	0	0	0	0	0	0
196.60	0	4	0	0	0	0	0	0	0	0	0
196.70	0	4	0	0	0	0	0	0	0	0	0
196.80	0	4	0	0	0	0	0	0	0	0	0
196.90	0	4	0	0	0	0	0	0	0	0	0
197.00	0	4	0	0	0	0	0	0	0	0	0
197.10	0	4	0	0	0	0	0	0	0	0	0
197.20	0	4	0	0	0	0	0	0	0	0	0
197.30	0	4	0	0	0	0	0	0	0	0	0
197.40	0	4	0	0	0	0	0	0	0	0	0
197.50	0	4	0	0	0	0	0	0	0	0	0
197.60	0	4	0	0	0	0	0	0	0	0	0
197.70	0	4	0	0	0	0	0	0	0	0	0
197.80	0	4	0	0	0	0	0	0	0	0	0
197.90	0	4	0	0	0	0	0	0	0	0	0
198.00	0	4	0	0	0	0	0	0	0	0	0
198.10	0	4	0	0	0	0	0	0	0	0	0
198.20	0	4	0	0	0	0	0	0	0	0	0
198.30	0	4	0	0	0	0	0	0	0	0	0
198.40	0	4	0	0	0	0	0	0	0	0	0
198.50	0	4	0	0	0	0	0	0	0	0	0
198.60	0	4	0	0	0	0	0	0	0	0	0
198.70	0	4	0	0	0	0	0	0	0	0	0
198.80	0	4	0	0	0	0	0	0	0	0	0
198.90	0	4	0	0	0	0	0	0	0	0	0
199.00	0	4	0	0	0	0	0	0	0	0	0
199.10	0	4	0	0	0	0	0	0	0	0	0
199.20	0	4	0	0	0	0	0	0	0	0	0
199.30	0	4	0	0	0	0	0	0	0	0	0
199.40	0	4	0	0	0	0	0	0	0	0	0
199.50	0	4	0	0	0	0	0	0	0	0	0
199.60	0	4	0	0	0	0	0	0	0	0	0
199.70	0	4	0	0	0	0	0	0	0	0	0
199.80	0	4	0	0	0	0	0	0	0	0	0
199.90	0	4	0	0	0	0	0	0	0	0	0
200.00	0	4	0	0	0	0	0	0	0	0	0
200.10	0	4	0	0	0	0	0	0	0	0	0
200.20	0	4	0	0	0	0	0	0	0	0	0
200.30	0	4	0	0	0	0	0	0	0	0	0
200.40	0	4	0	0	0	0	0	0	0	0	0
200.50	0	4	0	0	0	0	0	0	0	0	0
200.60	0	4	0	0	0	0	0	0	0	0	0
200.70	0	4	0	0	0	0	0	0	0	0	0
200.80	0	4	0	0	0	0	0	0	0	0	0
200.90	0	4	0	0	0	0	0	0	0	0	0
201.00	0	4	0	0	0	0	0	0	0	0	0
201.10	0	4	0	0	0	0	0	0	0	0	0
201.20	0	4	0	0	0	0	0	0	0	0	0
201.30	0	4	0	0	0	0	0	0	0	0	0
201.40	0	4	0	0	0	0	0	0	0	0	0
201.50	0	4	0	0	0	0	0	0	0	0	0
201.60	0	4	0	0	0	0	0	0	0	0	0
201.70	0	4	0	0	0	0	0	0	0	0	0
201.80	0	4	0	0	0	0	0	0	0	0	0
201.90	0	4	0	0	0	0	0	0	0	0	0
202.00	0	4	0	0	0	0	0	0	0	0	0
202.10	0	4	0	0	0	0	0	0	0	0	0
202.20	0	4	0	0	0	0	0	0	0	0	0
202.30	0	4	0	0	0	0	0	0	0	0	0
202.40	0	4	0	0	0	0	0	0	0	0	0
202.50	0	4	0	0	0	0	0	0	0	0	0
202.60	0	4	0	0	0	0	0	0	0	0	0
202.70	0	4	0	0	0	0	0	0	0	0	0
202.80	0	4	0	0	0	0	0	0	0	0	0
202.90	0	4	0	0	0	0	0	0	0	0	0
203.00	0	4	0	0	0	0	0	0	0	0	0
203.10	0	4	0	0	0	0	0	0	0	0	0
203.20	0	4	0	0	0	0	0	0	0	0	0
203.30	0	4	0	0	0	0	0	0	0	0	0
203.40	0	4	0	0	0	0	0	0	0	0	0
203.50	0	4	0	0	0	0	0	0	0	0	0
203.60	0	4	0	0	0	0	0	0	0	0	0
203.70	0	4	0	0	0	0	0	0	0	0	0
203.80	0	4	0	0	0	0	0	0	0	0	0
203.90	0	4	0	0	0	0	0	0	0	0	0
204.00	0	4	0	0	0	0	0	0	0	0	0
204.10	0	4	0	0	0	0	0	0	0	0	0
204.20	0	4	0	0	0	0	0	0	0	0	0
204.30	0	4	0	0	0	0	0	0	0	0	0
204.40	0	4	0	0	0	0	0	0	0	0	0
204.50	0	4	0	0	0	0	0	0	0	0	0
204.60	0	4	0	0	0	0	0	0	0	0	0
204.70	0	4	0	0	0	0	0	0	0	0	0
204.80	0	4	0	0	0	0	0	0	0	0	0
204.90	0	4	0	0	0	0	0	0	0	0	0
205.00	0	4	0	0	0	0	0	0	0	0	0
205.10	0	4	0	0	0	0	0	0	0	0	0
205.20	0	4	0	0	0	0	0	0	0	0	0
205.30	0	4	0	0	0	0	0	0	0	0	0
205.40	0	4	0	0	0	0	0	0	0	0	0
205.50	0	4	0	0	0	0	0	0	0	0	0
205.60	0	4	0	0	0	0	0	0	0	0	0
205.70	0	4	0	0	0	0	0	0	0	0	0
205.80	0	4	0	0	0	0	0	0	0	0	0
205.90	0	4	0	0	0	0	0	0	0	0	0
206.00	0	4	0	0	0	0	0	0	0	0	0
206.10	0	4	0	0	0	0	0	0	0	0	0
206.20	0	4	0	0	0	0	0	0	0	0	0
206.30	0	4	0	0	0	0	0	0	0	0	0
206.40	0	4	0	0	0	0	0	0	0	0	0
206.50	0	4	0	0	0	0	0	0	0	0	0
206.60	0	4	0	0	0	0	0	0	0	0	0
206.70	0	4	0	0	0	0	0	0	0	0	0
206.80	0	4	0	0	0	0	0	0	0	0	0
206.90	0	4	0	0	0	0	0	0	0	0	0
207.00	0	4	0	0	0	0	0	0	0	0	0
207.10	0	4	0	0	0	0	0	0	0	0	0
207.20	0	4	0	0	0	0	0	0	0	0	0
207.30	0	4	0	0	0	0	0	0	0	0	0
207.40	0	4	0	0	0	0	0	0	0	0	0
207.50	0	4	0	0	0	0	0	0	0	0	0
207.60	0	4	0	0	0	0	0	0	0	0	0
207.70	0	4	0	0	0	0	0	0	0	0	0
207.80	0	4	0	0	0	0	0	0	0	0	0
207.90	0	4	0	0	0	0	0	0	0	0	0
208.00	0	4	0	0	0	0	0	0	0	0	0
208.10	0	4	0	0	0	0	0	0	0	0	0
208.20	0	4	0	0	0	0	0	0	0	0	0
208.30	0	4	0	0	0	0	0	0	0	0	0
208.40	0	4	0	0	0	0	0	0	0	0	0
208.50	0	4	0	0	0	0	0	0	0	0	0
208.60	0	4	0	0	0	0	0	0	0	0	0
208.70	0	4	0	0	0	0	0	0	0	0	0
208.80	0	4	0	0	0	0	0	0	0	0	0
208.90	0	4	0	0	0	0	0	0	0	0	0
209.00	0	4	0	0	0	0	0	0	0	0	0
209.10	0	4	0	0	0	0	0	0	0	0	0
209.20	0	4	0	0	0	0	0	0	0	0	0
209.30	0	4	0	0	0	0	0	0	0	0	0
209.40	0	4	0	0	0	0	0	0	0	0	0
209.50	0	4	0	0	0	0	0	0	0	0	0
209.60	0	4	0	0	0	0	0	0	0	0	0
209.70	0	4	0	0	0	0	0	0	0	0	0
209.80	0	4	0	0	0	0	0	0	0	0	0
209.90	0	4	0	0	0	0	0	0	0	0	0
210.00	0	4	0	0	0	0	0	0	0	0	0
210.10	0	4	0	0	0	0	0	0	0	0	0
210.20	0	4	0	0	0	0	0	0	0	0	0
210.30	0	4	0	0	0	0	0	0	0	0	0
210.40	0	4	0	0	0	0	0	0	0	0	0
210.50	0	4	0	0	0	0	0	0	0	0	0
210.60	0	4	0	0	0	0	0	0	0	0	0
210.70	0	4	0	0	0	0	0	0	0	0	0
210.80	0	4	0	0	0	0	0	0	0	0	0
210.90	0	4	0	0	0	0	0	0	0	0	0
211.00	0	4	0	0	0	0	0	0	0	0	0
211.10	0	4	0	0	0	0	0	0	0	0	0
211.20	0	4	0	0	0	0	0	0	0	0	0
211.30	0	4	0	0	0	0	0	0	0	0	0
211.40	0	4	0	0	0	0	0	0	0	0	0
211.50	0	4	0	0	0	0	0	0	0	0	0
211.60	0	4	0	0	0	0	0	0	0	0	0
211.70	0	4	0	0	0	0	0	0	0	0	0
211.80	0	4	0	0	0	0	0	0	0	0	0
211.90	0	4	0	0	0	0	0	0	0	0	0
212.00	0	4	0	0	0	0	0	0	0	0	0
212.10	0	4	0	0	0	0	0	0	0	0	0
212.20	0	4	0	0	0	0	0	0	0	0	0
212.30	0	4	0	0	0	0	0	0	0	0	0
212.40	0	4	0	0	0	0	0	0	0	0	0
212.50	0	4	0	0	0	0	0	0	0	0	0
212.60	0	4	0	0	0	0	0	0	0	0	0
212.70	0	4	0	0	0	0	0	0	0	0	0
212.80	0	4	0	0	0	0	0	0	0	0	0
212.90	0	4	0	0	0	0	0	0	0	0	0
213.00	0	4	0	0	0	0	0	0	0	0	0
213.10	0	4	0	0	0	0	0	0	0	0	0
213.20	0	4	0	0	0	0	0	0	0	0	0
213.30	0	4	0	0	0	0	0	0	0	0	0
213.40	0	4	0	0	0	0	0	0	0	0	0
213.50	0	4	0	0	0	0	0	0	0	0	0
213.60	0	4	0	0	0	0	0	0	0	0	0
213.70	0	4	0	0	0	0	0	0	0	0	0
213.80	0	4	0	0	0	0	0	0	0	0	0
213.90	0	4	0	0	0	0	0	0	0	0	0
214.00	0	4	0	0	0	0	0	0	0	0	0
214.10	0	4	0	0	0	0	0	0	0	0	0
214.20	0	4	0	0	0	0	0	0	0	0	0
214.30	0	4	0	0	0	0	0	0	0	0	0
214.40	0	4	0	0	0	0	0	0	0	0	0
214.50	0	4	0	0	0	0	0	0	0	0	0
214.60	0	4	0	0	0	0	0	0	0	0	0
214.70	0	4	0	0	0	0	0	0	0	0	0
214.80	0	4	0	0	0	0	0	0	0	0	0
214.90	0	4	0	0	0	0	0	0	0	0	0
215.00	0	4	0	0	0	0	0	0	0	0	0
215.10	0	4	0	0	0	0	0	0	0	0	0
215.20	0	4	0	0	0	0	0	0	0	0	0
215.30	0	4	0	0	0	0	0	0	0	0	0
215.40	0	4	0	0	0	0	0	0	0	0	0
215.50	0	4	0	0	0	0	0	0	0	0	0
215.60	0	4	0	0	0	0	0	0	0	0	0
215.70	0	4	0	0	0	0	0	0	0	0	0
215.80	0	4	0	0	0	0	0	0	0	0	0
215.90	0	4	0	0	0	0	0	0	0	0	0
216.00	0	4	0	0	0	0	0	0	0	0	0
216.10	0	4	0	0	0	0	0	0	0	0	0
216.20	0	4	0	0	0	0	0	0	0	0	0
216.30	0	4	0	0	0	0	0	0	0	0	0
216.40	0	4	0	0	0	0	0	0	0	0	0
216.50	0	4	0	0	0	0	0	0	0	0	0
216.60	0	4	0	0	0	0	0	0	0	0	0
216.70	0	4	0	0	0	0	0	0	0	0	0
216.80	0	4	0	0	0	0	0	0	0	0	0
216.90	0	4	0	0	0	0	0	0	0	0	0
217.00	0	4	0	0	0	0	0	0	0	0	0
217.10	0	4	0	0	0	0	0	0	0	0	0
217.20	0	4	0	0	0	0	0	0	0	0	0
217.30	0	4	0	0	0	0	0	0	0	0	0
217.40	0	4	0	0	0	0	0	0	0	0	0
217.50	0	4	0	0	0	0	0	0	0	0	0
217.60	0	4	0	0	0	0	0	0	0	0	0
217.70	0	4	0	0	0	0	0	0	0	0	0
217.80	0	4	0	0	0	0	0	0	0	0	0
217.90	0	4	0	0	0	0	0	0	0	0	0
218.00	0	4	0	0	0	0	0	0	0	0	0
218.10	0	4	0	0	0	0	0	0	0	0	0
218.20	0	4	0	0	0	0	0	0	0	0	0
218.30	0	4	0	0	0	0	0	0	0	0	0
218.40	0	4	0	0	0	0	0	0	0	0	0
218.50	0	4	0	0	0	0	0	0	0	0	0
218.60	0	4	0	0	0	0	0	0	0	0	0
218.70	0	4	0	0	0	0	0	0	0	0	0
218.80	0	4	0	0	0	0	0	0	0	0	0
218.90	0	4	0	0	0	0	0	0	0	0	0
219.00	0	4	0	0	0	0	0	0	0	0	0
219.10	0	4	0	0	0	0	0	0	0	0	0
219.20	0	4	0	0	0	0	0	0	0	0	0
219.30	0	4	0	0	0	0	0	0	0	0	0
219.40	0	4	0	0	0	0	0	0	0	0	0
219.50	0	4	0	0	0	0	0	0	0	0	0
219.60	0	4	0	0	0	0	0	0	0	0	0
219.70	0	4	0	0	0	0	0	0	0	0	0
219.80	0	4	0	0	0	0	0	0	0	0	0
219.90	0	4	0	0	0	0	0	0	0	0	0
220.00	0	4	0	0	0	0	0	0	0	0	0
220.10	0	4	0	0	0	0	0	0	0	0	0
220.20	0	4	0	0	0	0	0	0	0	0	0
220.30	0	4	0	0	0	0	0	0	0	0	0
220.40	0	4	0	0	0	0	0	0	0	0	0
220.50	0	4	0	0	0	0	0	0	0	0	0
220.60	0	4	0	0	0	0	0	0	0	0	0
220.70	0	4	0	0	0	0	0	0	0	0	0
220.80	0	4	0	0	0	0	0	0	0	0	0
220.90	0	4	0	0	0	0	0	0	0	0	0
221.00	0	4	0	0	0	0	0	0	0	0	0
221.10	0	4	0	0	0	0	0	0	0	0	0
221.20	0	4	0	0	0	0	0	0	0	0	0
221.30	0	4	0	0	0	0	0	0	0	0	0
221.40	0	4	0	0	0	0	0	0	0	0	0
221.50	0	4	0	0	0	0	0	0	0	0	0
221.60	0	4	0	0	0	0	0	0	0	0	0
221.70	0	4	0	0	0	0	0	0	0	0	0
221.80	0	4	0	0	0	0	0	0	0	0	0
221.90	0	4	0	0	0	0	0	0	0	0	0
222.00	0	4	0	0	0	0	0	0	0	0	0
222.10	0	4	0	0	0	0	0	0	0	0	0
222.20	0	4	0	0	0	0	0	0	0	0	0
222.30	0	4	0	0	0	0	0	0	0	0	0
222.40	0	4	0	0	0	0	0	0	0	0	0
222.50	0	4	0	0	0	0	0	0	0	0	0
222.60	0	4	0	0	0	0	0	0	0	0	0
222.70	0	4	0	0	0	0	0	0	0	0	0
222.80	0	4	0	0	0	0	0	0	0	0	0
222.90	0	4	0	0	0	0	0	0	0	0	0
223.00	0	4	0	0	0	0	0	0	0	0	0
223.10	0	4	0	0	0	0	0	0	0	0	0
223.20	0	4	0	0	0	0	0	0	0	0	0
223.30	0	4	0	0	0	0	0	0	0	0	0
223.40	0	4	0	0	0	0	0	0	0	0	0
223.50	0	4	0	0	0	0	0	0	0	0	0
223.60	0	4	0	0	0	0	0	0	0	0	0
223.70	0	4	0	0	0	0	0	0	0	0	0
223.80	0	4	0	0	0	0	0	0	0	0	0
223.90	0	4	0	0	0	0	0	0	0	0	0
224.00	0	4	0	0	0	0	0	0	0	0	0
224.10	0	4	0	0	0	0	0	0	0	0	0
224.20	0	4	0	0	0	0	0	0	0	0	0
224.30	0	4	0	0	0	0	0	0	0	0	0
224.40	0	4	0	0	0	0	0	0	0	0	0
224.50	0	4	0	0	0	0	0	0	0	0	0
224.60	0	4	0	0	0	0	0	0	0	0	0
224.70	0	4	0	0	0	0	0	0	0	0	0
224.80	0	4	0	0	0	0	0	0	0	0	0
224.90	0	4	0	0	0	0	0	0	0	0	0
225.00	0	4	0	0	0	0	0	0	0	0	0
225.10	0	4	0	0	0	0	0	0	0	0	0
225.20	0	4	0	0	0	0	0	0	0	0	0
225.30	0	4	0	0	0	0	0	0	0	0	0
225.40	0	4	0	0	0	0	0	0	0	0	0
225.50	0	4	0	0	0	0	0	0	0	0	0
225.60	0	4	0	0	0	0	0	0	0	0	0
225.70	0	4	0	0	0	0	0	0	0	0	0
225.80	0	4	0	0	0	0	0	0	0	0	0
225.90	0	4	0	0	0	0	0	0	0	0	0
226.00	0	4	0	0	0	0	0	0	0	0	0
226.10	0	4	0	0	0	0	0	0	0	0	0
226.20	0	4	0	0	0	0	0	0	0	0	0
226.30	0	4	0	0	0	0	0	0	0	0	0
226.40	0	4	0	0	0	0	0	0	0	0	0
226.50	0	4	0	0	0	0	0	0	0	0	0
226.60	0	4	0	0	0	0	0	0	0	0	0
226.70	0	4	0	0	0	0	0	0	0	0	0
226.80	0	4	0	0	0	0	0	0	0	0	0
226.90	0	4	0	0	0	0	0	0	0	0	0
227.00	0	4	0	0	0	0	0	0	0	0	0
227.10	0	4	0	0	0	0	0	0	0	0	0
227.20	0	4	0	0	0	0	0	0	0	0	0
227.30	0	4	0	0	0	0	0	0	0	0	0
227.40	0	4	0	0	0	0	0	0	0	0	0
227.50	0	4	0	0	0	0	0	0	0	0	0
227.60	0	4	0	0	0	0	0	0	0	0	0
227.70	0	4	0	0	0	0	0	0	0	0	0
227.80	0	4	0	0	0	0	0	0	0	0	0
227.90	0	4	0	0	0	0	0	0	0	0	0
228.00	0	4	0	0	0	0	0	0	0	0	0
228.10	0	4	0	0	0	0	0	0	0	0	0
228.20	0	4	0	0	0	0	0	0	0	0	0
228.30	0	4	0	0	0	0	0	0	0	0	0
228.40	0	4	0	0	0	0	0	0	0	0	0
228.50	0	4	0	0	0	0	0	0	0	0	0
228.60	0	4	0	0	0	0	0	0	0	0	0
228.70	0	4	0	0	0	0	0	0	0	0	0
228.80	0	4	0	0	0	0	0	0	0	0	0
228.90	0	4	0	0	0	0	0	0	0	0	0
229.00	0	4	0	0	0	0	0	0	0	0	0
229.10	0	4	0	0	0	0	0	0	0	0	0
229.20	0	4	0	0	0	0	0	0	0	0	0
229.30	0	4	0	0	0	0	0	0	0	0	0
229.40	0	4	0	0	0	0	0	0	0	0	0
229.50	0	4	0	0	0	0	0	0	0	0	0
229.60	0	4	0	0	0	0	0	0	0	0	0
229.70	0	4	0	0	0	0	0	0	0	0	0
229.80	0	4	0	0	0	0	0	0	0	0	0
229.90	0	4	0	0	0	0	0	0	0	0	0
230.00	0	4	0	0	0	0	0	0	0	0	0
230.10	0	4	0	0	0	0	0	0	0	0	0
230.20	0	4	0	0	0	0	0	0	0	0	0
230.30	0	4	0	0	0	0	0	0	0	0	0
230.40	0	4	0	0	0	0	0	0	0	0	0
230.50	0	4	0	0	0	0	0	0	0	0	0
230.60	0	4	0	0	0	0	0	0	0	0	0
230.70	0	4	0	0	0	0	0	0	0	0	0
230.80	0	4	0	0	0	0	0	0	0	0	0
230.90	0	4	0	0	0	0	0	0	0	0	0
231.00	0	4	0	0	0	0	0	0	0	0	0
231.10	0	4	0	0	0	0	0	0	0	0	0
231.20	0	4	0	0	0	0	0	0	0	0	0
231.30	0	4	0	0	0	0	0	0	0	0	0
231.40	0	4	0	0	0	0	0	0	0	0	0
231.50	0	4	0	0	0	0	0	0	0	0	0
231.60	0	4	0	0	0	0	0	0	0	0	0
231.70	0	4	0	0	0	0	0	0	0	0	0
231.80	0	4	0	0	0	0	0	0	0	0	0
231.90	0	4	0	0	0	0	0	0	0	0	0
232.00	0	4	0	0	0	0	0	0	0	0	0
232.10	0	4	0	0	0	0	0	0	0	0	0
232.20	0	4	0	0	0	0	0	0	0	0	0
232.30	0	4	0	0	0	0	0	0	0	0	0
232.40	0	4	0	0	0	0	0	0	0	0	0
232.50	0	4	0	0	0	0	0	0	0	0	0
232.60	0	4	0	0	0	0	0	0	0	0	0
232.70	0	4	0	0	0	0	0	0	0	0	0
232.80	0	4	0	0	0	0	0	0	0	0	0
232.90	0	4	0	0	0	0	0	0	0	0	0
233.00	0	4	0	0	0	0	0	0	0	0	0
233.10	0	4	0	0	0	0	0	0	0	0	0
233.20	0	4	0	0	0	0	0	0	0	0	0
233.30	0	4	0	0	0	0	0	0	0	0	0
233.40	0	4	0	0	0	0	0	0	0	0	0
233.50	0	4	0	0	0	0	0	0	0	0	0
233.60	0	4	0	0	0	0	0	0	0	0	0
233.70	0	4	0	0	0	0	0	0	0	0	0
233.80	0	4	0	0	0	0	0	0	0	0	0
233.90	0	4	0	0	0	0	0	0	0	0	0
234.00	0	4	0	0	0	0	0	0	0	0	0
234.10	0	4	0	0	0	0	0	0	0	0	0
234.20	0	4	0	0	0	0	0	0	0	0	0
234.30	0	4	0	0	0	0	0	0	0	0	0
234.40	0	4	0	0	0	0	0	0	0	0	0
234.50	0	4	0	0	0	0	0	0	0	0	0
234.60	0	4	0	0	0	0	0	0	0	0	0
234.70	0	4	0	0	0	0	0	0	0	0	0
234.80	0	4	0	0	0	0	0	0	0	0	0
234.90	0	4	0	0	0	0	0	0	0	0	0
235.00	0	4	0	0	0	0	0	0	0	0	0
235.10	0	4	0	0	0	0	0	0	0	0	0
235.20	0	4	0	0	0	0	0	0	0	0	0
235.30	0	4	0	0	0	0	0	0	0	0	0
235.40	0	4	0	0	0	0	0	0	0	0	0
235.50	0	4	0	0	0	0	0	0	0	0	0
235.60	0	4	0	0	0	0	0	0	0	0	0
235.70	0	4	0	0	0	0	0	0	0	0	0
235.80	0	4	0	0	0	0	0	0	0	0	0
235.90	0	4	0	0	0	0	0	0	0	0	0
236.00	0	4	0	0	0	0	0	0	0	0	0
236.10	0	4	0	0	0	0	0	0	0	0	0
236.20	0	4	0	0	0	0	0	0	0	0	0
236.30	0	4	0	0	0	0	0	0	0	0	0
236.40	0	4	0	0	0	0	0	0	0	0	0
236.50	0	4	0	0	0	0	0	0	0	0	0
236.60	0	4	0	0	0	0	0	0	0	0	0
236.70	0	4	0	0	0	0	0	0	0	0	0
236.80	0	4	0	0	0	0	0	0	0	0	0
236.90	0	4	0	0	0	0	0	0	0	0	0
237.00	0	4	0	0	0	0	0	0	0	0	0
237.10	0	4	0	0	0	0	0	0	0	0	0
237.20	0	4	0	0	0	0	0	0	0	0	0
237.30	0	4	0	0	0	0	0	0	0	0	0
237.40	0	4	0	0	0	0	0	0	0	0	0
237.50	0	4	0	0	0	0	0	0	0	0	0
237.60	0	4	0	0	0	0	0	0	0	0	0
237.70	0	4	0	0	0	0	0	0	0	0	0
237.80	0	4	0	0	0	0	0	0	0	0	0
237.90	0	4	0	0	0	0	0	0	0	0	0
238.00	0	4	0	0	0	0	0	0	0	0	0
238.10	0	4	0	0	0	0	0	0	0	0	0
238.20	0	4	0	0	0	0	0	0	0	0	0
238.30	0	4	0	0	0	0	0	0	0	0	0
238.40	0	4	0	0	0	0	0	0	0	0	0
238.50	0	4	0	0	0	0	0	0	0	0	0
238.60	0	4	0	0	0	0	0	0	0	0	0
238.70	0	4	0	0	0	0	0	0	0	0	0
238.80	0	4	0	0	0	0	0	0	0	0	0
238.90	0	4	0	0	0	0	0	0	0	0	0
239.00	0	4	0	0	0	0	0	0	0	0	0
239.10	0	4	0	0	0	0	0	0	0	0	0
239.20	0	4	0	0	0	0	0	0	0	0	0
239.30	0	4	0	0	0	0	0	0	0	0	0
239.40	0	4	0	0	0	0	0	0	0	0	0
239.50	0	4	0	0	0	0	0	0	0	0	0
239.60	0	4	0	0	0	0	0	0	0	0	0
239.70	0	4	0	0	0	0	0	0	0	0	0
239.80	0	4	0	0	0	0	0	0	0	0	0
239.90	0	4	0	0	0	0	0	0	0	0	0
240.00	0	4	0	0	0	0	0	0	0	0	0
240.10	0	4	0	0	0	0	0	0	0	0	0
240.20	0	4	0	0	0	0	0	0	0	0	0
240.30	0	4	0	0	0	0	0	0	0	0	0
240.40	0	4	0	0	0	0	0	0	0	0	0
240.50	0	4	0	0	0	0	0	0	0	0	0
240.60	0	4	0	0	0	0	0	0	0	0	0
240.70	0	4	0	0	0	0	0	0	0	0	0
240.80	0	4	0	0	0	0	0	0	0	0	0
240.90	0	4	0	0	0	0	0	0	0	0	0
241.00	0	4	0	0	0	0	0	0	0	0	0
241.10	0	4	0	0	0	0	0	0	0	0	0
241.20	0	4	0	0	0	0	0	0	0	0	0
241.30	0	4	0	0	0	0	0	0	0	0	0
241.40	0	4	0	0	0	0	0	0	0	0	0
241.50	0	4	0	0	0	0	0	0	0	0	0
241.60	0	4	0	0	0	0	0	0	0	0	0
241.70	0	4	0	0	0	0	0	0	0	0	0
241.80	0	4	0	0	0	0	0	0	0	0	0
241.90	0	4	0	0	0	0	0	0	0	0	0
242.00	0	4	0	0	0	0	0	0	0	0	0
242.10	0	4	0	0	0	0	0	0	0	0	0
242.20	0	4	0	0	0	0	0	0	0	0	0
242.30	0	4	0	0	0	0	0	0	0	0	0
242.40	0	4	0	0	0	0	0	0	0	0	0
242.50	0	4	0	0	0	0	0	0	0	0	0
242.60	0	4	0	0	0	0	0	0	0	0	0
242.70	0	4	0	0	0	0	0	0	0	0	0
242.80	0	4	0	0	0	0	0	0	0	0	0
242.90	0	4	0	0	0	0	0	0	0	0	0
243.00	0	4	0	0	0	0	0	0	0	0	0
243.10	0	4	0	0	0	0	0	0	0	0	0
243.20	0	4	0	0	0	0	0	0	0	0	0
243.30	0	4	0	0	0	0	0	0	0	0	0
243.40	0	4	0	0	0	0	0	0	0	0	0
243.50	0	4	0	0	0	0	0	0	0	0	0
243.60	0	4	0	0	0	0	0	0	0	0	0
243.70	0	4	0	0	0	0	0	0	0	0	0
243.80	0	4	0	0	0	0	0	0	0	0	0
243.90	0	4	0	0	0	0	0	0	0	0	0
244.00	0	4	0	0	0	0	0	0	0	0	0
244.10	0	4	0	0	0	0	0	0	0	0	0
244.20	0	4	0	0	0	0	0	0	0	0	0
244.30	0	4	0	0	0	0	0	0	0	0	0
244.40	0	4	0	0	0	0	0	0	0	0	0
244.50	0	4	0	0	0	0	0	0	0	0	0
244.60	0	4	0	0	0	0	0	0	0	0	0
244.70	0	4	0	0	0	0	0	0	0	0	0
244.80	0	4	0	0	0	0	0	0	0	0	0
244.90	0	4	0	0	0	0	0	0	0	0	0
245.00	0	4	0	0	0	0	0	0	0	0	0
245.10	0	4	0	0	0	0	0	0	0	0	0
245.20	0	4	0	0	0	0	0	0	0	0	0
245.30	0	4	0	0	0	0	0	0	0	0	0
245.40	0	4	0	0	0	0	0	0	0	0	0
245.50	0	4	0	0	0	0	0	0	0	0	0
245.60	0	4	0	0	0	0	0	0	0	0	0
245.70	0	4	0	0	0	0	0	0	0	0	0
245.80	0	4	0	0	0	0	0	0	0	0	0
245.90	0	4	0	0	0	0	0	0	0	0	0
246.00	0	4	0	0	0	0	0	0	0	0	0
246.10	0	4	0	0	0	0	0	0	0	0	0
246.20	0	4	0	0	0	0	0	0	0	0	0
246.30	0	4	0	0	0	0	0	0	0	0	0
246.40	0	4	0	0	0	0	0	0	0	0	0
246.50	0	4	0	0	0	0	0	0	0	0	0
246.60	0	4	0	0	0	0	0	0	0	0	0
246.70	0	4	0	0	0	0	0	0	0	0	0
246.80	0	4	0	0	0	0	0	0	0	0	0
246.90	0	4	0	0	0	0	0	0	0	0	0
247.00	0	4	0	0	0	0	0	0	0	0	0
247.10	0	4	0	0	0	0	0	0	0	0	0
247.20	0	4	0	0	0	0	0	0	0	0	0
247.30	0	4	0	0	0	0	0	0	0	0	0
247.40	0	4	0	0	0	0	0	0	0	0	0
247.50	0	4	0	0	0	0	0	0	0	0	0
247.60	0	4	0	0	0	0	0	0	0	0	0
247.70	0	4	0	0	0	0	0	0	0	0	0
247.80	0	4	0	0	0	0	0	0	0	0	0
247.90	0	4	0	0	0	0	0	0	0	0	0
248.00	0	4	0	0	0	0	0	0	0	0	0
248.10	0	4	0	0	0	0	0	0	0	0	0
248.20	0	4	0	0	0	0	0	0	0	0	0
248.30	0	4	0	0	0	0	0	0	0	0	0
248.40	0	4	0	0	0	0	0	0	0	0	0
248.50	0	4	0	0	0	0	0	0	0	0	0
248.60	0	4	0	0	0	0	0	0	0	0	0
248.70	0	4	0	0	0	0	0	0	0	0	0
248.80	0	4	0	0	0	0	0	0	0	0	0
248.90	0	4	0	0	0	0	0	0	0	0	0
249.00	0	4	0	0	0	0	0	0	0	0	0
249.10	0	4	0	0	0	0	0	0	0	0	0
249.20	0	4	0	0	0	0	0	0	0	0	0
249.30	0	4	0	0	0	0	0	0	0	0	0
249.40	0	4	0	0	0	0	0	0	0	0	0
249.50	0	4	0	0	0	0	0	0	0	0	0
249.60	0	4	0	0	0	0	0	0	0	0	0
249.70	0	4	0	0	0	0	0	0	0	0	0
249.80	0	4	0	0	0	0	0	0	0	0	0
249.90	0	4	0	0	0	0	0	0	0	0	0
250.00	0	4	0	0	0	0	0	0	0	0	0
250.10	0	4	0	0	0	0	0	0	0	0	0
250.20	0	4	0	0	0	0	0	0	0	0	0
250.30	0	4	0	0	0	0	0	0	0	0	0
250.40	0	4	0	0	0	0	0	0	0	0	0
250.50	0	4	0	0	0	0	0	0	0	0	0
250.60	0	4	0	0	0	0	0	0	0	0	0
250.70	0	4	0	0	0	0	0	0	0	0	0
250.80	0	4	0	0	0	0	0	0	0	0	0
250.90	0	4	0	0	0	0	0	0	0	0	0
251.00	0	4	0	0	0	0	0	0	0	0	0
251.10	0	4	0	0	0	0	0	0	0	0	0
251.20	0	4	0	0	0	0	0	0	0	0	0
251.30	0	4	0	0	0	0	0	0	0	0	0
251.40	0	4	0	0	0	0	0	0	0	0	0
251.50	0	4	0	0	0	0	0	0	0	0	0
251.60	0	4	0	0	0	0	0	0	0	0	0
251.70	0	4	0	0	0	0	0	0	0	0	0
251.80	0	4	0	0	0	0	0	0	0	0	0
251.90	0	4	0	0	0	0	0	0	0	0	0
252.00	0	4	0	0	0	0	0	0	0	0	0
252.10	0	4	0	0	0	0	0	0	0	0	0
252.20	0	4	0	0	0	0	0	0	0	0	0
252.30	0	4	0	0	0	0	0	0	0	0	0
252.40	0	4	0	0	0	0	0	0	0	0	0
252.50	0	4	0	0	0	0	0	0	0	0	0
252.60	0	4	0	0	0	0	0	0	0	0	0
252.70	0	4	0	0	0	0	0	0	0	0	0
252.80	0	4	0	0	0	0	0	0	0	0	0
252.90	0	4	0	0	0	0	0	0	0	0	0
253.00	0	4	0	0	0	0	0	0	0	0	0
253.10	0	4	0	0	0	0	0	0	0	0	0
253.20	0	4	0	0	0	0	0	0	0	0	0
253.30	0	4	0	0	0	0	0	0	0	0	0
253.40	0	4	0	0	0	0	0	0	0	0	0
253.50	0	4	0	0	0	0	0	0	0	0	0
253.60	0	4	0	0	0	0	0	0	0	0	0
253.70	0	4	0	0	0	0	0	0	0	0	0
253.80	0	4	0	0	0	0	0	0	0	0	0
253.90	0	4	0	0	0	0	0	0	0	0	0
254.00	0	4	0	0	0	0	0	0	0	0	0
254.10	0	4	0	0	0	0	0	0	0	0	0
254.20	0	4	0	0	0	0	0	0	0	0	0
254.30	0	4	0	0	0	0	0	0	0	0	0
254.40	0	4	0	0	0	0	0	0	0	0	0
254.50	0	4	0	0	0	0	0	0	0	0	0
254.60	0	4	0	0	0	0	0	0	0	0	0
254.70	0	4	0	0	0	0	0	0	0	0	0
254.80	0	4	0	0	0	0	0	0	0	0	0
254.90	0	4	0	0	0	0	0	0	0	0	0
255.00	0	4	0	0	0	0	0	0	0	0	0
255.10	0	4	0	0	0	0	0	0	0	0	0
255.20	0	4	0	0	0	0	0	0	0	0	0
255.30	0	4	0	0	0	0	0	0	0	0	0
255.40	0	4	0	0	0	0	0	0	0	0	0
255.50	0	4	0	0	0	0	0	0	0	0	0
255.60	0	4	0	0	0	0	0	0	0	0	0
255.70	0	4	0	0	0	0	0	0	0	0	0
255.80	0	4	0	0	0	0	0	0	0	0	0
255.90	0	4	0	0	0	0	0	0	0	0	0
256.00	0	4	0	0	0	0	0	0	0	0	0
256.10	0	4	0	0	0	0	0	0	0	0	0
256.20	0	4	0	0	0	0	0	0	0	0	0
256.30	0	4	0	0	0	0	0	0	0	0	0
256.40	0	4	0	0	0	0	0	0	0	0	0
256.50	0	4	0	0	0	0	0	0	0	0	0
256.60	0	4	0	0	0	0	0	0	0	0	0
256.70	0	4	0	0	0	0	0	0	0	0	0
256.80	0	4	0	0	0	0	0	0	0	0	0
256.90	0	4	0	0	0	0	0	0	0	0	0
257.00	0	4	0	0	0	0	0	0	0	0	0
257.10	0	4	0	0	0	0	0	0	0	0	0
257.20	0	4	0	0	0	0	0	0	0	0	0
257.30	0	4	0	0	0	0	0	0	0	0	0
257.40	0	4	0	0	0	0	0	0	0	0	0
257.50	0	4	0	0	0	0	0	0	0	0	0
257.60	0	4	0	0	0	0	0	0	0	0	0
257.70	0	4	0	0	0	0	0	0	0	0	0
257.80	0	4	0	0	0	0	0	0	0	0	0
257.90	0	4	0	0	0	0	0	0	0	0	0
258.00	0	4	0	0	0	0	0	0	0	0	0
258.10	0	4	0	0	0	0	0	0	0	0	0
258.20	0	4	0	0	0	0	0	0	0	0	0
258.30	0	4	0	0	0	0	0	0	0	0	0
258.40	0	4	0	0	0	0	0	0	0	0	0
258.50	0	4	0	0	0	0	0	0	0	0	0
258.60	0	4	0	0	0	0	0	0	0	0	0
258.70	0	4	0	0	0	0	0	0	0	0	0
258.80	0	4	0	0	0	0	0	0	0	0	0
258.90	0	4	0	0	0	0	0	0	0	0	0
259.00	0	4	0	0	0	0	0	0	0	0	0
259.10	0	4	0	0	0	0	0	0	0	0	0
259.20	0	4	0	0	0	0	0	0	0	0	0
259.30	0	4	0	0	0	0	0	0	0	0	0
259.40	0	4	0	0	0	0	0	0	0	0	0
259.50	0	4	0	0	0	0	0	0	0	0	0
259.60	0	4	0	0	0	0	0	0	0	0	0
259.70	0	4	0	0	0	0	0	0	0	0	0
259.80	0	4	0	0	0	0	0	0	0	0	0
259.90	0	4	0	0	0	0	0	0	0	0	0
260.00	0	4	0	0	0	0	0	0	0	0	0
260.10	0	4	0	0	0	0	0	0	0	0	0
260.20	0	4	0	0	0	0	0	0	0	0	0
260.30	0	4	0	0	0	0	0	0	0	0	0
260.40	0	4	0	0	0	0	0	0	0	0	0
260.50	0	4	0	0	0	0	0	0	0	0	0
260.60	0	4	0	0	0	0	0	0	0	0	0
260.70	0	4	0	0	0	0	0	0	0	0	0
260.80	0	4	0	0	0	0	0	0	0	0	0
260.90	0	4	0	0	0	0	0	0	0	0	0
261.00	0	4	0	0	0	0	0	0	0	0	0
261.10	0	4	0	0	0	0	0	0	0	0	0
261.20	0	4	0	0	0	0	0	0	0	0	0
261.30	0	4	0	0	0	0	0	0	0	0	0
261.40	0	4	0	0	0	0	0	0	0	0	0
261.50	0	4	0	0	0	0	0	0	0	0	0
261.60	0	4	0	0	0	0	0	0	0	0	0
261.70	0	4	0	0	0	0	0	0	0	0	0
261.80	0	4	0	0	0	0	0	0	0	0	0
261.90	0	4	0	0	0	0	0	0	0	0	0
262.00	0	4	0	0	0	0	0	0	0	0	0
262.10	0	4	0	0	0	0	0	0	0	0	0
262.20	0	4	0	0	0	0	0	0	0	0	0
262.30	0	4	0	0	0	0	0	0	0	0	0
262.40	0	4	0	0	0	0	0	0	0	0	0
262.50	0	4	0	0	0	0	0	0	0	0	0
262.60	0	4	0	0	0	0	0	0	0	0	0
262.70	0	4	0	0	0	0	0	0	0	0	0
262.80	0	4	0	0	0	0	0	0	0	0	0
262.90	0	4	0	0	0	0	0	0	0	0	0
263.00	0	4	0	0	0	0	0	0	0	0	0
263.10	0	4	0	0	0	0	0	0	0	0	0
263.20	0	4	0	0	0	0	0	0	0	0	0
263.30	0	4	0	0	0	0	0	0	0	0	0
263.40	0	4	0	0	0	0	0	0	0	0	0
263.50	0	4	0	0	0	0	0	0	0	0	0
263.60	0	4	0	0	0	0	0	0	0	0	0
263.70	0	4	0	0	0	0	0	0	0	0	0
263.80	0	4	0	0	0	0	0	0	0	0	0
263.90	0	4	0	0	0	0	0	0	0	0	0
264.00	0	4	0	0	0	0	0	0	0	0	0
264.10	0	4	0	0	0	0	0	0	0	0	0
264.20	0	4	0	0	0	0	0	0	0	0	0
264.30	0	4	0	0	0	0	0	0	0	0	0
264.40	0	4	0	0	0	0	0	0	0	0	0
264.50	0	4	0	0	0	0	0	0	0	0	0
264.60	0	4	0	0	0	0	0	0	0	0	0
264.70	0	4	0	0	0	0	0	0	0	0	0
264.80	0	4	0	0	0	0	0	0	0	0	0
264.90	0	4	0	0	0	0	0	0	0	0	0
265.00	0	4	0	0	0	0	0	0	0	0	0
265.10	0	4	0	0	0	0	0	0	0	0	0
265.20	0	4	0	0	0	0	0	0	0	0	0
265.30	0	4	0	0	0	0	0	0	0	0	0
265.40	0	4	0	0	0	0	0	0	0	0	0
265.50	0	4	0	0	0	0	0	0	0	0	0
265.60	0	4	0	0	0	0	0	0	0	0	0
265.70	0	4	0	0	0	0	0	0	0	0	0
265.80	0	4	0	0	0	0	0	0	0	0	0
265.90	0	4	0	0	0	0	0	0	0	0	0
266.00	0	4	0	0	0	0	0	0	0	0	0
266.10	0	4	0	0	0	0	0	0	0	0	0
266.20	0	4	0	0	0	0	0	0	0	0	0
266.30	0	4	0	0	0	0	0	0	0	0	0
266.40	0	4	0	0	0	0	0	0	0	0	0
266.50	0	4	0	0	0	0	0	0	0	0	0
266.60	0	4	0	0	0	0	0	0	0	0	0
266.70	0	4	0	0	0	0	0	0	0	0	0
266.80	0	4	0	0	0	0	0	0	0	0	0
266.90	0	4	0	0	0	0	0	0	0	0	0
267.00	0	4	0	0	0	0	0	0	0	0	0
267.10	0	4	0	0	0	0	0	0	0	0	0
267.20	0	4	0	0	0	0	0	0	0	0	0
267.30	0	4	0	0	0	0	0	0	0	0	0
267.40	0	4	0	0	0	0	0	0	0	0	0
267.50	0	4	0	0	0	0	0	0	0	0	0
267.60	0	4	0	0	0	0	0	0	0	0	0
267.70	0	4	0	0	0	0	0	0	0	0	0
267.80	0	4	0	0	0	0	0	0	0	0	0
267.90	0	4	0	0	0	0	0	0	0	0	0
268.00	0	4	0	0	0	0	0	0	0	0	0
268.10	0	4	0	0	0	0	0	0	0	0	0
268.20	0	4	0	0	0	0	0	0	0	0	0
268.30	0	4	0	0	0	0	0	0	0	0	0
268.40	0	4	0	0	0	0	0	0	0	0	0
268.50	0	4	0	0	0	0	0	0	0	0	0
268.60	0	4	0	0	0	0	0	0	0	0	0
268.70	0	4	0	0	0	0	0	0	0	0	0
268.80	0	4	0	0	0	0	0	0	0	0	0
268.90	0	4	0	0	0	0	0	0	0	0	0
269.00	0	4	0	0	0	0	0	0	0	0	0
269.10	0	4	0	0	0	0	0	0	0	0	0
269.20	0	4	0	0	0	0	0	0	0	0	0
269.30	0	4	0	0	0	0	0	0	0	0	0
269.40	0	4	0	0	0	0	0	0	0	0	0
269.50	0	4	0	0	0	0	0	0	0	0	0
269.60	0	4	0	0	0	0	0	0	0	0	0
269.70	0	4	0	0	0	0	0	0	0	0	0
269.80	0	4	0	0	0	0	0	0	0	0	0
269.90	0	4	0	0	0	0	0	0	0	0	0
270.00	0	4	0	0	0	0	0	0	0	0	0
270.10	0	4	0	0	0	0	0	0	0	0	0
270.20	0	4	0	0	0	0	0	0	0	0	0
270.30	0	4	0	0	0	0	0	0	0	0	0
270.40	0	4	0	0	0	0	0	0	0	0	0
270.50	0	4	0	0	0	0	0	0	0	0	0
270.60	0	4	0	0	0	0	0	0	0	0	0
270.70	0	4	0	0	0	0	0	0	0	0	0
270.80	0	4	0	0	0	0	0	0	0	0	0
270.90	0	4	0	0	0	0	0	0	0	0	0
271.00	0	4	0	0	0	0	0	0	0	0	0
271.10	0	4	0	0	0	0	0	0	0	0	0
271.20	0	4	0	0	0	0	0	0	0	0	0
271.30	0	4	0	0	0	0	0	0	0	0	0
271.40	0	4	0	0	0	0	0	0	0	0	0
271.50	0	4	0	0	0	0	0	0	0	0	0
271.60	0	4	0	0	0	0	0	0	0	0	0
271.70	0	4	0	0	0	0	0	0	0	0	0
271.80	0	4	0	0	0	0	0	0	0	0	0
271.90	0	4	0	0	0	0	0	0	0	0	0
272.00	0	4	0	0	0	0	0	0	0	0	0
272.10	0	4	0	0	0	0	0	0	0	0	0
272.20	0	4	0	0	0	0	0	0	0	0	0
272.30	0	4	0	0	0	0	0	0	0	0	0
272.40	0	4	0	0	0	0	0	0	0	0	0
272.50	0	4	0	0	0	0	0	0	0	0	0
272.60	0	4	0	0	0	0	0	0	0	0	0
272.70	0	4	0	0	0	0	0	0	0	0	0
272.80	0	4	0	0	0	0	0	0	0	0	0
272.90	0	4	0	0	0	0	0	0	0	0	0
273.00	0	4	0	0	0	0	0	0	0	0	0
273.10	0	4	0	0	0	0	0	0	0	0	0
273.20	0	4	0	0	0	0	0	0	0	0	0
273.30	0	4	0	0	0	0	0	0	0	0	0
273.40	0	4	0	0	0	0	0	0	0	0	0
273.50	0	4	0	0	0	0	0	0	0	0	0
273.60	0	4	0	0	0	0	0	0	0	0	0
273.70	0	4	0	0	0	0	0	0	0	0	0
273.80	0	4	0	0	0	0	0	0	0	0	0
273.90	0	4	0	0	0	0	0	0	0	0	0
274.00	0	4	0	0	0	0	0	0	0	0	0
274.10	0	4	0	0	0	0	0	0	0	0	0
274.20	0	4	0	0	0	0	0	0	0	0	0
274.30	0	4	0	0	0	0	0	0	0	0	0
274.40	0	4	0	0	0	0	0	0	0	0	0
274.50	0	4	0	0	0	0	0	0	0	0	0
274.60	0	4	0	0	0	0	0	0	0	0	0
274.70	0	4	0	0	0	0	0	0	0	0	0
274.80	0	4	0	0	0	0	0	0	0	0	0
274.90	0	4	0	0	0	0	0	0	0	0	0
275.00	0	4	0	0	0	0	0	0	0	0	0
275.10	0	4	0	0	0	0	0	0	0	0	0
275.20	0	4	0	0	0	0	0	0	0	0	0
275.30	0	4	0	0	0	0	0	0	0	0	0
275.40	0	4	0	0	0	0	0	0	0	0	0
275.50	0	4	0	0	0	0	0	0	0	0	0
275.60	0	4	0	0	0	0	0	0	0	0	0
275.70	0	4	0	0	0	0	0	0	0	0	0
275.80	0	4	0	0	0	0	0	0	0	0	0
275.90	0	4	0	0	0	0	0	0	0	0	0
276.00	0	4	0	0	0	0	0	0	0	0	0
276.10	0	4	0	0	0	0	0	0	0	0	0
276.20	0	4	0	0	0	0	0	0	0	0	0
276.30	0	4	0	0	0	0	0	0	0	0	0
276.40	0	4	0	0	0	0	0	0	0	0	0
276.50	0	4	0	0	0	0	0	0	0	0	0
276.60	0	4	0	0	0	0	0	0	0	0	0
276.70	0	4	0	0	0	0	0	0	0	0	0
276.80	0	4	0	0	0	0	0	0	0	0	0
276.90	0	4	0	0	0	0	0	0	0	0	0
277.00	0	4	0	0	0	0	0	0	0	0	0
277.10	0	4	0	0	0	0	0	0	0	0	0
277.20	0	4	0	0	0	0	0	0	0	0	0
277.30	0	4	0	0	0	0	0	0	0	0	0
277.40	0	4	0	0	0	0	0	0	0	0	0
277.50	0	4	0	0	0	0	0	0	0	0	0
277.60	0	4	0	0	0	0	0	0	0	0	0
277.70	0	4	0	0	0	0	0	0	0	0	0
277.80	0	4	0	0	0	0	0	0	0	0	0
277.90	0	4	0	0	0	0	0	0	0	0	0
278.00	0	4	0	0	0	0	0	0	0	0	0
278.10	0	4	0	0	0	0	0	0	0	0	0
278.20	0	4	0	0	0	0	0	0	0	0	0
278.30	0	4	0	0	0	0	0	0	0	0	0
278.40	0	4	0	0	0	0	0	0	0	0	0
278.50	0	4	0	0	0	0	0	0	0	0	0
278.60	0	4	0	0	0	0	0	0	0	0	0
278.70	0	4	0	0	0	0	0	0	0	0	0
278.80	0	4	0	0	0	0	0	0	0	0	0
278.90	0	4	0	0	0	0	0	0	0	0	0
279.00	0	4	0	0	0	0	0	0	0	0	0
279.10	0	4	0	0	0	0	0	0	0	0	0
279.20	0	4	0	0	0	0	0	0	0	0	0
279.30	0	4	0	0	0	0	0	0	0	0	0
279.40	0	4	0	0	0	0	0	0	0	0	0
279.50	0	4	0	0	0	0	0	0	0	0	0
279.60	0	4	0	0	0	0	0	0	0	0	0
279.70	0	4	0	0	0	0	0	0	0	0	0
279.80	0	4	0	0	0	0	0	0	0	0	0
279.90	0	4	0	0	0	0	0	0	0	0	0
280.00	0	4	0	0	0	0	0	0	0	0	0
280.10	0	4	0	0	0	0	0	0	0	0	0
280.20	0	4	0	0	0	0	0	0	0	0	0
280.30	0	4	0	0	0	0	0	0	0	0	0
280.40	0	4	0	0	0	0	0	0	0	0	0
280.50	0	4	0	0	0	0	0	0	0	0	0
280.60	0	4	0	0	0	0	0	0	0	0	0
280.70	0	4	0	0	0	0	0	0	0	0	0
280.80	0	4	0	0	0	0	0	0	0	0	0
280.90	0	4	0	0	0	0	0	0	0	0	0
281.00	0	4	0	0	0	0	0	0	0	0	0
281.10	0	4	0	0	0	0	0	0	0	0	0
281.20	0	4	0	0	0	0	0	0	0	0	0
281.30	0	4	0	0	0	0	0	0	0	0	0
281.40	0	4	0	0	0	0	0	0	0	0	0
281.50	0	4	0	0	0	0	0	0	0	0	0
281.60	0	4	0	0	0	0	0	0	0	0	0
281.70	0	4	0	0	0	0	0	0	0	0	0
281.80	0	4	0	0	0	0	0	0	0	0	0
281.90	0	4	0	0	0	0	0	0	0	0	0
282.00	0	4	0	0	0	0	0	0	0	0	0
282.10	0	4	0	0	0	0	0	0	0	0	0
282.20	0	4	0	0	0	0	0	0	0	0	0
282.30	0	4	0	0	0	0	0	0	0	0	0
282.40	0	4	0	0	0	0	0	0	0	0	0
282.50	0	4	0	0	0	0	0	0	0	0	0
282.60	0	4	0	0	0	0	0	0	0	0	0
282.70	0	4	0	0	0	0	0	0	0	0	0
282.80	0	4	0	0	0	0	0	0	0	0	0
282.90	0	4	0	0	0	0	0	0	0	0	0
283.00	0	4	0	0	0	0	0	0	0	0	0
283.10	0	4	0	0	0	0	0	0	0	0	0
283.20	0	4	0	0	0	0	0	0	0	0	0
283.30	0	4	0	0	0	0	0	0	0	0	0
283.40	0	4	0	0	0	0	0	0	0	0	0
283.50	0	4	0	0	0	0	0	0	0	0	0
283.60	0	4	0	0	0	0	0	0	0	0	0
283.70	0	4	0	0	0	0	0	0	0	0	0
283.80	0	4	0	0	0	0	0	0	0	0	0
283.90	0	4	0	0	0	0	0	0	0	0	0
284.00	0	4	0	0	0	0	0	0	0	0	0
284.10	0	4	0	0	0	0	0	0	0	0	0
284.20	0	4	0	0	0	0	0	0	0	0	0
284.30	0	4	0	0	0	0	0	0	0	0	0
284.40	0	4	0	0	0	0	0	0	0	0	0
284.50	0	4	0	0	0	0	0	0	0	0	0
284.60	0	4	0	0	0	0	0	0	0	0	0
284.70	0	4	0	0	0	0	0	0	0	0	0
284.80	0	4	0	0	0	0	0	0	0	0	0
284.90	0	4	0	0	0	0	0	0	0	0	0
285.00	0	4	0	0	0	0	0	0	0	0	0
285.10	0	4	0	0	0	0	0	0	0	0	0
285.20	0	4	0	0	0	0	0	0	0	0	0
285.30	0	4	0	0	0	0	0	0	0	0	0
285.40	0	4	0	0	0	0	0	0	0	0	0
285.50	0	4	0	0	0	0	0	0	0	0	0
285.60	0	4	0	0	0	0	0	0	0	0	0
285.70	0	4	0	0	0	0	0	0	0	0	0
285.80	0	4	0	0	0	0	0	0	0	0	0
285.90	0	4	0	0	0	0	0	0	0	0	0
286.00	0	4	0	0	0	0	0	0	0	0	0
286.10	0	4	0	0	0	0	0	0	0	0	0
286.20	0	4	0	0	0	0	0	0	0	0	0
286.30	0	4	0	0	0	0	0	0	0	0	0
286.40	0	4	0	0	0	0	0	0	0	0	0
286.50	0	4	0	0	0	0	0	0	0	0	0
286.60	0	4	0	0	0	0	0	0	0	0	0
286.70	0	4	0	0	0	0	0	0	0	0	0
286.80	0	4	0	0	0	0	0	0	0	0	0
286.90	0	4	0	0	0	0	0	0	0	0	0
287.00	0	4	0	0	0	0	0	0	0	0	0
287.10	0	4	0	0	0	0	0	0	0	0	0
287.20	0	4	0	0	0	0	0	0	0	0	0
287.30	0	4	0	0	0	0	0	0	0	0	0
287.40	0	4	0	0	0	0	0	0	0	0	0
287.50	0	4	0	0	0	0	0	0	0	0	0
287.60	0	4	0	0	0	0	0	0	0	0	0
287.70	0	4	0	0	0	0	0	0	0	0	0
287.80	0	4	0	0	0	0	0	0	0	0	0
287.90	0	4	0	0	0	0	0	0	0	0	0
288.00	0	4	0	0	0	0	0	0	0	0	0
288.10	0	4	0	0	0	0	0	0	0	0	0
288.20	0	4	0	0	0	0	0	0	0	0	0
288.30	0	4	0	0	0	0	0	0	0	0	0
288.40	0	4	0	0	0	0	0	0	0	0	0
288.50	0	4	0	0	0	0	0	0	0	0	0
288.60	0	4	0	0	0	0	0	0	0	0	0
288.70	0	4	0	0	0	0	0	0	0	0	0
288.80	0	4	0	0	0	0	0	0	0	0	0
288.90	0	4	0	0	0	0	0	0	0	0	0
289.00	0	4	0	0	0	0	0	0	0	0	0
289.10	0	4	0	0	0	0	0	0	0	0	0
289.20	0	4	0	0	0	0	0	0	0	0	0
289.30	0	4	0	0	0	0	0	0	0	0	0
289.40	0	4	0	0	0	0	0	0	0	0	0
289.50	0	4	0	0	0	0	0	0	0	0	0
289.60	0	4	0	0	0	0	0	0	0	0	0
289.70	0	4	0	0	0	0	0	0	0	0	0
289.80	0	4	0	0	0	0	0	0	0	0	0
289.90	0	4	0	0	0	0	0	0	0	0	0
290.00	0	4	0	0	0	0	0	0	0	0	0
290.10	0	4	0	0	0	0	0	0	0	0	0
290.20	0	4	0	0	0	0	0	0	0	0	0
290.30	0	4	0	0	0	0	0	0	0	0	0
290.40	0	4	0	0	0	0	0	0	0	0	0
290.50	0	4	0	0	0	0	0	0	0	0	0
290.60	0	4	0	0	0	0	0	0	0	0	0
290.70	0	4	0	0	0	0	0	0	0	0	0
290.80	0	4	0	0	0	0	0	0	0	0	0
290.90	0	4	0	0	0	0	0	0	0	0	0
291.00	0	4	0	0	0	0	0	0	0	0	0
291.10	0	4	0	0	0	0	0	0	0	0	0
291.20	0	4	0	0	0	0	0	0	0	0	0
291.30	0	4	0	0	0	0	0	0	0	0	0
291.40	0	4	0	0	0	0	0	0	0	0	0
291.50	0	4	0	0	0	0	0	0	0	0	0
291.60	0	4	0	0	0	0	0	0	0	0	0
291.70	0	4	0	0	0	0	0	0	0	0	0
291.80	0	4	0	0	0	0	0	0	0	0	0
291.90	0	4	0	0	0	0	0	0	0	0	0
292.00	0	4	0	0	0	0	0	0	0	0	0
292.10	0	4	0	0	0	0	0	0	0	0	0
292.20	0	4	0	0	0	0	0	0	0	0	0
292.30	0	4	0	0	0	0	0	0	0	0	0
292.40	0	4	0	0	0	0	0	0	0	0	0
292.50	0	4	0	0	0	0	0	0	0	0	0
292.60	0	4	0	0	0	0	0	0	0	0	0
292.70	0	4	0	0	0	0	0	0	0	0	0
292.80	0	4	0	0	0	0	0	0	0	0	0
292.90	0	4	0	0	0	0	0	0	0	0	0
293.00	0	4	0	0	0	0	0	0	0	0	0
293.10	0	4	0	0	0	0	0	0	0	0	0
293.20	0	4	0	0	0	0	0	0	0	0	0
293.30	0	4	0	0	0	0	0	0	0	0	0
293.40	0	4	0	0	0	0	0	0	0	0	0
293.50	0	4	0	0	0	0	0	0	0	0	0
293.60	0	4	0	0	0	0	0	0	0	0	0
293.70	0	4	0	0	0	0	0	0	0	0	0
293.80	0	4	0	0	0	0	0	0	0	0	0
293.90	0	4	0	0	0	0	0	0	0	0	0
294.00	0	4	0	0	0	0	0	0	0	0	0
294.10	0	4	0	0	0	0	0	0	0	0	0
294.20	0	4	0	0	0	0	0	0	0	0	0
294.30	0	4	0	0	0	0	0	0	0	0	0
294.40	0	4	0	0	0	0	0	0	0	0	0
294.50	0	4	0	0	0	0	0	0	0	0	0
294.60	0	4	0	0	0	0	0	0	0	0	0
294.70	0	4	0	0	0	0	0	0	0	0	0
294.80	0	4	0	0	0	0	0	0	0	0	0
294.90	0	4	0	0	0	0	0	0	0	0	0
295.00	0	4	0	0	0	0	0	0	0	0	0
295.10	0	4	0	0	0	0	0	0	0	0	0
295.20	0	4	0	0	0	0	0	0	0	0	0
295.30	0	4	0	0	0	0	0	0	0	0	0
295.40	0	4	0	0	0	0	0	0	0	0	0
295.50	0	4	0	0	0	0	0	0	0	0	0
295.60	0	4	0	0	0	0	0	0	0	0	0
295.70	0	4	0	0	0	0	0	0	0	0	0
295.80	0	4	0	0	0	0	0	0	0	0	0
295.90	0	4	0	0	0	0	0	0	0	0	0
296.00	0	4	0	0	0	0	0	0	0	0	0
296.10	0	4	0	0	0	0	0	0	0	0	0
296.20	0	4	0	0	0	0	0	0	0	0	0
296.30	0	4	0	0	0	0	0	0	0	0	0
296.40	0	4	0	0	0	0	0	0	0	0	0
296.50	0	4	0	0	0	0	0	0	0	0	0
296.60	0	4	0	0	0	0	0	0	0	0	0
296.70	0	4	0	0	0	0	0	0	0	0	0
296.80	0	4	0	0	0	0	0	0	0	0	0
296.90	0	4	0	0	0	0	0	0	0	0	0
297.00	0	4	0	0	0	0	0	0	0	0	0
297.10	0	4	0	0	0	0	0	0	0	0	0
297.20	0	4	0	0	0	0	0	0	0	0	0
297.30	0	4	0	0	0	0	0	0	0	0	0
297.40	0	4	0	0	0	0	0	0	0	0	0
297.50	0	4	0	0	0	0	0	0	0	0	0
297.60	0	4	0	0	0	0	0	0	0	0	0
297.70	0	4	0	0	0	0	0	0	0	0	0
297.80	0	4	0	0	0	0	0	0	0	0	0
297.90	0	4	0	0	0	0	0	0	0	0	0
298.00	0	4	0	0	0	0	0	0	0	0	0
298.10	0	4	0	0	0	0	0	0	0	0	0
298.20	0	4	0	0	0	0	0	0	0	0	0
298.30	0	4	0	0	0	0	0	0	0	0	0
298.40	0	4	0	0	0	0	0	0	0	0	0
298.50	0	4	0	0	0	0	0	0	0	0	0
298.60	0	4	0	0	0	0	0	0	0	0	0
298.70	0	4	0	0	0	0	0	0	0	0	0
298.80	0	4	0	0	0	0	0	0	0	0	0
298.90	0	4	0	0	0	0	0	0	0	0	0
299.00	0	4	0	0	0	0	0	0	0	0	0
299.10	0	4	0	0	0	0	0	0	0	0	0
299.20	0	4	0	0	0	0	0	0	0	0	0
299.30	0	4	0	0	0	0	0	0	0	0	0
299.40	0	4	0	0	0	0	0	0	0	0	0
299.50	0	4	0	0	0	0	0	0	0	0	0
299.60	0	4	0	0	0	0	0	0	0	0	0
299.70	0	4	0	0	0	0	0	0	0	0	0
299.80	0	4	0	0	0	0	0	0	0	0	0
299.90	0	4	0	0	0	0	0	0	0	0	0
300.00	0	4	0	0	0	0	0	0	0	0	0
300.10	0	4	0	0	0	0	0	0	0	0	0
300.20	0	4	0	0	0	0	0	0	0	0	0
300.30	0	4	0	0	0	0	0	0	0	0	0
300.40	0	4	0	0	0	0	0	0	0	0	0
300.50	0	4	0	0	0	0	0	0	0	0	0
300.60	0	4	0	0	0	0	0	0	0	0	0
300.70	0	4	0	0	0	0	0	0	0	0	0
300.80	0	4	0	0	0	0	0	0	0	0	0
300.90	0	4	0	0	0	0	0	0	0	0	0
301.00	0	4	0	0	0	0	0	0	0	0	0
301.10	0	4	0	0	0	0	0	0	0	0	0
301.20	0	4	0	0	0	0	0	0	0	0	0
301.30	0	4	0	0	0	0	0	0	0	0	0
301.40	0	4	0	0	0	0	0	0	0	0	0
301.50	0	4	0	0	0	0	0	0	0	0	0
301.60	0	4	0	0	0	0	0	0	0	0	0
301.70	0	4	0	0	0	0	0	0	0	0	0
301.80	0	4	0	0	0	0	0	0	0	0	0
301.90	0	4	0	0	0	0	0	0	0	0	0
302.00	0	4	0	0	0	0	0	0	0	0	0
302.10	0	4	0	0	0	0	0	0	0	0	0
302.20	0	4	0	0	0	0	0	0	0	0	0
302.30	0	4	0	0	0	0	0	0	0	0	0
302.40	0	4	0	0	0	0	0	0	0	0	0
302.50	0	4	0	0	0	0	0	0	0	0	0
302.60	0	4	0	0	0	0	0	0	0	0	0
302.70	0	4	0	0	0	0	0	0	0	0	0
302.80	0	4	0	0	0	0	0	0	0	0	0
302.90	0	4	0	0	0	0	0	0	0	0	0
303.00	0	4	0	0	0	0	0	0	0	0	0
303.10	0	4	0	0	0	0	0	0	0	0	0
303.20	0	4	0	0	0	0	0	0	0	0	0
303.30	0	4	0	0	0	0	0	0	0	0	0
303.40	0	4	0	0	0	0	0	0	0	0	0
303.50	0	4	0	0	0	0	0	0	0	0	0
303.60	0	4	0	0	0	0	0	0	0	0	0
303.70	0	4	0	0	0	0	0	0	0	0	0
303.80	0	4	0	0	0	0	0	0	0	0	0
303.90	0	4	0	0	0	0	0	0	0	0	0
304.00	0	4	0	0	0	0	0	0	0	0	0
304.10	0	4	0	0	0	0	0	0	0	0	0
304.20	0	4	0	0	0	0	0	0	0	0	0
304.30	0	4	0	0	0	0	0	0	0	0	0
304.40	0	4	0	0	0	0	0	0	0	0	0
304.50	0	4	0	0	0	0	0	0	0	0	0
304.60	0	4	0	0	0	0	0	0	0	0	0
304.70	0	4	0	0	0	0	0	0	0	0	0
304.80	0	4	0	0	0	0	0	0	0	0	0
304.90	0	4	0	0	0	0	0	0	0	0	0
305.00	0	4	0	0	0	0	0	0	0	0	0
305.10	0	4	0	0	0	0	0	0	0	0	0
305.20	0	4	0	0	0	0	0	0	0	0	0
305.30	0	4	0	0	0	0	0	0	0	0	0
305.40	0	4	0	0	0	0	0	0	0	0	0
305.50	0	4	0	0	0	0	0	0	0	0	0
305.60	0	4	0	0	0	0	0	0	0	0	0
305.70	0	4	0	0	0	0	0	0	0	0	0
305.80	0	4	0	0	0	0	0	0	0	0	0
305.90	0	4	0	0	0	0	0	0	0	0	0
306.00	0	4	0	0	0	0	0	0	0	0	0
306.10	0	4	0	0	0	0	0	0	0	0	0
306.20	0	4	0	0	0	0	0	0	0	0	0
306.30	0	4	0	0	0	0	0	0	0	0	0
306.40	0	4	0	0	0	0	0	0	0	0	0
306.50	0	4	0	0	0	0	0	0	0	0	0
306.60	0	4	0	0	0	0	0	0	0	0	0
306.70	0	4	0	0	0	0	0	0	0	0	0
306.80	0	4	0	0	0	0	0	0	0	0	0
306.90	0	4	0	0	0	0	0	0	0	0	0
307.00	0	4	0	0	0	0	0	0	0	0	0
307.10	0	4	0	0	0	0	0	0	0	0	0
307.20	0	4	0	0	0	0	0	0	0	0	0
307.30	0	4	0	0	0	0	0	0	0	0	0
307.40	0	4	0	0	0	0	0	0	0	0	0
307.50	0	4	0	0	0	0	0	0	0	0	0
307.60	0	4	0	0	0	0	0	0	0	0	0
307.70	0	4	0	0	0	0	0	0	0	0	0
307.80	0	4	0	0	0	0	0	0	0	0	0
307.90	0	4	0	0	0	0	0	0	0	0	0
308.00	0	4	0	0	0	0	0	0	0	0	0
308.10	0	4	0	0	0	0	0	0	0	0	0
308.20	0	4	0	0	0	0	0	0	0	0	0
308.30	0	4	0	0	0	0	0	0	0	0	0
308.40	0	4	0	0	0	0	0	0	0	0	0
308.50	0	4	0	0	0	0	0	0	0	0	0
308.60	0	4	0	0	0	0	0	0	0	0	0
308.70	0	4	0	0	0	0	0	0	0	0	0
308.80	0	4	0	0	0	0	0	0	0	0	0
308.90	0	4	0	0	0	0	0	0	0	0	0
309.00	0	4	0	0	0	0	0	0	0	0	0
309.10	0	4	0	0	0	0	0	0	0	0	0
309.20	0	4	0	0	0	0	0	0	0	0	0
309.30	0	4	0	0	0	0	0	0	0	0	0
309.40	0	4	0	0	0	0	0	0	0	0	0
309.50	0	4	0	0	0	0	0	0	0	0	0
309.60	0	4	0	0	0	0	0	0	0	0	0
309.70	0	4	0	0	0	0	0	0	0	0	0
309.80	0	4	0	0	0	0	0	0	0	0	0
309.90	0	4	0	0	0	0	0	0	0	0	0
310.00	0	4	0	0	0	0	0	0	0	0	0
310.10	0	4	0	0	0	0	0	0	0	0	0
310.20	0	4	0	0	0	0	0	0	0	0	0
310.30	0	4	0	0	0	0	0	0	0	0	0
310.40	0	4	0	0	0	0	0	0	0	0	0
310.50	0	4	0	0	0	0	0	0	0	0	0
310.60	0	4	0	0	0	0	0	0	0	0	0
310.70	0	4	0	0	0	0	0	0	0	0	0
310.80	0	4	0	0	0	0	0	0	0	0	0
310.90	0	4	0	0	0	0	0	0	0	0	0
311.00	0	4	0	0	0	0	0	0	0	0	0
311.10	0	4	0	0	0	0	0	0	0	0	0
311.20	0	4	0	0	0	0	0	0	0	0	0
311.30	0	4	0	0	0	0	0	0	0	0	0
311.40	0	4	0	0	0	0	0	0	0	0	0
311.50	0	4	0	0	0	0	0	0	0	0	0
311.60	0	4	0	0	0	0	0	0	0	0	0
311.70	0	4	0	0	0	0	0	0	0	0	0
311.80	0	4	0	0	0	0	0	0	0	0	0
311.90	0	4	0	0	0	0	0	0	0	0	0
312.00	0	4	0	0	0	0	0	0	0	0	0
312.10	0	4	0	0	0	0	0	0	0	0	0
312.20	0	4	0	0	0	0	0	0	0	0	0
312.30	0	4	0	0	0	0	0	0	0	0	0
312.40	0	4	0	0	0	0	0	0	0	0	0
312.50	0	4	0	0	0	0	0	0	0	0	0
312.60	0	4	0	0	0	0	0	0	0	0	0
312.70	0	4	0	0	0	0	0	0	0	0	0
312.80	0	4	0	0	0	0	0	0	0	0	0
312.90	0	4	0	0	0	0	0	0	0	0	0
313.00	0	4	0	0	0	0	0	0	0	0	0
313.10	0	4	0	0	0	0	0	0	0	0	0
313.20	0	4	0	0	0	0	0	0	0	0	0
313.30	0	4	0	0	0	0	0	0	0	0	0
313.40	0	4	0	0	0	0	0	0	0	0	0
313.50	0	4	0	0	0	0	0	0	0	0	0
313.60	0	4	0	0	0	0	0	0	0	0	0
313.70	0	4	0	0	0	0	0	0	0	0	0
313.80	0	4	0	0	0	0	0	0	0	0	0
313.90	0	4	0	0	0	0	0	0	0	0	0
314.00	0	4	0	0	0	0	0	0	0	0	0
314.10	0	4	0	0	0	0	0	0	0	0	0
314.20	0	4	0	0	0	0	0	0	0	0	0
314.30	0	4	0	0	0	0	0	0	0	0	0
314.40	0	4	0	0	0	0	0	0	0	0	0
314.50	0	4	0	0	0	0	0	0	0	0	0
314.60	0	4	0	0	0	0	0	0	0	0	0
314.70	0	4	0	0	0	0	0	0	0	0	0
314.80	0	4	0	0	0	0	0	0	0	0	0
314.90	0	4	0	0	0	0	0	0	0	0	0
315.00	0	4	0	0	0	0	0	0	0	0	0
315.10	0	4	0	0	0	0	0	0	0	0	0
315.20	0	4	0	0	0	0	0	0	0	0	0
315.30	0	4	0	0	0	0	0	0	0	0	0
315.40	0	4	0	0	0	0	0	0	0	0	0
315.50	0	4	0	0	0	0	0	0	0	0	0
315.60	0	4	0	0	0	0	0	0	0	0	0
315.70	0	4	0	0	0	0	0	0	0	0	0
315.80	0	4	0	0	0	0	0	0	0	0	0
315.90	0	4	0	0	0	0	0	0	0	0	0
316.00	0	4	0	0	0	0	0	0	0	0	0
316.10	0	4	0	0	0	0	0	0	0	0	0
316.20	0	4	0	0	0	0	0	0	0	0	0
316.30	0	4	0	0	0	0	0	0	0	0	0
316.40	0	4	0	0	0	0	0	0	0	0	0
316.50	0	4	0	0	0	0	0	0	0	0	0
316.60	0	4	0	0	0	0	0	0	0	0	0
316.70	0	4	0	0	0	0	0	0	0	0	0
316.80	0	4	0	0	0	0	0	0	0	0	0
316.90	0	4	0	0	0	0	0	0	0	0	0
317.00	0	4	0	0	0	0	0	0	0	0	0
317.10	0	4	0	0	0	0	0	0	0	0	0
317.20	0	4	0	0	0	0	0	0	0	0	0
317.30	0	4	0	0	0	0	0	0	0	0	0
317.40	0	4	0	0	0	0	0	0	0	0	0
317.50	0	4	0	0	0	0	0	0	0	0	0
317.60	0	4	0	0	0	0	0	0	0	0	0
317.70	0	4	0	0	0	0	0	0	0	0	0
317.80	0	4	0	0	0	0	0	0	0	0	0
317.90	0	4	0	0	0	0	0	0	0	0	0
318.00	0	4	0	0	0	0	0	0	0	0	0
318.10	0	4	0	0	0	0	0	0	0	0	0
318.20	0	4	0	0	0	0	0	0	0	0	0
318.30	0	4	0	0	0	0	0	0	0	0	0
318.40	0	4	0	0	0	0	0	0	0	0	0
318.50	0	4	0	0	0	0	0	0	0	0	0
318.60	0	4	0	0	0	0	0	0	0	0	0
318.70	0	4	0	0	0	0	0	0	0	0	0
318.80	0	4	0	0	0	0	0	0	0	0	0
318.90	0	4	0	0	0	0	0	0	0	0	0
319.00	0	4	0	0	0	0	0	0	0	0	0
319.10	0	4	0	0	0	0	0	0	0	0	0
319.20	0	4	0	0	0	0	0	0	0	0	0
319.30	0	4	0	0	0	0	0	0	0	0	0
319.40	0	4	0	0	0	0	0	0	0	0	0
319.50	0	4	0	0	0	0	0	0	0	0	0
319.60	0	4	0	0	0	0	0	0	0	0	0
319.70	0	4	0	0	0	0	0	0	0	0	0
319.80	0	4	0	0	0	0	0	0	0	0	0
319.90	0	4	0	0	0	0	0	0	0	0	0
320.00	0	4	0	0	0	0	0	0	0	0	0
320.10	0	4	0	0	0	0	0	0	0	0	0
320.20	0	4	0	0	0	0	0	0	0	0	0
320.30	0	4	0	0	0	0	0	0	0	0	0
320.40	0	4	0	0	0	0	0	0	0	0	0
320.50	0	4	0	0	0	0	0	0	0	0	0
320.60	0	4	0	0	0	0	0	0	0	0	0
320.70	0	4	0	0	0	0	0	0	0	0	0
320.80	0	4	0	0	0	0	0	0	0	0	0
320.90	0	4	0	0	0	0	0	0	0	0	0
321.00	0	4	0	0	0	0	0	0	0	0	0
321.10	0	4	0	0	0	0	0	0	0	0	0
321.20	0	4	0	0	0	0	0	0	0	0	0
321.30	0	4	0	0	0	0	0	0	0	0	0
321.40	0	4	0	0	0	0	0	0	0	0	0
321.50	0	4	0	0	0	0	0	0	0	0	0
321.60	0	4	0	0	0	0	0	0	0	0	0
321.70	0	4	0	0	0	0	0	0	0	0	0
321.80	0	4	0	0	0	0	0	0	0	0	0
321.90	0	4	0	0	0	0	0	0	0	0	0
322.00	0	4	0	0	0	0	0	0	0	0	0
322.10	0	4	0	0	0	0	0	0	0	0	0
322.20	0	4	0	0	0	0	0	0	0	0	0
322.30	0	4	0	0	0	0	0	0	0	0	0
322.40	0	4	0	0	0	0	0	0	0	0	0
322.50	0	4	0	0	0	0	0	0	0	0	0
322.60	0	4	0	0	0	0	0	0	0	0	0
322.70	0	4	0	0	0	0	0	0	0	0	0
322.80	0	4	0	0	0	0	0	0	0	0	0
322.90	0	4	0	0	0	0	0	0	0	0	0
323.00	0	4	0	0	0	0	0	0	0	0	0
323.10	0	4	0	0	0	0	0	0	0	0	0
323.20	0	4	0	0	0	0	0	0	0	0	0
323.30	0	4	0	0	0	0	0	0	0	0	0
323.40	0	4	0	0	0	0	0	0	0	0	0
323.50	0	4	0	0	0	0	0	0	0	0	0
323.60	0	4	0	0	0	0	0	0	0	0	0
323.70	0	4	0	0	0	0	0	0	0	0	0
323.80	0	4	0	0	0	0	0	0	0	0	0
323.88	0	4	0	0	0	0	0	0	0	0	0