-999	"MyLake init"
Z (m)	Az (m2)	Tz (deg C)	Cz	Sz (kg/m3)	TPz (mg/m3)	DOPz (mg/m3)	Chlaz (mg/m3)	DOCz (mg/m3)	TPz_sed (mg/m3)	Chlaz_sed (mg/m3)	"Fvol_IM (m3/m3	 dry w.)"	Hice (m)	Hsnow (m)
0.00	1091209	4	0	0	0	0	0	0	0	0	0	0	0
0.10	1085701	4	0	0	0	0	0	0	0	0	0
0.20	1080184	4	0	0	0	0	0	0	0	0	0
0.30	1074658	4	0	0	0	0	0	0	0	0	0
0.40	1069123	4	0	0	0	0	0	0	0	0	0
0.50	1063580	4	0	0	0	0	0	0	0	0	0
0.60	1058028	4	0	0	0	0	0	0	0	0	0
0.70	1052467	4	0	0	0	0	0	0	0	0	0
0.80	1046897	4	0	0	0	0	0	0	0	0	0
0.90	1041318	4	0	0	0	0	0	0	0	0	0
1.00	1035730	4	0	0	0	0	0	0	0	0	0
1.10	1030133	4	0	0	0	0	0	0	0	0	0
1.20	1024526	4	0	0	0	0	0	0	0	0	0
1.30	1018910	4	0	0	0	0	0	0	0	0	0
1.40	1013284	4	0	0	0	0	0	0	0	0	0
1.50	1007649	4	0	0	0	0	0	0	0	0	0
1.60	1002004	4	0	0	0	0	0	0	0	0	0
1.70	996350	4	0	0	0	0	0	0	0	0	0
1.80	990685	4	0	0	0	0	0	0	0	0	0
1.90	985011	4	0	0	0	0	0	0	0	0	0
2.00	979327	4	0	0	0	0	0	0	0	0	0
2.10	973632	4	0	0	0	0	0	0	0	0	0
2.20	967928	4	0	0	0	0	0	0	0	0	0
2.30	962213	4	0	0	0	0	0	0	0	0	0
2.40	956487	4	0	0	0	0	0	0	0	0	0
2.50	950751	4	0	0	0	0	0	0	0	0	0
2.60	945005	4	0	0	0	0	0	0	0	0	0
2.70	939248	4	0	0	0	0	0	0	0	0	0
2.80	933480	4	0	0	0	0	0	0	0	0	0
2.90	927701	4	0	0	0	0	0	0	0	0	0
3.00	921911	4	0	0	0	0	0	0	0	0	0
3.10	916110	4	0	0	0	0	0	0	0	0	0
3.20	910297	4	0	0	0	0	0	0	0	0	0
3.30	904474	4	0	0	0	0	0	0	0	0	0
3.40	898638	4	0	0	0	0	0	0	0	0	0
3.50	892792	4	0	0	0	0	0	0	0	0	0
3.60	886933	4	0	0	0	0	0	0	0	0	0
3.70	881063	4	0	0	0	0	0	0	0	0	0
3.80	875180	4	0	0	0	0	0	0	0	0	0
3.90	869286	4	0	0	0	0	0	0	0	0	0
4.00	863379	4	0	0	0	0	0	0	0	0	0
4.10	857460	4	0	0	0	0	0	0	0	0	0
4.20	851528	4	0	0	0	0	0	0	0	0	0
4.30	845584	4	0	0	0	0	0	0	0	0	0
4.40	839626	4	0	0	0	0	0	0	0	0	0
4.50	833656	4	0	0	0	0	0	0	0	0	0
4.60	827673	4	0	0	0	0	0	0	0	0	0
4.70	821677	4	0	0	0	0	0	0	0	0	0
4.80	815667	4	0	0	0	0	0	0	0	0	0
4.90	809643	4	0	0	0	0	0	0	0	0	0
5.00	803606	4	0	0	0	0	0	0	0	0	0
5.10	797555	4	0	0	0	0	0	0	0	0	0
5.20	791490	4	0	0	0	0	0	0	0	0	0
5.30	785410	4	0	0	0	0	0	0	0	0	0
5.40	779316	4	0	0	0	0	0	0	0	0	0
5.50	773208	4	0	0	0	0	0	0	0	0	0
5.60	767085	4	0	0	0	0	0	0	0	0	0
5.70	760946	4	0	0	0	0	0	0	0	0	0
5.80	754793	4	0	0	0	0	0	0	0	0	0
5.90	748624	4	0	0	0	0	0	0	0	0	0
6.00	742440	4	0	0	0	0	0	0	0	0	0
6.10	736239	4	0	0	0	0	0	0	0	0	0
6.20	730023	4	0	0	0	0	0	0	0	0	0
6.30	723791	4	0	0	0	0	0	0	0	0	0
6.40	717542	4	0	0	0	0	0	0	0	0	0
6.50	711276	4	0	0	0	0	0	0	0	0	0
6.60	704994	4	0	0	0	0	0	0	0	0	0
6.70	698694	4	0	0	0	0	0	0	0	0	0
6.80	692377	4	0	0	0	0	0	0	0	0	0
6.90	686042	4	0	0	0	0	0	0	0	0	0
7.00	679689	4	0	0	0	0	0	0	0	0	0
7.10	673318	4	0	0	0	0	0	0	0	0	0
7.20	666929	4	0	0	0	0	0	0	0	0	0
7.30	660520	4	0	0	0	0	0	0	0	0	0
7.40	654093	4	0	0	0	0	0	0	0	0	0
7.50	647646	4	0	0	0	0	0	0	0	0	0
7.60	641180	4	0	0	0	0	0	0	0	0	0
7.70	634694	4	0	0	0	0	0	0	0	0	0
7.80	628187	4	0	0	0	0	0	0	0	0	0
7.90	621660	4	0	0	0	0	0	0	0	0	0
8.00	615111	4	0	0	0	0	0	0	0	0	0
8.10	608541	4	0	0	0	0	0	0	0	0	0
8.20	601950	4	0	0	0	0	0	0	0	0	0
8.30	595336	4	0	0	0	0	0	0	0	0	0
8.40	588700	4	0	0	0	0	0	0	0	0	0
8.50	582040	4	0	0	0	0	0	0	0	0	0
8.60	575358	4	0	0	0	0	0	0	0	0	0
8.70	568651	4	0	0	0	0	0	0	0	0	0
8.80	561920	4	0	0	0	0	0	0	0	0	0
8.90	555165	4	0	0	0	0	0	0	0	0	0
9.00	548384	4	0	0	0	0	0	0	0	0	0
9.10	541578	4	0	0	0	0	0	0	0	0	0
9.20	534745	4	0	0	0	0	0	0	0	0	0
9.30	527885	4	0	0	0	0	0	0	0	0	0
9.40	520998	4	0	0	0	0	0	0	0	0	0
9.50	514083	4	0	0	0	0	0	0	0	0	0
9.60	507140	4	0	0	0	0	0	0	0	0	0
9.70	500167	4	0	0	0	0	0	0	0	0	0
9.80	493165	4	0	0	0	0	0	0	0	0	0
9.90	486132	4	0	0	0	0	0	0	0	0	0
10.00	479067	4	0	0	0	0	0	0	0	0	0
10.10	471971	4	0	0	0	0	0	0	0	0	0
10.20	464842	4	0	0	0	0	0	0	0	0	0
10.30	457679	4	0	0	0	0	0	0	0	0	0
10.40	450482	4	0	0	0	0	0	0	0	0	0
10.50	443249	4	0	0	0	0	0	0	0	0	0
10.60	435981	4	0	0	0	0	0	0	0	0	0
10.70	428675	4	0	0	0	0	0	0	0	0	0
10.80	421330	4	0	0	0	0	0	0	0	0	0
10.90	413946	4	0	0	0	0	0	0	0	0	0
11.00	406522	4	0	0	0	0	0	0	0	0	0
11.10	399056	4	0	0	0	0	0	0	0	0	0
11.20	391547	4	0	0	0	0	0	0	0	0	0
11.30	383994	4	0	0	0	0	0	0	0	0	0
11.40	376395	4	0	0	0	0	0	0	0	0	0
11.50	368749	4	0	0	0	0	0	0	0	0	0
11.60	361054	4	0	0	0	0	0	0	0	0	0
11.70	353308	4	0	0	0	0	0	0	0	0	0
11.80	345511	4	0	0	0	0	0	0	0	0	0
11.90	337659	4	0	0	0	0	0	0	0	0	0
12.00	329750	4	0	0	0	0	0	0	0	0	0
12.10	321784	4	0	0	0	0	0	0	0	0	0
12.20	313756	4	0	0	0	0	0	0	0	0	0
12.30	305665	4	0	0	0	0	0	0	0	0	0
12.40	297509	4	0	0	0	0	0	0	0	0	0
12.50	289283	4	0	0	0	0	0	0	0	0	0
12.60	280985	4	0	0	0	0	0	0	0	0	0
12.70	272611	4	0	0	0	0	0	0	0	0	0
12.80	264158	4	0	0	0	0	0	0	0	0	0
12.90	255621	4	0	0	0	0	0	0	0	0	0
13.00	246996	4	0	0	0	0	0	0	0	0	0
13.10	238278	4	0	0	0	0	0	0	0	0	0
13.20	229462	4	0	0	0	0	0	0	0	0	0
13.30	220540	4	0	0	0	0	0	0	0	0	0
13.40	211507	4	0	0	0	0	0	0	0	0	0
13.50	202354	4	0	0	0	0	0	0	0	0	0
13.60	193072	4	0	0	0	0	0	0	0	0	0
13.70	183652	4	0	0	0	0	0	0	0	0	0
13.80	174082	4	0	0	0	0	0	0	0	0	0
13.90	164347	4	0	0	0	0	0	0	0	0	0
14.00	154434	4	0	0	0	0	0	0	0	0	0
14.10	144321	4	0	0	0	0	0	0	0	0	0
14.20	133986	4	0	0	0	0	0	0	0	0	0
14.30	123402	4	0	0	0	0	0	0	0	0	0
14.40	112532	4	0	0	0	0	0	0	0	0	0
14.50	101329	4	0	0	0	0	0	0	0	0	0
14.60	89734	4	0	0	0	0	0	0	0	0	0
14.70	77659	4	0	0	0	0	0	0	0	0	0
14.80	64978	4	0	0	0	0	0	0	0	0	0
14.90	51482	4	0	0	0	0	0	0	0	0	0
15.00	36784	4	0	0	0	0	0	0	0	0	0
15.10	19920	4	0	0	0	0	0	0	0	0	0
15.18	0	4	0	0	0	0	0	0	0	0	0