-999	"MyLake init"
Z (m)	Az (m2)	Tz (deg C)	Cz	Sz (kg/m3)	TPz (mg/m3)	DOPz (mg/m3)	Chlaz (mg/m3)	DOCz (mg/m3)	TPz_sed (mg/m3)	Chlaz_sed (mg/m3)	"Fvol_IM (m3/m3	 dry w.)"	Hice (m)	Hsnow (m)
0.00	1150273	4	0	0	0	0	0	0	0	0	0	0	0
0.10	1141186	4	0	0	0	0	0	0	0	0	0
0.20	1132136	4	0	0	0	0	0	0	0	0	0
0.30	1123124	4	0	0	0	0	0	0	0	0	0
0.40	1114151	4	0	0	0	0	0	0	0	0	0
0.50	1105215	4	0	0	0	0	0	0	0	0	0
0.60	1096316	4	0	0	0	0	0	0	0	0	0
0.70	1087456	4	0	0	0	0	0	0	0	0	0
0.80	1078634	4	0	0	0	0	0	0	0	0	0
0.90	1069849	4	0	0	0	0	0	0	0	0	0
1.00	1061102	4	0	0	0	0	0	0	0	0	0
1.10	1052393	4	0	0	0	0	0	0	0	0	0
1.20	1043722	4	0	0	0	0	0	0	0	0	0
1.30	1035088	4	0	0	0	0	0	0	0	0	0
1.40	1026492	4	0	0	0	0	0	0	0	0	0
1.50	1017934	4	0	0	0	0	0	0	0	0	0
1.60	1009413	4	0	0	0	0	0	0	0	0	0
1.70	1000931	4	0	0	0	0	0	0	0	0	0
1.80	992486	4	0	0	0	0	0	0	0	0	0
1.90	984078	4	0	0	0	0	0	0	0	0	0
2.00	975708	4	0	0	0	0	0	0	0	0	0
2.10	967376	4	0	0	0	0	0	0	0	0	0
2.20	959081	4	0	0	0	0	0	0	0	0	0
2.30	950824	4	0	0	0	0	0	0	0	0	0
2.40	942605	4	0	0	0	0	0	0	0	0	0
2.50	934423	4	0	0	0	0	0	0	0	0	0
2.60	926278	4	0	0	0	0	0	0	0	0	0
2.70	918171	4	0	0	0	0	0	0	0	0	0
2.80	910102	4	0	0	0	0	0	0	0	0	0
2.90	902070	4	0	0	0	0	0	0	0	0	0
3.00	894075	4	0	0	0	0	0	0	0	0	0
3.10	886118	4	0	0	0	0	0	0	0	0	0
3.20	878198	4	0	0	0	0	0	0	0	0	0
3.30	870316	4	0	0	0	0	0	0	0	0	0
3.40	862471	4	0	0	0	0	0	0	0	0	0
3.50	854663	4	0	0	0	0	0	0	0	0	0
3.60	846893	4	0	0	0	0	0	0	0	0	0
3.70	839160	4	0	0	0	0	0	0	0	0	0
3.80	831465	4	0	0	0	0	0	0	0	0	0
3.90	823806	4	0	0	0	0	0	0	0	0	0
4.00	816185	4	0	0	0	0	0	0	0	0	0
4.10	808602	4	0	0	0	0	0	0	0	0	0
4.20	801055	4	0	0	0	0	0	0	0	0	0
4.30	793546	4	0	0	0	0	0	0	0	0	0
4.40	786074	4	0	0	0	0	0	0	0	0	0
4.50	778639	4	0	0	0	0	0	0	0	0	0
4.60	771241	4	0	0	0	0	0	0	0	0	0
4.70	763881	4	0	0	0	0	0	0	0	0	0
4.80	756557	4	0	0	0	0	0	0	0	0	0
4.90	749271	4	0	0	0	0	0	0	0	0	0
5.00	742022	4	0	0	0	0	0	0	0	0	0
5.10	734809	4	0	0	0	0	0	0	0	0	0
5.20	727634	4	0	0	0	0	0	0	0	0	0
5.30	720496	4	0	0	0	0	0	0	0	0	0
5.40	713395	4	0	0	0	0	0	0	0	0	0
5.50	706331	4	0	0	0	0	0	0	0	0	0
5.60	699304	4	0	0	0	0	0	0	0	0	0
5.70	692314	4	0	0	0	0	0	0	0	0	0
5.80	685361	4	0	0	0	0	0	0	0	0	0
5.90	678445	4	0	0	0	0	0	0	0	0	0
6.00	671565	4	0	0	0	0	0	0	0	0	0
6.10	664723	4	0	0	0	0	0	0	0	0	0
6.20	657917	4	0	0	0	0	0	0	0	0	0
6.30	651148	4	0	0	0	0	0	0	0	0	0
6.40	644416	4	0	0	0	0	0	0	0	0	0
6.50	637721	4	0	0	0	0	0	0	0	0	0
6.60	631063	4	0	0	0	0	0	0	0	0	0
6.70	624441	4	0	0	0	0	0	0	0	0	0
6.80	617856	4	0	0	0	0	0	0	0	0	0
6.90	611308	4	0	0	0	0	0	0	0	0	0
7.00	604797	4	0	0	0	0	0	0	0	0	0
7.10	598322	4	0	0	0	0	0	0	0	0	0
7.20	591884	4	0	0	0	0	0	0	0	0	0
7.30	585482	4	0	0	0	0	0	0	0	0	0
7.40	579117	4	0	0	0	0	0	0	0	0	0
7.50	572789	4	0	0	0	0	0	0	0	0	0
7.60	566497	4	0	0	0	0	0	0	0	0	0
7.70	560242	4	0	0	0	0	0	0	0	0	0
7.80	554024	4	0	0	0	0	0	0	0	0	0
7.90	547842	4	0	0	0	0	0	0	0	0	0
8.00	541696	4	0	0	0	0	0	0	0	0	0
8.10	535587	4	0	0	0	0	0	0	0	0	0
8.20	529514	4	0	0	0	0	0	0	0	0	0
8.30	523478	4	0	0	0	0	0	0	0	0	0
8.40	517478	4	0	0	0	0	0	0	0	0	0
8.50	511514	4	0	0	0	0	0	0	0	0	0
8.60	505587	4	0	0	0	0	0	0	0	0	0
8.70	499697	4	0	0	0	0	0	0	0	0	0
8.80	493842	4	0	0	0	0	0	0	0	0	0
8.90	488024	4	0	0	0	0	0	0	0	0	0
9.00	482242	4	0	0	0	0	0	0	0	0	0
9.10	476496	4	0	0	0	0	0	0	0	0	0
9.20	470787	4	0	0	0	0	0	0	0	0	0
9.30	465114	4	0	0	0	0	0	0	0	0	0
9.40	459477	4	0	0	0	0	0	0	0	0	0
9.50	453876	4	0	0	0	0	0	0	0	0	0
9.60	448311	4	0	0	0	0	0	0	0	0	0
9.70	442782	4	0	0	0	0	0	0	0	0	0
9.80	437290	4	0	0	0	0	0	0	0	0	0
9.90	431833	4	0	0	0	0	0	0	0	0	0
10.00	426413	4	0	0	0	0	0	0	0	0	0
10.10	421028	4	0	0	0	0	0	0	0	0	0
10.20	415680	4	0	0	0	0	0	0	0	0	0
10.30	410367	4	0	0	0	0	0	0	0	0	0
10.40	405091	4	0	0	0	0	0	0	0	0	0
10.50	399850	4	0	0	0	0	0	0	0	0	0
10.60	394645	4	0	0	0	0	0	0	0	0	0
10.70	389476	4	0	0	0	0	0	0	0	0	0
10.80	384343	4	0	0	0	0	0	0	0	0	0
10.90	379246	4	0	0	0	0	0	0	0	0	0
11.00	374184	4	0	0	0	0	0	0	0	0	0
11.10	369159	4	0	0	0	0	0	0	0	0	0
11.20	364169	4	0	0	0	0	0	0	0	0	0
11.30	359215	4	0	0	0	0	0	0	0	0	0
11.40	354296	4	0	0	0	0	0	0	0	0	0
11.50	349413	4	0	0	0	0	0	0	0	0	0
11.60	344566	4	0	0	0	0	0	0	0	0	0
11.70	339755	4	0	0	0	0	0	0	0	0	0
11.80	334979	4	0	0	0	0	0	0	0	0	0
11.90	330238	4	0	0	0	0	0	0	0	0	0
12.00	325533	4	0	0	0	0	0	0	0	0	0
12.10	320864	4	0	0	0	0	0	0	0	0	0
12.20	316230	4	0	0	0	0	0	0	0	0	0
12.30	311631	4	0	0	0	0	0	0	0	0	0
12.40	307068	4	0	0	0	0	0	0	0	0	0
12.50	302541	4	0	0	0	0	0	0	0	0	0
12.60	298048	4	0	0	0	0	0	0	0	0	0
12.70	293592	4	0	0	0	0	0	0	0	0	0
12.80	289170	4	0	0	0	0	0	0	0	0	0
12.90	284784	4	0	0	0	0	0	0	0	0	0
13.00	280433	4	0	0	0	0	0	0	0	0	0
13.10	276117	4	0	0	0	0	0	0	0	0	0
13.20	271836	4	0	0	0	0	0	0	0	0	0
13.30	267591	4	0	0	0	0	0	0	0	0	0
13.40	263381	4	0	0	0	0	0	0	0	0	0
13.50	259205	4	0	0	0	0	0	0	0	0	0
13.60	255065	4	0	0	0	0	0	0	0	0	0
13.70	250960	4	0	0	0	0	0	0	0	0	0
13.80	246890	4	0	0	0	0	0	0	0	0	0
13.90	242855	4	0	0	0	0	0	0	0	0	0
14.00	238855	4	0	0	0	0	0	0	0	0	0
14.10	234890	4	0	0	0	0	0	0	0	0	0
14.20	230960	4	0	0	0	0	0	0	0	0	0
14.30	227065	4	0	0	0	0	0	0	0	0	0
14.40	223204	4	0	0	0	0	0	0	0	0	0
14.50	219379	4	0	0	0	0	0	0	0	0	0
14.60	215588	4	0	0	0	0	0	0	0	0	0
14.70	211832	4	0	0	0	0	0	0	0	0	0
14.80	208110	4	0	0	0	0	0	0	0	0	0
14.90	204424	4	0	0	0	0	0	0	0	0	0
15.00	200772	4	0	0	0	0	0	0	0	0	0
15.10	197154	4	0	0	0	0	0	0	0	0	0
15.20	193571	4	0	0	0	0	0	0	0	0	0
15.30	190023	4	0	0	0	0	0	0	0	0	0
15.40	186509	4	0	0	0	0	0	0	0	0	0
15.50	183030	4	0	0	0	0	0	0	0	0	0
15.60	179585	4	0	0	0	0	0	0	0	0	0
15.70	176175	4	0	0	0	0	0	0	0	0	0
15.80	172799	4	0	0	0	0	0	0	0	0	0
15.90	169457	4	0	0	0	0	0	0	0	0	0
16.00	166150	4	0	0	0	0	0	0	0	0	0
16.10	162877	4	0	0	0	0	0	0	0	0	0
16.20	159638	4	0	0	0	0	0	0	0	0	0
16.30	156433	4	0	0	0	0	0	0	0	0	0
16.40	153263	4	0	0	0	0	0	0	0	0	0
16.50	150127	4	0	0	0	0	0	0	0	0	0
16.60	147025	4	0	0	0	0	0	0	0	0	0
16.70	143956	4	0	0	0	0	0	0	0	0	0
16.80	140922	4	0	0	0	0	0	0	0	0	0
16.90	137922	4	0	0	0	0	0	0	0	0	0
17.00	134956	4	0	0	0	0	0	0	0	0	0
17.10	132024	4	0	0	0	0	0	0	0	0	0
17.20	129126	4	0	0	0	0	0	0	0	0	0
17.30	126261	4	0	0	0	0	0	0	0	0	0
17.40	123430	4	0	0	0	0	0	0	0	0	0
17.50	120633	4	0	0	0	0	0	0	0	0	0
17.60	117870	4	0	0	0	0	0	0	0	0	0
17.70	115140	4	0	0	0	0	0	0	0	0	0
17.80	112444	4	0	0	0	0	0	0	0	0	0
17.90	109782	4	0	0	0	0	0	0	0	0	0
18.00	107153	4	0	0	0	0	0	0	0	0	0
18.10	104558	4	0	0	0	0	0	0	0	0	0
18.20	101996	4	0	0	0	0	0	0	0	0	0
18.30	99467	4	0	0	0	0	0	0	0	0	0
18.40	96972	4	0	0	0	0	0	0	0	0	0
18.50	94511	4	0	0	0	0	0	0	0	0	0
18.60	92082	4	0	0	0	0	0	0	0	0	0
18.70	89687	4	0	0	0	0	0	0	0	0	0
18.80	87325	4	0	0	0	0	0	0	0	0	0
18.90	84996	4	0	0	0	0	0	0	0	0	0
19.00	82700	4	0	0	0	0	0	0	0	0	0
19.10	80437	4	0	0	0	0	0	0	0	0	0
19.20	78208	4	0	0	0	0	0	0	0	0	0
19.30	76011	4	0	0	0	0	0	0	0	0	0
19.40	73847	4	0	0	0	0	0	0	0	0	0
19.50	71716	4	0	0	0	0	0	0	0	0	0
19.60	69618	4	0	0	0	0	0	0	0	0	0
19.70	67552	4	0	0	0	0	0	0	0	0	0
19.80	65519	4	0	0	0	0	0	0	0	0	0
19.90	63519	4	0	0	0	0	0	0	0	0	0
20.00	61552	4	0	0	0	0	0	0	0	0	0
20.10	59617	4	0	0	0	0	0	0	0	0	0
20.20	57714	4	0	0	0	0	0	0	0	0	0
20.30	55844	4	0	0	0	0	0	0	0	0	0
20.40	54007	4	0	0	0	0	0	0	0	0	0
20.50	52201	4	0	0	0	0	0	0	0	0	0
20.60	50428	4	0	0	0	0	0	0	0	0	0
20.70	48687	4	0	0	0	0	0	0	0	0	0
20.80	46979	4	0	0	0	0	0	0	0	0	0
20.90	45302	4	0	0	0	0	0	0	0	0	0
21.00	43658	4	0	0	0	0	0	0	0	0	0
21.10	42045	4	0	0	0	0	0	0	0	0	0
21.20	40464	4	0	0	0	0	0	0	0	0	0
21.30	38915	4	0	0	0	0	0	0	0	0	0
21.40	37398	4	0	0	0	0	0	0	0	0	0
21.50	35913	4	0	0	0	0	0	0	0	0	0
21.60	34459	4	0	0	0	0	0	0	0	0	0
21.70	33037	4	0	0	0	0	0	0	0	0	0
21.80	31646	4	0	0	0	0	0	0	0	0	0
21.90	30287	4	0	0	0	0	0	0	0	0	0
22.00	28959	4	0	0	0	0	0	0	0	0	0
22.10	27662	4	0	0	0	0	0	0	0	0	0
22.20	26397	4	0	0	0	0	0	0	0	0	0
22.30	25163	4	0	0	0	0	0	0	0	0	0
22.40	23960	4	0	0	0	0	0	0	0	0	0
22.50	22787	4	0	0	0	0	0	0	0	0	0
22.60	21646	4	0	0	0	0	0	0	0	0	0
22.70	20535	4	0	0	0	0	0	0	0	0	0
22.80	19456	4	0	0	0	0	0	0	0	0	0
22.90	18407	4	0	0	0	0	0	0	0	0	0
23.00	17388	4	0	0	0	0	0	0	0	0	0
23.10	16400	4	0	0	0	0	0	0	0	0	0
23.20	15442	4	0	0	0	0	0	0	0	0	0
23.30	14515	4	0	0	0	0	0	0	0	0	0
23.40	13617	4	0	0	0	0	0	0	0	0	0
23.50	12750	4	0	0	0	0	0	0	0	0	0
23.60	11913	4	0	0	0	0	0	0	0	0	0
23.70	11105	4	0	0	0	0	0	0	0	0	0
23.80	10328	4	0	0	0	0	0	0	0	0	0
23.90	9580	4	0	0	0	0	0	0	0	0	0
24.00	8861	4	0	0	0	0	0	0	0	0	0
24.10	8172	4	0	0	0	0	0	0	0	0	0
24.20	7512	4	0	0	0	0	0	0	0	0	0
24.30	6882	4	0	0	0	0	0	0	0	0	0
24.40	6280	4	0	0	0	0	0	0	0	0	0
24.50	5707	4	0	0	0	0	0	0	0	0	0
24.60	5164	4	0	0	0	0	0	0	0	0	0
24.70	4648	4	0	0	0	0	0	0	0	0	0
24.80	4161	4	0	0	0	0	0	0	0	0	0
24.90	3702	4	0	0	0	0	0	0	0	0	0
25.00	3272	4	0	0	0	0	0	0	0	0	0
25.10	2869	4	0	0	0	0	0	0	0	0	0
25.20	2494	4	0	0	0	0	0	0	0	0	0
25.30	2147	4	0	0	0	0	0	0	0	0	0
25.40	1827	4	0	0	0	0	0	0	0	0	0
25.50	1533	4	0	0	0	0	0	0	0	0	0
25.60	1267	4	0	0	0	0	0	0	0	0	0
25.70	1028	4	0	0	0	0	0	0	0	0	0
25.80	814	4	0	0	0	0	0	0	0	0	0
25.90	627	4	0	0	0	0	0	0	0	0	0
26.00	465	4	0	0	0	0	0	0	0	0	0
26.10	328	4	0	0	0	0	0	0	0	0	0
26.20	216	4	0	0	0	0	0	0	0	0	0
26.30	128	4	0	0	0	0	0	0	0	0	0
26.40	64	4	0	0	0	0	0	0	0	0	0
26.50	23	4	0	0	0	0	0	0	0	0	0
26.60	3	4	0	0	0	0	0	0	0	0	0
26.66	0	4	0	0	0	0	0	0	0	0	0