-999	"MyLake init"
Z (m)	Az (m2)	Tz (deg C)	Cz	Sz (kg/m3)	TPz (mg/m3)	DOPz (mg/m3)	Chlaz (mg/m3)	DOCz (mg/m3)	TPz_sed (mg/m3)	Chlaz_sed (mg/m3)	"Fvol_IM (m3/m3	 dry w.)"	Hice (m)	Hsnow (m)
0.00	2135154	4	0	0	0	0	0	0	0	0	0	0	0
0.10	2118178	4	0	0	0	0	0	0	0	0	0
0.20	2101298	4	0	0	0	0	0	0	0	0	0
0.30	2084514	4	0	0	0	0	0	0	0	0	0
0.40	2067825	4	0	0	0	0	0	0	0	0	0
0.50	2051233	4	0	0	0	0	0	0	0	0	0
0.60	2034735	4	0	0	0	0	0	0	0	0	0
0.70	2018332	4	0	0	0	0	0	0	0	0	0
0.80	2002024	4	0	0	0	0	0	0	0	0	0
0.90	1985809	4	0	0	0	0	0	0	0	0	0
1.00	1969689	4	0	0	0	0	0	0	0	0	0
1.10	1953662	4	0	0	0	0	0	0	0	0	0
1.20	1937728	4	0	0	0	0	0	0	0	0	0
1.30	1921887	4	0	0	0	0	0	0	0	0	0
1.40	1906138	4	0	0	0	0	0	0	0	0	0
1.50	1890482	4	0	0	0	0	0	0	0	0	0
1.60	1874918	4	0	0	0	0	0	0	0	0	0
1.70	1859445	4	0	0	0	0	0	0	0	0	0
1.80	1844063	4	0	0	0	0	0	0	0	0	0
1.90	1828772	4	0	0	0	0	0	0	0	0	0
2.00	1813572	4	0	0	0	0	0	0	0	0	0
2.10	1798462	4	0	0	0	0	0	0	0	0	0
2.20	1783442	4	0	0	0	0	0	0	0	0	0
2.30	1768511	4	0	0	0	0	0	0	0	0	0
2.40	1753670	4	0	0	0	0	0	0	0	0	0
2.50	1738918	4	0	0	0	0	0	0	0	0	0
2.60	1724255	4	0	0	0	0	0	0	0	0	0
2.70	1709680	4	0	0	0	0	0	0	0	0	0
2.80	1695192	4	0	0	0	0	0	0	0	0	0
2.90	1680793	4	0	0	0	0	0	0	0	0	0
3.00	1666481	4	0	0	0	0	0	0	0	0	0
3.10	1652256	4	0	0	0	0	0	0	0	0	0
3.20	1638118	4	0	0	0	0	0	0	0	0	0
3.30	1624066	4	0	0	0	0	0	0	0	0	0
3.40	1610100	4	0	0	0	0	0	0	0	0	0
3.50	1596220	4	0	0	0	0	0	0	0	0	0
3.60	1582426	4	0	0	0	0	0	0	0	0	0
3.70	1568717	4	0	0	0	0	0	0	0	0	0
3.80	1555092	4	0	0	0	0	0	0	0	0	0
3.90	1541553	4	0	0	0	0	0	0	0	0	0
4.00	1528097	4	0	0	0	0	0	0	0	0	0
4.10	1514725	4	0	0	0	0	0	0	0	0	0
4.20	1501437	4	0	0	0	0	0	0	0	0	0
4.30	1488232	4	0	0	0	0	0	0	0	0	0
4.40	1475111	4	0	0	0	0	0	0	0	0	0
4.50	1462071	4	0	0	0	0	0	0	0	0	0
4.60	1449115	4	0	0	0	0	0	0	0	0	0
4.70	1436240	4	0	0	0	0	0	0	0	0	0
4.80	1423447	4	0	0	0	0	0	0	0	0	0
4.90	1410735	4	0	0	0	0	0	0	0	0	0
5.00	1398105	4	0	0	0	0	0	0	0	0	0
5.10	1385555	4	0	0	0	0	0	0	0	0	0
5.20	1373086	4	0	0	0	0	0	0	0	0	0
5.30	1360697	4	0	0	0	0	0	0	0	0	0
5.40	1348388	4	0	0	0	0	0	0	0	0	0
5.50	1336158	4	0	0	0	0	0	0	0	0	0
5.60	1324008	4	0	0	0	0	0	0	0	0	0
5.70	1311936	4	0	0	0	0	0	0	0	0	0
5.80	1299944	4	0	0	0	0	0	0	0	0	0
5.90	1288029	4	0	0	0	0	0	0	0	0	0
6.00	1276193	4	0	0	0	0	0	0	0	0	0
6.10	1264434	4	0	0	0	0	0	0	0	0	0
6.20	1252753	4	0	0	0	0	0	0	0	0	0
6.30	1241149	4	0	0	0	0	0	0	0	0	0
6.40	1229621	4	0	0	0	0	0	0	0	0	0
6.50	1218171	4	0	0	0	0	0	0	0	0	0
6.60	1206796	4	0	0	0	0	0	0	0	0	0
6.70	1195497	4	0	0	0	0	0	0	0	0	0
6.80	1184274	4	0	0	0	0	0	0	0	0	0
6.90	1173126	4	0	0	0	0	0	0	0	0	0
7.00	1162054	4	0	0	0	0	0	0	0	0	0
7.10	1151055	4	0	0	0	0	0	0	0	0	0
7.20	1140132	4	0	0	0	0	0	0	0	0	0
7.30	1129282	4	0	0	0	0	0	0	0	0	0
7.40	1118506	4	0	0	0	0	0	0	0	0	0
7.50	1107804	4	0	0	0	0	0	0	0	0	0
7.60	1097175	4	0	0	0	0	0	0	0	0	0
7.70	1086618	4	0	0	0	0	0	0	0	0	0
7.80	1076134	4	0	0	0	0	0	0	0	0	0
7.90	1065723	4	0	0	0	0	0	0	0	0	0
8.00	1055383	4	0	0	0	0	0	0	0	0	0
8.10	1045116	4	0	0	0	0	0	0	0	0	0
8.20	1034919	4	0	0	0	0	0	0	0	0	0
8.30	1024794	4	0	0	0	0	0	0	0	0	0
8.40	1014740	4	0	0	0	0	0	0	0	0	0
8.50	1004756	4	0	0	0	0	0	0	0	0	0
8.60	994842	4	0	0	0	0	0	0	0	0	0
8.70	984998	4	0	0	0	0	0	0	0	0	0
8.80	975224	4	0	0	0	0	0	0	0	0	0
8.90	965519	4	0	0	0	0	0	0	0	0	0
9.00	955883	4	0	0	0	0	0	0	0	0	0
9.10	946316	4	0	0	0	0	0	0	0	0	0
9.20	936817	4	0	0	0	0	0	0	0	0	0
9.30	927386	4	0	0	0	0	0	0	0	0	0
9.40	918024	4	0	0	0	0	0	0	0	0	0
9.50	908728	4	0	0	0	0	0	0	0	0	0
9.60	899501	4	0	0	0	0	0	0	0	0	0
9.70	890340	4	0	0	0	0	0	0	0	0	0
9.80	881245	4	0	0	0	0	0	0	0	0	0
9.90	872218	4	0	0	0	0	0	0	0	0	0
10.00	863256	4	0	0	0	0	0	0	0	0	0
10.10	854360	4	0	0	0	0	0	0	0	0	0
10.20	845530	4	0	0	0	0	0	0	0	0	0
10.30	836764	4	0	0	0	0	0	0	0	0	0
10.40	828064	4	0	0	0	0	0	0	0	0	0
10.50	819429	4	0	0	0	0	0	0	0	0	0
10.60	810858	4	0	0	0	0	0	0	0	0	0
10.70	802350	4	0	0	0	0	0	0	0	0	0
10.80	793907	4	0	0	0	0	0	0	0	0	0
10.90	785527	4	0	0	0	0	0	0	0	0	0
11.00	777211	4	0	0	0	0	0	0	0	0	0
11.10	768957	4	0	0	0	0	0	0	0	0	0
11.20	760766	4	0	0	0	0	0	0	0	0	0
11.30	752638	4	0	0	0	0	0	0	0	0	0
11.40	744571	4	0	0	0	0	0	0	0	0	0
11.50	736567	4	0	0	0	0	0	0	0	0	0
11.60	728624	4	0	0	0	0	0	0	0	0	0
11.70	720742	4	0	0	0	0	0	0	0	0	0
11.80	712921	4	0	0	0	0	0	0	0	0	0
11.90	705161	4	0	0	0	0	0	0	0	0	0
12.00	697461	4	0	0	0	0	0	0	0	0	0
12.10	689821	4	0	0	0	0	0	0	0	0	0
12.20	682241	4	0	0	0	0	0	0	0	0	0
12.30	674721	4	0	0	0	0	0	0	0	0	0
12.40	667259	4	0	0	0	0	0	0	0	0	0
12.50	659857	4	0	0	0	0	0	0	0	0	0
12.60	652514	4	0	0	0	0	0	0	0	0	0
12.70	645229	4	0	0	0	0	0	0	0	0	0
12.80	638002	4	0	0	0	0	0	0	0	0	0
12.90	630833	4	0	0	0	0	0	0	0	0	0
13.00	623722	4	0	0	0	0	0	0	0	0	0
13.10	616668	4	0	0	0	0	0	0	0	0	0
13.20	609671	4	0	0	0	0	0	0	0	0	0
13.30	602730	4	0	0	0	0	0	0	0	0	0
13.40	595847	4	0	0	0	0	0	0	0	0	0
13.50	589019	4	0	0	0	0	0	0	0	0	0
13.60	582247	4	0	0	0	0	0	0	0	0	0
13.70	575531	4	0	0	0	0	0	0	0	0	0
13.80	568871	4	0	0	0	0	0	0	0	0	0
13.90	562265	4	0	0	0	0	0	0	0	0	0
14.00	555715	4	0	0	0	0	0	0	0	0	0
14.10	549219	4	0	0	0	0	0	0	0	0	0
14.20	542777	4	0	0	0	0	0	0	0	0	0
14.30	536389	4	0	0	0	0	0	0	0	0	0
14.40	530056	4	0	0	0	0	0	0	0	0	0
14.50	523775	4	0	0	0	0	0	0	0	0	0
14.60	517548	4	0	0	0	0	0	0	0	0	0
14.70	511374	4	0	0	0	0	0	0	0	0	0
14.80	505252	4	0	0	0	0	0	0	0	0	0
14.90	499183	4	0	0	0	0	0	0	0	0	0
15.00	493166	4	0	0	0	0	0	0	0	0	0
15.10	487201	4	0	0	0	0	0	0	0	0	0
15.20	481287	4	0	0	0	0	0	0	0	0	0
15.30	475425	4	0	0	0	0	0	0	0	0	0
15.40	469614	4	0	0	0	0	0	0	0	0	0
15.50	463853	4	0	0	0	0	0	0	0	0	0
15.60	458143	4	0	0	0	0	0	0	0	0	0
15.70	452484	4	0	0	0	0	0	0	0	0	0
15.80	446874	4	0	0	0	0	0	0	0	0	0
15.90	441314	4	0	0	0	0	0	0	0	0	0
16.00	435804	4	0	0	0	0	0	0	0	0	0
16.10	430343	4	0	0	0	0	0	0	0	0	0
16.20	424931	4	0	0	0	0	0	0	0	0	0
16.30	419567	4	0	0	0	0	0	0	0	0	0
16.40	414252	4	0	0	0	0	0	0	0	0	0
16.50	408985	4	0	0	0	0	0	0	0	0	0
16.60	403766	4	0	0	0	0	0	0	0	0	0
16.70	398595	4	0	0	0	0	0	0	0	0	0
16.80	393471	4	0	0	0	0	0	0	0	0	0
16.90	388394	4	0	0	0	0	0	0	0	0	0
17.00	383364	4	0	0	0	0	0	0	0	0	0
17.10	378380	4	0	0	0	0	0	0	0	0	0
17.20	373443	4	0	0	0	0	0	0	0	0	0
17.30	368552	4	0	0	0	0	0	0	0	0	0
17.40	363707	4	0	0	0	0	0	0	0	0	0
17.50	358907	4	0	0	0	0	0	0	0	0	0
17.60	354153	4	0	0	0	0	0	0	0	0	0
17.70	349444	4	0	0	0	0	0	0	0	0	0
17.80	344779	4	0	0	0	0	0	0	0	0	0
17.90	340160	4	0	0	0	0	0	0	0	0	0
18.00	335584	4	0	0	0	0	0	0	0	0	0
18.10	331052	4	0	0	0	0	0	0	0	0	0
18.20	326565	4	0	0	0	0	0	0	0	0	0
18.30	322120	4	0	0	0	0	0	0	0	0	0
18.40	317719	4	0	0	0	0	0	0	0	0	0
18.50	313361	4	0	0	0	0	0	0	0	0	0
18.60	309046	4	0	0	0	0	0	0	0	0	0
18.70	304773	4	0	0	0	0	0	0	0	0	0
18.80	300543	4	0	0	0	0	0	0	0	0	0
18.90	296355	4	0	0	0	0	0	0	0	0	0
19.00	292208	4	0	0	0	0	0	0	0	0	0
19.10	288103	4	0	0	0	0	0	0	0	0	0
19.20	284039	4	0	0	0	0	0	0	0	0	0
19.30	280016	4	0	0	0	0	0	0	0	0	0
19.40	276034	4	0	0	0	0	0	0	0	0	0
19.50	272093	4	0	0	0	0	0	0	0	0	0
19.60	268191	4	0	0	0	0	0	0	0	0	0
19.70	264330	4	0	0	0	0	0	0	0	0	0
19.80	260509	4	0	0	0	0	0	0	0	0	0
19.90	256727	4	0	0	0	0	0	0	0	0	0
20.00	252984	4	0	0	0	0	0	0	0	0	0
20.10	249281	4	0	0	0	0	0	0	0	0	0
20.20	245616	4	0	0	0	0	0	0	0	0	0
20.30	241990	4	0	0	0	0	0	0	0	0	0
20.40	238402	4	0	0	0	0	0	0	0	0	0
20.50	234852	4	0	0	0	0	0	0	0	0	0
20.60	231340	4	0	0	0	0	0	0	0	0	0
20.70	227866	4	0	0	0	0	0	0	0	0	0
20.80	224429	4	0	0	0	0	0	0	0	0	0
20.90	221029	4	0	0	0	0	0	0	0	0	0
21.00	217666	4	0	0	0	0	0	0	0	0	0
21.10	214339	4	0	0	0	0	0	0	0	0	0
21.20	211049	4	0	0	0	0	0	0	0	0	0
21.30	207795	4	0	0	0	0	0	0	0	0	0
21.40	204577	4	0	0	0	0	0	0	0	0	0
21.50	201395	4	0	0	0	0	0	0	0	0	0
21.60	198248	4	0	0	0	0	0	0	0	0	0
21.70	195136	4	0	0	0	0	0	0	0	0	0
21.80	192060	4	0	0	0	0	0	0	0	0	0
21.90	189018	4	0	0	0	0	0	0	0	0	0
22.00	186010	4	0	0	0	0	0	0	0	0	0
22.10	183037	4	0	0	0	0	0	0	0	0	0
22.20	180098	4	0	0	0	0	0	0	0	0	0
22.30	177193	4	0	0	0	0	0	0	0	0	0
22.40	174321	4	0	0	0	0	0	0	0	0	0
22.50	171482	4	0	0	0	0	0	0	0	0	0
22.60	168677	4	0	0	0	0	0	0	0	0	0
22.70	165904	4	0	0	0	0	0	0	0	0	0
22.80	163164	4	0	0	0	0	0	0	0	0	0
22.90	160457	4	0	0	0	0	0	0	0	0	0
23.00	157781	4	0	0	0	0	0	0	0	0	0
23.10	155138	4	0	0	0	0	0	0	0	0	0
23.20	152526	4	0	0	0	0	0	0	0	0	0
23.30	149946	4	0	0	0	0	0	0	0	0	0
23.40	147397	4	0	0	0	0	0	0	0	0	0
23.50	144879	4	0	0	0	0	0	0	0	0	0
23.60	142392	4	0	0	0	0	0	0	0	0	0
23.70	139936	4	0	0	0	0	0	0	0	0	0
23.80	137510	4	0	0	0	0	0	0	0	0	0
23.90	135114	4	0	0	0	0	0	0	0	0	0
24.00	132747	4	0	0	0	0	0	0	0	0	0
24.10	130411	4	0	0	0	0	0	0	0	0	0
24.20	128104	4	0	0	0	0	0	0	0	0	0
24.30	125826	4	0	0	0	0	0	0	0	0	0
24.40	123578	4	0	0	0	0	0	0	0	0	0
24.50	121358	4	0	0	0	0	0	0	0	0	0
24.60	119166	4	0	0	0	0	0	0	0	0	0
24.70	117003	4	0	0	0	0	0	0	0	0	0
24.80	114868	4	0	0	0	0	0	0	0	0	0
24.90	112761	4	0	0	0	0	0	0	0	0	0
25.00	110682	4	0	0	0	0	0	0	0	0	0
25.10	108630	4	0	0	0	0	0	0	0	0	0
25.20	106605	4	0	0	0	0	0	0	0	0	0
25.30	104608	4	0	0	0	0	0	0	0	0	0
25.40	102637	4	0	0	0	0	0	0	0	0	0
25.50	100693	4	0	0	0	0	0	0	0	0	0
25.60	98775	4	0	0	0	0	0	0	0	0	0
25.70	96884	4	0	0	0	0	0	0	0	0	0
25.80	95018	4	0	0	0	0	0	0	0	0	0
25.90	93178	4	0	0	0	0	0	0	0	0	0
26.00	91364	4	0	0	0	0	0	0	0	0	0
26.10	89575	4	0	0	0	0	0	0	0	0	0
26.20	87811	4	0	0	0	0	0	0	0	0	0
26.30	86072	4	0	0	0	0	0	0	0	0	0
26.40	84358	4	0	0	0	0	0	0	0	0	0
26.50	82668	4	0	0	0	0	0	0	0	0	0
26.60	81002	4	0	0	0	0	0	0	0	0	0
26.70	79361	4	0	0	0	0	0	0	0	0	0
26.80	77743	4	0	0	0	0	0	0	0	0	0
26.90	76149	4	0	0	0	0	0	0	0	0	0
27.00	74579	4	0	0	0	0	0	0	0	0	0
27.10	73031	4	0	0	0	0	0	0	0	0	0
27.20	71507	4	0	0	0	0	0	0	0	0	0
27.30	70005	4	0	0	0	0	0	0	0	0	0
27.40	68526	4	0	0	0	0	0	0	0	0	0
27.50	67070	4	0	0	0	0	0	0	0	0	0
27.60	65635	4	0	0	0	0	0	0	0	0	0
27.70	64223	4	0	0	0	0	0	0	0	0	0
27.80	62833	4	0	0	0	0	0	0	0	0	0
27.90	61464	4	0	0	0	0	0	0	0	0	0
28.00	60116	4	0	0	0	0	0	0	0	0	0
28.10	58790	4	0	0	0	0	0	0	0	0	0
28.20	57484	4	0	0	0	0	0	0	0	0	0
28.30	56200	4	0	0	0	0	0	0	0	0	0
28.40	54936	4	0	0	0	0	0	0	0	0	0
28.50	53692	4	0	0	0	0	0	0	0	0	0
28.60	52469	4	0	0	0	0	0	0	0	0	0
28.70	51265	4	0	0	0	0	0	0	0	0	0
28.80	50082	4	0	0	0	0	0	0	0	0	0
28.90	48918	4	0	0	0	0	0	0	0	0	0
29.00	47773	4	0	0	0	0	0	0	0	0	0
29.10	46648	4	0	0	0	0	0	0	0	0	0
29.20	45541	4	0	0	0	0	0	0	0	0	0
29.30	44454	4	0	0	0	0	0	0	0	0	0
29.40	43385	4	0	0	0	0	0	0	0	0	0
29.50	42334	4	0	0	0	0	0	0	0	0	0
29.60	41302	4	0	0	0	0	0	0	0	0	0
29.70	40288	4	0	0	0	0	0	0	0	0	0
29.80	39292	4	0	0	0	0	0	0	0	0	0
29.90	38313	4	0	0	0	0	0	0	0	0	0
30.00	37352	4	0	0	0	0	0	0	0	0	0
30.10	36408	4	0	0	0	0	0	0	0	0	0
30.20	35482	4	0	0	0	0	0	0	0	0	0
30.30	34572	4	0	0	0	0	0	0	0	0	0
30.40	33679	4	0	0	0	0	0	0	0	0	0
30.50	32803	4	0	0	0	0	0	0	0	0	0
30.60	31943	4	0	0	0	0	0	0	0	0	0
30.70	31099	4	0	0	0	0	0	0	0	0	0
30.80	30271	4	0	0	0	0	0	0	0	0	0
30.90	29459	4	0	0	0	0	0	0	0	0	0
31.00	28663	4	0	0	0	0	0	0	0	0	0
31.10	27882	4	0	0	0	0	0	0	0	0	0
31.20	27116	4	0	0	0	0	0	0	0	0	0
31.30	26366	4	0	0	0	0	0	0	0	0	0
31.40	25630	4	0	0	0	0	0	0	0	0	0
31.50	24909	4	0	0	0	0	0	0	0	0	0
31.60	24203	4	0	0	0	0	0	0	0	0	0
31.70	23511	4	0	0	0	0	0	0	0	0	0
31.80	22833	4	0	0	0	0	0	0	0	0	0
31.90	22170	4	0	0	0	0	0	0	0	0	0
32.00	21520	4	0	0	0	0	0	0	0	0	0
32.10	20884	4	0	0	0	0	0	0	0	0	0
32.20	20261	4	0	0	0	0	0	0	0	0	0
32.30	19652	4	0	0	0	0	0	0	0	0	0
32.40	19056	4	0	0	0	0	0	0	0	0	0
32.50	18473	4	0	0	0	0	0	0	0	0	0
32.60	17903	4	0	0	0	0	0	0	0	0	0
32.70	17345	4	0	0	0	0	0	0	0	0	0
32.80	16800	4	0	0	0	0	0	0	0	0	0
32.90	16267	4	0	0	0	0	0	0	0	0	0
33.00	15746	4	0	0	0	0	0	0	0	0	0
33.10	15238	4	0	0	0	0	0	0	0	0	0
33.20	14741	4	0	0	0	0	0	0	0	0	0
33.30	14256	4	0	0	0	0	0	0	0	0	0
33.40	13782	4	0	0	0	0	0	0	0	0	0
33.50	13320	4	0	0	0	0	0	0	0	0	0
33.60	12869	4	0	0	0	0	0	0	0	0	0
33.70	12429	4	0	0	0	0	0	0	0	0	0
33.80	11999	4	0	0	0	0	0	0	0	0	0
33.90	11580	4	0	0	0	0	0	0	0	0	0
34.00	11172	4	0	0	0	0	0	0	0	0	0
34.10	10775	4	0	0	0	0	0	0	0	0	0
34.20	10387	4	0	0	0	0	0	0	0	0	0
34.30	10009	4	0	0	0	0	0	0	0	0	0
34.40	9642	4	0	0	0	0	0	0	0	0	0
34.50	9284	4	0	0	0	0	0	0	0	0	0
34.60	8935	4	0	0	0	0	0	0	0	0	0
34.70	8596	4	0	0	0	0	0	0	0	0	0
34.80	8267	4	0	0	0	0	0	0	0	0	0
34.90	7946	4	0	0	0	0	0	0	0	0	0
35.00	7635	4	0	0	0	0	0	0	0	0	0
35.10	7332	4	0	0	0	0	0	0	0	0	0
35.20	7038	4	0	0	0	0	0	0	0	0	0
35.30	6752	4	0	0	0	0	0	0	0	0	0
35.40	6475	4	0	0	0	0	0	0	0	0	0
35.50	6206	4	0	0	0	0	0	0	0	0	0
35.60	5945	4	0	0	0	0	0	0	0	0	0
35.70	5692	4	0	0	0	0	0	0	0	0	0
35.80	5446	4	0	0	0	0	0	0	0	0	0
35.90	5209	4	0	0	0	0	0	0	0	0	0
36.00	4978	4	0	0	0	0	0	0	0	0	0
36.10	4756	4	0	0	0	0	0	0	0	0	0
36.20	4540	4	0	0	0	0	0	0	0	0	0
36.30	4331	4	0	0	0	0	0	0	0	0	0
36.40	4130	4	0	0	0	0	0	0	0	0	0
36.50	3935	4	0	0	0	0	0	0	0	0	0
36.60	3747	4	0	0	0	0	0	0	0	0	0
36.70	3565	4	0	0	0	0	0	0	0	0	0
36.80	3389	4	0	0	0	0	0	0	0	0	0
36.90	3220	4	0	0	0	0	0	0	0	0	0
37.00	3057	4	0	0	0	0	0	0	0	0	0
37.10	2900	4	0	0	0	0	0	0	0	0	0
37.20	2749	4	0	0	0	0	0	0	0	0	0
37.30	2604	4	0	0	0	0	0	0	0	0	0
37.40	2464	4	0	0	0	0	0	0	0	0	0
37.50	2329	4	0	0	0	0	0	0	0	0	0
37.60	2200	4	0	0	0	0	0	0	0	0	0
37.70	2076	4	0	0	0	0	0	0	0	0	0
37.80	1957	4	0	0	0	0	0	0	0	0	0
37.90	1843	4	0	0	0	0	0	0	0	0	0
38.00	1734	4	0	0	0	0	0	0	0	0	0
38.10	1629	4	0	0	0	0	0	0	0	0	0
38.20	1529	4	0	0	0	0	0	0	0	0	0
38.30	1434	4	0	0	0	0	0	0	0	0	0
38.40	1343	4	0	0	0	0	0	0	0	0	0
38.50	1256	4	0	0	0	0	0	0	0	0	0
38.60	1173	4	0	0	0	0	0	0	0	0	0
38.70	1094	4	0	0	0	0	0	0	0	0	0
38.80	1019	4	0	0	0	0	0	0	0	0	0
38.90	948	4	0	0	0	0	0	0	0	0	0
39.00	880	4	0	0	0	0	0	0	0	0	0
39.10	816	4	0	0	0	0	0	0	0	0	0
39.20	755	4	0	0	0	0	0	0	0	0	0
39.30	698	4	0	0	0	0	0	0	0	0	0
39.40	644	4	0	0	0	0	0	0	0	0	0
39.50	592	4	0	0	0	0	0	0	0	0	0
39.60	544	4	0	0	0	0	0	0	0	0	0
39.70	499	4	0	0	0	0	0	0	0	0	0
39.80	456	4	0	0	0	0	0	0	0	0	0
39.90	416	4	0	0	0	0	0	0	0	0	0
40.00	379	4	0	0	0	0	0	0	0	0	0
40.10	344	4	0	0	0	0	0	0	0	0	0
40.20	311	4	0	0	0	0	0	0	0	0	0
40.30	281	4	0	0	0	0	0	0	0	0	0
40.40	253	4	0	0	0	0	0	0	0	0	0
40.50	227	4	0	0	0	0	0	0	0	0	0
40.60	203	4	0	0	0	0	0	0	0	0	0
40.70	181	4	0	0	0	0	0	0	0	0	0
40.80	160	4	0	0	0	0	0	0	0	0	0
40.90	141	4	0	0	0	0	0	0	0	0	0
41.00	124	4	0	0	0	0	0	0	0	0	0
41.10	109	4	0	0	0	0	0	0	0	0	0
41.20	95	4	0	0	0	0	0	0	0	0	0
41.30	82	4	0	0	0	0	0	0	0	0	0
41.40	70	4	0	0	0	0	0	0	0	0	0
41.50	60	4	0	0	0	0	0	0	0	0	0
41.60	51	4	0	0	0	0	0	0	0	0	0
41.70	43	4	0	0	0	0	0	0	0	0	0
41.80	36	4	0	0	0	0	0	0	0	0	0
41.90	29	4	0	0	0	0	0	0	0	0	0
42.00	24	4	0	0	0	0	0	0	0	0	0
42.10	19	4	0	0	0	0	0	0	0	0	0
42.20	15	4	0	0	0	0	0	0	0	0	0
42.30	12	4	0	0	0	0	0	0	0	0	0
42.40	9	4	0	0	0	0	0	0	0	0	0
42.50	7	4	0	0	0	0	0	0	0	0	0
42.60	5	4	0	0	0	0	0	0	0	0	0
42.70	4	4	0	0	0	0	0	0	0	0	0
42.80	2	4	0	0	0	0	0	0	0	0	0
42.90	2	4	0	0	0	0	0	0	0	0	0
43.00	1	4	0	0	0	0	0	0	0	0	0
43.10	1	4	0	0	0	0	0	0	0	0	0
43.20	0	4	0	0	0	0	0	0	0	0	0
43.30	0	4	0	0	0	0	0	0	0	0	0
43.40	0	4	0	0	0	0	0	0	0	0	0
43.50	0	4	0	0	0	0	0	0	0	0	0
43.60	0	4	0	0	0	0	0	0	0	0	0
43.65	0	4	0	0	0	0	0	0	0	0	0