-999	"MyLake init"
Z (m)	Az (m2)	Tz (deg C)	Cz	Sz (kg/m3)	TPz (mg/m3)	DOPz (mg/m3)	Chlaz (mg/m3)	DOCz (mg/m3)	TPz_sed (mg/m3)	Chlaz_sed (mg/m3)	"Fvol_IM (m3/m3	 dry w.)"	Hice (m)	Hsnow (m)
0.00	16071779	4	0	0	0	0	0	0	0	0	0	0	0
0.10	16013226	4	0	0	0	0	0	0	0	0	0
0.20	15954675	4	0	0	0	0	0	0	0	0	0
0.30	15896127	4	0	0	0	0	0	0	0	0	0
0.40	15837583	4	0	0	0	0	0	0	0	0	0
0.50	15779042	4	0	0	0	0	0	0	0	0	0
0.60	15720504	4	0	0	0	0	0	0	0	0	0
0.70	15661969	4	0	0	0	0	0	0	0	0	0
0.80	15603438	4	0	0	0	0	0	0	0	0	0
0.90	15544910	4	0	0	0	0	0	0	0	0	0
1.00	15486385	4	0	0	0	0	0	0	0	0	0
1.10	15427863	4	0	0	0	0	0	0	0	0	0
1.20	15369344	4	0	0	0	0	0	0	0	0	0
1.30	15310829	4	0	0	0	0	0	0	0	0	0
1.40	15252317	4	0	0	0	0	0	0	0	0	0
1.50	15193808	4	0	0	0	0	0	0	0	0	0
1.60	15135303	4	0	0	0	0	0	0	0	0	0
1.70	15076801	4	0	0	0	0	0	0	0	0	0
1.80	15018302	4	0	0	0	0	0	0	0	0	0
1.90	14959807	4	0	0	0	0	0	0	0	0	0
2.00	14901315	4	0	0	0	0	0	0	0	0	0
2.10	14842827	4	0	0	0	0	0	0	0	0	0
2.20	14784341	4	0	0	0	0	0	0	0	0	0
2.30	14725860	4	0	0	0	0	0	0	0	0	0
2.40	14667381	4	0	0	0	0	0	0	0	0	0
2.50	14608906	4	0	0	0	0	0	0	0	0	0
2.60	14550435	4	0	0	0	0	0	0	0	0	0
2.70	14491967	4	0	0	0	0	0	0	0	0	0
2.80	14433502	4	0	0	0	0	0	0	0	0	0
2.90	14375041	4	0	0	0	0	0	0	0	0	0
3.00	14316583	4	0	0	0	0	0	0	0	0	0
3.10	14258129	4	0	0	0	0	0	0	0	0	0
3.20	14199679	4	0	0	0	0	0	0	0	0	0
3.30	14141232	4	0	0	0	0	0	0	0	0	0
3.40	14082788	4	0	0	0	0	0	0	0	0	0
3.50	14024348	4	0	0	0	0	0	0	0	0	0
3.60	13965912	4	0	0	0	0	0	0	0	0	0
3.70	13907479	4	0	0	0	0	0	0	0	0	0
3.80	13849050	4	0	0	0	0	0	0	0	0	0
3.90	13790625	4	0	0	0	0	0	0	0	0	0
4.00	13732203	4	0	0	0	0	0	0	0	0	0
4.10	13673785	4	0	0	0	0	0	0	0	0	0
4.20	13615370	4	0	0	0	0	0	0	0	0	0
4.30	13556959	4	0	0	0	0	0	0	0	0	0
4.40	13498552	4	0	0	0	0	0	0	0	0	0
4.50	13440149	4	0	0	0	0	0	0	0	0	0
4.60	13381749	4	0	0	0	0	0	0	0	0	0
4.70	13323353	4	0	0	0	0	0	0	0	0	0
4.80	13264961	4	0	0	0	0	0	0	0	0	0
4.90	13206573	4	0	0	0	0	0	0	0	0	0
5.00	13148188	4	0	0	0	0	0	0	0	0	0
5.10	13089807	4	0	0	0	0	0	0	0	0	0
5.20	13031430	4	0	0	0	0	0	0	0	0	0
5.30	12973057	4	0	0	0	0	0	0	0	0	0
5.40	12914688	4	0	0	0	0	0	0	0	0	0
5.50	12856323	4	0	0	0	0	0	0	0	0	0
5.60	12797961	4	0	0	0	0	0	0	0	0	0
5.70	12739604	4	0	0	0	0	0	0	0	0	0
5.80	12681250	4	0	0	0	0	0	0	0	0	0
5.90	12622900	4	0	0	0	0	0	0	0	0	0
6.00	12564555	4	0	0	0	0	0	0	0	0	0
6.10	12506213	4	0	0	0	0	0	0	0	0	0
6.20	12447875	4	0	0	0	0	0	0	0	0	0
6.30	12389541	4	0	0	0	0	0	0	0	0	0
6.40	12331212	4	0	0	0	0	0	0	0	0	0
6.50	12272886	4	0	0	0	0	0	0	0	0	0
6.60	12214565	4	0	0	0	0	0	0	0	0	0
6.70	12156247	4	0	0	0	0	0	0	0	0	0
6.80	12097934	4	0	0	0	0	0	0	0	0	0
6.90	12039625	4	0	0	0	0	0	0	0	0	0
7.00	11981320	4	0	0	0	0	0	0	0	0	0
7.10	11923019	4	0	0	0	0	0	0	0	0	0
7.20	11864722	4	0	0	0	0	0	0	0	0	0
7.30	11806430	4	0	0	0	0	0	0	0	0	0
7.40	11748142	4	0	0	0	0	0	0	0	0	0
7.50	11689858	4	0	0	0	0	0	0	0	0	0
7.60	11631578	4	0	0	0	0	0	0	0	0	0
7.70	11573302	4	0	0	0	0	0	0	0	0	0
7.80	11515031	4	0	0	0	0	0	0	0	0	0
7.90	11456765	4	0	0	0	0	0	0	0	0	0
8.00	11398502	4	0	0	0	0	0	0	0	0	0
8.10	11340244	4	0	0	0	0	0	0	0	0	0
8.20	11281991	4	0	0	0	0	0	0	0	0	0
8.30	11223741	4	0	0	0	0	0	0	0	0	0
8.40	11165497	4	0	0	0	0	0	0	0	0	0
8.50	11107256	4	0	0	0	0	0	0	0	0	0
8.60	11049021	4	0	0	0	0	0	0	0	0	0
8.70	10990789	4	0	0	0	0	0	0	0	0	0
8.80	10932563	4	0	0	0	0	0	0	0	0	0
8.90	10874341	4	0	0	0	0	0	0	0	0	0
9.00	10816123	4	0	0	0	0	0	0	0	0	0
9.10	10757910	4	0	0	0	0	0	0	0	0	0
9.20	10699702	4	0	0	0	0	0	0	0	0	0
9.30	10641498	4	0	0	0	0	0	0	0	0	0
9.40	10583299	4	0	0	0	0	0	0	0	0	0
9.50	10525105	4	0	0	0	0	0	0	0	0	0
9.60	10466915	4	0	0	0	0	0	0	0	0	0
9.70	10408730	4	0	0	0	0	0	0	0	0	0
9.80	10350550	4	0	0	0	0	0	0	0	0	0
9.90	10292375	4	0	0	0	0	0	0	0	0	0
10.00	10234205	4	0	0	0	0	0	0	0	0	0
10.10	10176039	4	0	0	0	0	0	0	0	0	0
10.20	10117879	4	0	0	0	0	0	0	0	0	0
10.30	10059723	4	0	0	0	0	0	0	0	0	0
10.40	10001572	4	0	0	0	0	0	0	0	0	0
10.50	9943426	4	0	0	0	0	0	0	0	0	0
10.60	9885286	4	0	0	0	0	0	0	0	0	0
10.70	9827150	4	0	0	0	0	0	0	0	0	0
10.80	9769019	4	0	0	0	0	0	0	0	0	0
10.90	9710893	4	0	0	0	0	0	0	0	0	0
11.00	9652773	4	0	0	0	0	0	0	0	0	0
11.10	9594658	4	0	0	0	0	0	0	0	0	0
11.20	9536547	4	0	0	0	0	0	0	0	0	0
11.30	9478443	4	0	0	0	0	0	0	0	0	0
11.40	9420343	4	0	0	0	0	0	0	0	0	0
11.50	9362248	4	0	0	0	0	0	0	0	0	0
11.60	9304159	4	0	0	0	0	0	0	0	0	0
11.70	9246075	4	0	0	0	0	0	0	0	0	0
11.80	9187997	4	0	0	0	0	0	0	0	0	0
11.90	9129924	4	0	0	0	0	0	0	0	0	0
12.00	9071856	4	0	0	0	0	0	0	0	0	0
12.10	9013794	4	0	0	0	0	0	0	0	0	0
12.20	8955737	4	0	0	0	0	0	0	0	0	0
12.30	8897686	4	0	0	0	0	0	0	0	0	0
12.40	8839641	4	0	0	0	0	0	0	0	0	0
12.50	8781601	4	0	0	0	0	0	0	0	0	0
12.60	8723566	4	0	0	0	0	0	0	0	0	0
12.70	8665538	4	0	0	0	0	0	0	0	0	0
12.80	8607515	4	0	0	0	0	0	0	0	0	0
12.90	8549498	4	0	0	0	0	0	0	0	0	0
13.00	8491486	4	0	0	0	0	0	0	0	0	0
13.10	8433481	4	0	0	0	0	0	0	0	0	0
13.20	8375481	4	0	0	0	0	0	0	0	0	0
13.30	8317487	4	0	0	0	0	0	0	0	0	0
13.40	8259500	4	0	0	0	0	0	0	0	0	0
13.50	8201518	4	0	0	0	0	0	0	0	0	0
13.60	8143542	4	0	0	0	0	0	0	0	0	0
13.70	8085572	4	0	0	0	0	0	0	0	0	0
13.80	8027609	4	0	0	0	0	0	0	0	0	0
13.90	7969651	4	0	0	0	0	0	0	0	0	0
14.00	7911700	4	0	0	0	0	0	0	0	0	0
14.10	7853755	4	0	0	0	0	0	0	0	0	0
14.20	7795816	4	0	0	0	0	0	0	0	0	0
14.30	7737884	4	0	0	0	0	0	0	0	0	0
14.40	7679958	4	0	0	0	0	0	0	0	0	0
14.50	7622038	4	0	0	0	0	0	0	0	0	0
14.60	7564125	4	0	0	0	0	0	0	0	0	0
14.70	7506218	4	0	0	0	0	0	0	0	0	0
14.80	7448318	4	0	0	0	0	0	0	0	0	0
14.90	7390425	4	0	0	0	0	0	0	0	0	0
15.00	7332538	4	0	0	0	0	0	0	0	0	0
15.10	7274658	4	0	0	0	0	0	0	0	0	0
15.20	7216785	4	0	0	0	0	0	0	0	0	0
15.30	7158918	4	0	0	0	0	0	0	0	0	0
15.40	7101059	4	0	0	0	0	0	0	0	0	0
15.50	7043206	4	0	0	0	0	0	0	0	0	0
15.60	6985361	4	0	0	0	0	0	0	0	0	0
15.70	6927522	4	0	0	0	0	0	0	0	0	0
15.80	6869691	4	0	0	0	0	0	0	0	0	0
15.90	6811866	4	0	0	0	0	0	0	0	0	0
16.00	6754049	4	0	0	0	0	0	0	0	0	0
16.10	6696239	4	0	0	0	0	0	0	0	0	0
16.20	6638437	4	0	0	0	0	0	0	0	0	0
16.30	6580642	4	0	0	0	0	0	0	0	0	0
16.40	6522854	4	0	0	0	0	0	0	0	0	0
16.50	6465074	4	0	0	0	0	0	0	0	0	0
16.60	6407301	4	0	0	0	0	0	0	0	0	0
16.70	6349537	4	0	0	0	0	0	0	0	0	0
16.80	6291780	4	0	0	0	0	0	0	0	0	0
16.90	6234030	4	0	0	0	0	0	0	0	0	0
17.00	6176289	4	0	0	0	0	0	0	0	0	0
17.10	6118555	4	0	0	0	0	0	0	0	0	0
17.20	6060830	4	0	0	0	0	0	0	0	0	0
17.30	6003112	4	0	0	0	0	0	0	0	0	0
17.40	5945403	4	0	0	0	0	0	0	0	0	0
17.50	5887702	4	0	0	0	0	0	0	0	0	0
17.60	5830009	4	0	0	0	0	0	0	0	0	0
17.70	5772325	4	0	0	0	0	0	0	0	0	0
17.80	5714649	4	0	0	0	0	0	0	0	0	0
17.90	5656982	4	0	0	0	0	0	0	0	0	0
18.00	5599323	4	0	0	0	0	0	0	0	0	0
18.10	5541673	4	0	0	0	0	0	0	0	0	0
18.20	5484032	4	0	0	0	0	0	0	0	0	0
18.30	5426400	4	0	0	0	0	0	0	0	0	0
18.40	5368777	4	0	0	0	0	0	0	0	0	0
18.50	5311163	4	0	0	0	0	0	0	0	0	0
18.60	5253558	4	0	0	0	0	0	0	0	0	0
18.70	5195963	4	0	0	0	0	0	0	0	0	0
18.80	5138376	4	0	0	0	0	0	0	0	0	0
18.90	5080800	4	0	0	0	0	0	0	0	0	0
19.00	5023233	4	0	0	0	0	0	0	0	0	0
19.10	4965675	4	0	0	0	0	0	0	0	0	0
19.20	4908128	4	0	0	0	0	0	0	0	0	0
19.30	4850590	4	0	0	0	0	0	0	0	0	0
19.40	4793062	4	0	0	0	0	0	0	0	0	0
19.50	4735545	4	0	0	0	0	0	0	0	0	0
19.60	4678038	4	0	0	0	0	0	0	0	0	0
19.70	4620541	4	0	0	0	0	0	0	0	0	0
19.80	4563054	4	0	0	0	0	0	0	0	0	0
19.90	4505579	4	0	0	0	0	0	0	0	0	0
20.00	4448114	4	0	0	0	0	0	0	0	0	0
20.10	4390660	4	0	0	0	0	0	0	0	0	0
20.20	4333217	4	0	0	0	0	0	0	0	0	0
20.30	4275785	4	0	0	0	0	0	0	0	0	0
20.40	4218365	4	0	0	0	0	0	0	0	0	0
20.50	4160956	4	0	0	0	0	0	0	0	0	0
20.60	4103559	4	0	0	0	0	0	0	0	0	0
20.70	4046174	4	0	0	0	0	0	0	0	0	0
20.80	3988800	4	0	0	0	0	0	0	0	0	0
20.90	3931439	4	0	0	0	0	0	0	0	0	0
21.00	3874090	4	0	0	0	0	0	0	0	0	0
21.10	3816753	4	0	0	0	0	0	0	0	0	0
21.20	3759430	4	0	0	0	0	0	0	0	0	0
21.30	3702119	4	0	0	0	0	0	0	0	0	0
21.40	3644821	4	0	0	0	0	0	0	0	0	0
21.50	3587536	4	0	0	0	0	0	0	0	0	0
21.60	3530265	4	0	0	0	0	0	0	0	0	0
21.70	3473007	4	0	0	0	0	0	0	0	0	0
21.80	3415764	4	0	0	0	0	0	0	0	0	0
21.90	3358534	4	0	0	0	0	0	0	0	0	0
22.00	3301319	4	0	0	0	0	0	0	0	0	0
22.10	3244118	4	0	0	0	0	0	0	0	0	0
22.20	3186932	4	0	0	0	0	0	0	0	0	0
22.30	3129761	4	0	0	0	0	0	0	0	0	0
22.40	3072606	4	0	0	0	0	0	0	0	0	0
22.50	3015466	4	0	0	0	0	0	0	0	0	0
22.60	2958342	4	0	0	0	0	0	0	0	0	0
22.70	2901235	4	0	0	0	0	0	0	0	0	0
22.80	2844144	4	0	0	0	0	0	0	0	0	0
22.90	2787069	4	0	0	0	0	0	0	0	0	0
23.00	2730012	4	0	0	0	0	0	0	0	0	0
23.10	2672973	4	0	0	0	0	0	0	0	0	0
23.20	2615951	4	0	0	0	0	0	0	0	0	0
23.30	2558948	4	0	0	0	0	0	0	0	0	0
23.40	2501963	4	0	0	0	0	0	0	0	0	0
23.50	2444998	4	0	0	0	0	0	0	0	0	0
23.60	2388052	4	0	0	0	0	0	0	0	0	0
23.70	2331126	4	0	0	0	0	0	0	0	0	0
23.80	2274220	4	0	0	0	0	0	0	0	0	0
23.90	2217335	4	0	0	0	0	0	0	0	0	0
24.00	2160472	4	0	0	0	0	0	0	0	0	0
24.10	2103631	4	0	0	0	0	0	0	0	0	0
24.20	2046812	4	0	0	0	0	0	0	0	0	0
24.30	1990016	4	0	0	0	0	0	0	0	0	0
24.40	1933245	4	0	0	0	0	0	0	0	0	0
24.50	1876498	4	0	0	0	0	0	0	0	0	0
24.60	1819776	4	0	0	0	0	0	0	0	0	0
24.70	1763080	4	0	0	0	0	0	0	0	0	0
24.80	1706411	4	0	0	0	0	0	0	0	0	0
24.90	1649769	4	0	0	0	0	0	0	0	0	0
25.00	1593157	4	0	0	0	0	0	0	0	0	0
25.10	1536573	4	0	0	0	0	0	0	0	0	0
25.20	1480021	4	0	0	0	0	0	0	0	0	0
25.30	1423500	4	0	0	0	0	0	0	0	0	0
25.40	1367012	4	0	0	0	0	0	0	0	0	0
25.50	1310558	4	0	0	0	0	0	0	0	0	0
25.60	1254141	4	0	0	0	0	0	0	0	0	0
25.70	1197760	4	0	0	0	0	0	0	0	0	0
25.80	1141419	4	0	0	0	0	0	0	0	0	0
25.90	1085118	4	0	0	0	0	0	0	0	0	0
26.00	1028861	4	0	0	0	0	0	0	0	0	0
26.10	972648	4	0	0	0	0	0	0	0	0	0
26.20	916484	4	0	0	0	0	0	0	0	0	0
26.30	860370	4	0	0	0	0	0	0	0	0	0
26.40	804309	4	0	0	0	0	0	0	0	0	0
26.50	748307	4	0	0	0	0	0	0	0	0	0
26.60	692366	4	0	0	0	0	0	0	0	0	0
26.70	636491	4	0	0	0	0	0	0	0	0	0
26.80	580688	4	0	0	0	0	0	0	0	0	0
26.90	524965	4	0	0	0	0	0	0	0	0	0
27.00	469328	4	0	0	0	0	0	0	0	0	0
27.10	413789	4	0	0	0	0	0	0	0	0	0
27.20	358359	4	0	0	0	0	0	0	0	0	0
27.30	303056	4	0	0	0	0	0	0	0	0	0
27.40	247901	4	0	0	0	0	0	0	0	0	0
27.50	192928	4	0	0	0	0	0	0	0	0	0
27.60	138187	4	0	0	0	0	0	0	0	0	0
27.70	83772	4	0	0	0	0	0	0	0	0	0
27.80	29914	4	0	0	0	0	0	0	0	0	0
27.86	0	4	0	0	0	0	0	0	0	0	0