-999	"MyLake init"
Z (m)	Az (m2)	Tz (deg C)	Cz	Sz (kg/m3)	TPz (mg/m3)	DOPz (mg/m3)	Chlaz (mg/m3)	DOCz (mg/m3)	TPz_sed (mg/m3)	Chlaz_sed (mg/m3)	"Fvol_IM (m3/m3	 dry w.)"	Hice (m)	Hsnow (m)
0.00	1401538	4	0	0	0	0	0	0	0	0	0	0	0
0.10	1396708	4	0	0	0	0	0	0	0	0	0
0.20	1391858	4	0	0	0	0	0	0	0	0	0
0.30	1386986	4	0	0	0	0	0	0	0	0	0
0.40	1382094	4	0	0	0	0	0	0	0	0	0
0.50	1377181	4	0	0	0	0	0	0	0	0	0
0.60	1372247	4	0	0	0	0	0	0	0	0	0
0.70	1367291	4	0	0	0	0	0	0	0	0	0
0.80	1362313	4	0	0	0	0	0	0	0	0	0
0.90	1357312	4	0	0	0	0	0	0	0	0	0
1.00	1352290	4	0	0	0	0	0	0	0	0	0
1.10	1347244	4	0	0	0	0	0	0	0	0	0
1.20	1342176	4	0	0	0	0	0	0	0	0	0
1.30	1337084	4	0	0	0	0	0	0	0	0	0
1.40	1331968	4	0	0	0	0	0	0	0	0	0
1.50	1326829	4	0	0	0	0	0	0	0	0	0
1.60	1321665	4	0	0	0	0	0	0	0	0	0
1.70	1316477	4	0	0	0	0	0	0	0	0	0
1.80	1311264	4	0	0	0	0	0	0	0	0	0
1.90	1306025	4	0	0	0	0	0	0	0	0	0
2.00	1300761	4	0	0	0	0	0	0	0	0	0
2.10	1295470	4	0	0	0	0	0	0	0	0	0
2.20	1290154	4	0	0	0	0	0	0	0	0	0
2.30	1284810	4	0	0	0	0	0	0	0	0	0
2.40	1279440	4	0	0	0	0	0	0	0	0	0
2.50	1274042	4	0	0	0	0	0	0	0	0	0
2.60	1268616	4	0	0	0	0	0	0	0	0	0
2.70	1263162	4	0	0	0	0	0	0	0	0	0
2.80	1257679	4	0	0	0	0	0	0	0	0	0
2.90	1252167	4	0	0	0	0	0	0	0	0	0
3.00	1246625	4	0	0	0	0	0	0	0	0	0
3.10	1241053	4	0	0	0	0	0	0	0	0	0
3.20	1235451	4	0	0	0	0	0	0	0	0	0
3.30	1229817	4	0	0	0	0	0	0	0	0	0
3.40	1224152	4	0	0	0	0	0	0	0	0	0
3.50	1218455	4	0	0	0	0	0	0	0	0	0
3.60	1212726	4	0	0	0	0	0	0	0	0	0
3.70	1206963	4	0	0	0	0	0	0	0	0	0
3.80	1201167	4	0	0	0	0	0	0	0	0	0
3.90	1195337	4	0	0	0	0	0	0	0	0	0
4.00	1189472	4	0	0	0	0	0	0	0	0	0
4.10	1183571	4	0	0	0	0	0	0	0	0	0
4.20	1177635	4	0	0	0	0	0	0	0	0	0
4.30	1171662	4	0	0	0	0	0	0	0	0	0
4.40	1165652	4	0	0	0	0	0	0	0	0	0
4.50	1159604	4	0	0	0	0	0	0	0	0	0
4.60	1153518	4	0	0	0	0	0	0	0	0	0
4.70	1147392	4	0	0	0	0	0	0	0	0	0
4.80	1141226	4	0	0	0	0	0	0	0	0	0
4.90	1135020	4	0	0	0	0	0	0	0	0	0
5.00	1128772	4	0	0	0	0	0	0	0	0	0
5.10	1122482	4	0	0	0	0	0	0	0	0	0
5.20	1116148	4	0	0	0	0	0	0	0	0	0
5.30	1109771	4	0	0	0	0	0	0	0	0	0
5.40	1103349	4	0	0	0	0	0	0	0	0	0
5.50	1096881	4	0	0	0	0	0	0	0	0	0
5.60	1090367	4	0	0	0	0	0	0	0	0	0
5.70	1083805	4	0	0	0	0	0	0	0	0	0
5.80	1077194	4	0	0	0	0	0	0	0	0	0
5.90	1070534	4	0	0	0	0	0	0	0	0	0
6.00	1063823	4	0	0	0	0	0	0	0	0	0
6.10	1057060	4	0	0	0	0	0	0	0	0	0
6.20	1050245	4	0	0	0	0	0	0	0	0	0
6.30	1043375	4	0	0	0	0	0	0	0	0	0
6.40	1036450	4	0	0	0	0	0	0	0	0	0
6.50	1029468	4	0	0	0	0	0	0	0	0	0
6.60	1022428	4	0	0	0	0	0	0	0	0	0
6.70	1015329	4	0	0	0	0	0	0	0	0	0
6.80	1008169	4	0	0	0	0	0	0	0	0	0
6.90	1000947	4	0	0	0	0	0	0	0	0	0
7.00	993660	4	0	0	0	0	0	0	0	0	0
7.10	986309	4	0	0	0	0	0	0	0	0	0
7.20	978890	4	0	0	0	0	0	0	0	0	0
7.30	971402	4	0	0	0	0	0	0	0	0	0
7.40	963844	4	0	0	0	0	0	0	0	0	0
7.50	956213	4	0	0	0	0	0	0	0	0	0
7.60	948507	4	0	0	0	0	0	0	0	0	0
7.70	940725	4	0	0	0	0	0	0	0	0	0
7.80	932863	4	0	0	0	0	0	0	0	0	0
7.90	924921	4	0	0	0	0	0	0	0	0	0
8.00	916894	4	0	0	0	0	0	0	0	0	0
8.10	908781	4	0	0	0	0	0	0	0	0	0
8.20	900580	4	0	0	0	0	0	0	0	0	0
8.30	892286	4	0	0	0	0	0	0	0	0	0
8.40	883898	4	0	0	0	0	0	0	0	0	0
8.50	875413	4	0	0	0	0	0	0	0	0	0
8.60	866826	4	0	0	0	0	0	0	0	0	0
8.70	858134	4	0	0	0	0	0	0	0	0	0
8.80	849335	4	0	0	0	0	0	0	0	0	0
8.90	840423	4	0	0	0	0	0	0	0	0	0
9.00	831395	4	0	0	0	0	0	0	0	0	0
9.10	822246	4	0	0	0	0	0	0	0	0	0
9.20	812972	4	0	0	0	0	0	0	0	0	0
9.30	803568	4	0	0	0	0	0	0	0	0	0
9.40	794028	4	0	0	0	0	0	0	0	0	0
9.50	784347	4	0	0	0	0	0	0	0	0	0
9.60	774518	4	0	0	0	0	0	0	0	0	0
9.70	764536	4	0	0	0	0	0	0	0	0	0
9.80	754393	4	0	0	0	0	0	0	0	0	0
9.90	744081	4	0	0	0	0	0	0	0	0	0
10.00	733593	4	0	0	0	0	0	0	0	0	0
10.10	722920	4	0	0	0	0	0	0	0	0	0
10.20	712052	4	0	0	0	0	0	0	0	0	0
10.30	700979	4	0	0	0	0	0	0	0	0	0
10.40	689689	4	0	0	0	0	0	0	0	0	0
10.50	678169	4	0	0	0	0	0	0	0	0	0
10.60	666408	4	0	0	0	0	0	0	0	0	0
10.70	654388	4	0	0	0	0	0	0	0	0	0
10.80	642095	4	0	0	0	0	0	0	0	0	0
10.90	629509	4	0	0	0	0	0	0	0	0	0
11.00	616609	4	0	0	0	0	0	0	0	0	0
11.10	603373	4	0	0	0	0	0	0	0	0	0
11.20	589775	4	0	0	0	0	0	0	0	0	0
11.30	575785	4	0	0	0	0	0	0	0	0	0
11.40	561370	4	0	0	0	0	0	0	0	0	0
11.50	546490	4	0	0	0	0	0	0	0	0	0
11.60	531102	4	0	0	0	0	0	0	0	0	0
11.70	515152	4	0	0	0	0	0	0	0	0	0
11.80	498578	4	0	0	0	0	0	0	0	0	0
11.90	481307	4	0	0	0	0	0	0	0	0	0
12.00	463248	4	0	0	0	0	0	0	0	0	0
12.10	444291	4	0	0	0	0	0	0	0	0	0
12.20	424297	4	0	0	0	0	0	0	0	0	0
12.30	403088	4	0	0	0	0	0	0	0	0	0
12.40	380428	4	0	0	0	0	0	0	0	0	0
12.50	355997	4	0	0	0	0	0	0	0	0	0
12.60	329338	4	0	0	0	0	0	0	0	0	0
12.70	299759	4	0	0	0	0	0	0	0	0	0
12.80	266122	4	0	0	0	0	0	0	0	0	0
12.90	226305	4	0	0	0	0	0	0	0	0	0
13.00	175327	4	0	0	0	0	0	0	0	0	0
13.10	92083	4	0	0	0	0	0	0	0	0	0
13.13	0	4	0	0	0	0	0	0	0	0	0