-999	"MyLake init"
Z (m)	Az (m2)	Tz (deg C)	Cz	Sz (kg/m3)	TPz (mg/m3)	DOPz (mg/m3)	Chlaz (mg/m3)	DOCz (mg/m3)	TPz_sed (mg/m3)	Chlaz_sed (mg/m3)	"Fvol_IM (m3/m3	 dry w.)"	Hice (m)	Hsnow (m)
0.00	1635030	4	0	0	0	0	0	0	0	0	0	0	0
0.10	1622618	4	0	0	0	0	0	0	0	0	0
0.20	1610260	4	0	0	0	0	0	0	0	0	0
0.30	1597955	4	0	0	0	0	0	0	0	0	0
0.40	1585704	4	0	0	0	0	0	0	0	0	0
0.50	1573506	4	0	0	0	0	0	0	0	0	0
0.60	1561362	4	0	0	0	0	0	0	0	0	0
0.70	1549272	4	0	0	0	0	0	0	0	0	0
0.80	1537235	4	0	0	0	0	0	0	0	0	0
0.90	1525251	4	0	0	0	0	0	0	0	0	0
1.00	1513321	4	0	0	0	0	0	0	0	0	0
1.10	1501444	4	0	0	0	0	0	0	0	0	0
1.20	1489620	4	0	0	0	0	0	0	0	0	0
1.30	1477849	4	0	0	0	0	0	0	0	0	0
1.40	1466131	4	0	0	0	0	0	0	0	0	0
1.50	1454467	4	0	0	0	0	0	0	0	0	0
1.60	1442855	4	0	0	0	0	0	0	0	0	0
1.70	1431296	4	0	0	0	0	0	0	0	0	0
1.80	1419790	4	0	0	0	0	0	0	0	0	0
1.90	1408337	4	0	0	0	0	0	0	0	0	0
2.00	1396937	4	0	0	0	0	0	0	0	0	0
2.10	1385589	4	0	0	0	0	0	0	0	0	0
2.20	1374294	4	0	0	0	0	0	0	0	0	0
2.30	1363052	4	0	0	0	0	0	0	0	0	0
2.40	1351862	4	0	0	0	0	0	0	0	0	0
2.50	1340724	4	0	0	0	0	0	0	0	0	0
2.60	1329639	4	0	0	0	0	0	0	0	0	0
2.70	1318606	4	0	0	0	0	0	0	0	0	0
2.80	1307625	4	0	0	0	0	0	0	0	0	0
2.90	1296697	4	0	0	0	0	0	0	0	0	0
3.00	1285820	4	0	0	0	0	0	0	0	0	0
3.10	1274996	4	0	0	0	0	0	0	0	0	0
3.20	1264224	4	0	0	0	0	0	0	0	0	0
3.30	1253504	4	0	0	0	0	0	0	0	0	0
3.40	1242835	4	0	0	0	0	0	0	0	0	0
3.50	1232219	4	0	0	0	0	0	0	0	0	0
3.60	1221654	4	0	0	0	0	0	0	0	0	0
3.70	1211141	4	0	0	0	0	0	0	0	0	0
3.80	1200680	4	0	0	0	0	0	0	0	0	0
3.90	1190270	4	0	0	0	0	0	0	0	0	0
4.00	1179911	4	0	0	0	0	0	0	0	0	0
4.10	1169605	4	0	0	0	0	0	0	0	0	0
4.20	1159349	4	0	0	0	0	0	0	0	0	0
4.30	1149145	4	0	0	0	0	0	0	0	0	0
4.40	1138992	4	0	0	0	0	0	0	0	0	0
4.50	1128891	4	0	0	0	0	0	0	0	0	0
4.60	1118840	4	0	0	0	0	0	0	0	0	0
4.70	1108841	4	0	0	0	0	0	0	0	0	0
4.80	1098893	4	0	0	0	0	0	0	0	0	0
4.90	1088995	4	0	0	0	0	0	0	0	0	0
5.00	1079149	4	0	0	0	0	0	0	0	0	0
5.10	1069353	4	0	0	0	0	0	0	0	0	0
5.20	1059609	4	0	0	0	0	0	0	0	0	0
5.30	1049914	4	0	0	0	0	0	0	0	0	0
5.40	1040271	4	0	0	0	0	0	0	0	0	0
5.50	1030678	4	0	0	0	0	0	0	0	0	0
5.60	1021136	4	0	0	0	0	0	0	0	0	0
5.70	1011644	4	0	0	0	0	0	0	0	0	0
5.80	1002202	4	0	0	0	0	0	0	0	0	0
5.90	992811	4	0	0	0	0	0	0	0	0	0
6.00	983470	4	0	0	0	0	0	0	0	0	0
6.10	974179	4	0	0	0	0	0	0	0	0	0
6.20	964939	4	0	0	0	0	0	0	0	0	0
6.30	955748	4	0	0	0	0	0	0	0	0	0
6.40	946608	4	0	0	0	0	0	0	0	0	0
6.50	937517	4	0	0	0	0	0	0	0	0	0
6.60	928476	4	0	0	0	0	0	0	0	0	0
6.70	919485	4	0	0	0	0	0	0	0	0	0
6.80	910544	4	0	0	0	0	0	0	0	0	0
6.90	901652	4	0	0	0	0	0	0	0	0	0
7.00	892810	4	0	0	0	0	0	0	0	0	0
7.10	884018	4	0	0	0	0	0	0	0	0	0
7.20	875275	4	0	0	0	0	0	0	0	0	0
7.30	866581	4	0	0	0	0	0	0	0	0	0
7.40	857937	4	0	0	0	0	0	0	0	0	0
7.50	849342	4	0	0	0	0	0	0	0	0	0
7.60	840796	4	0	0	0	0	0	0	0	0	0
7.70	832299	4	0	0	0	0	0	0	0	0	0
7.80	823852	4	0	0	0	0	0	0	0	0	0
7.90	815453	4	0	0	0	0	0	0	0	0	0
8.00	807103	4	0	0	0	0	0	0	0	0	0
8.10	798802	4	0	0	0	0	0	0	0	0	0
8.20	790550	4	0	0	0	0	0	0	0	0	0
8.30	782347	4	0	0	0	0	0	0	0	0	0
8.40	774192	4	0	0	0	0	0	0	0	0	0
8.50	766086	4	0	0	0	0	0	0	0	0	0
8.60	758028	4	0	0	0	0	0	0	0	0	0
8.70	750018	4	0	0	0	0	0	0	0	0	0
8.80	742058	4	0	0	0	0	0	0	0	0	0
8.90	734145	4	0	0	0	0	0	0	0	0	0
9.00	726280	4	0	0	0	0	0	0	0	0	0
9.10	718464	4	0	0	0	0	0	0	0	0	0
9.20	710696	4	0	0	0	0	0	0	0	0	0
9.30	702976	4	0	0	0	0	0	0	0	0	0
9.40	695303	4	0	0	0	0	0	0	0	0	0
9.50	687679	4	0	0	0	0	0	0	0	0	0
9.60	680102	4	0	0	0	0	0	0	0	0	0
9.70	672573	4	0	0	0	0	0	0	0	0	0
9.80	665092	4	0	0	0	0	0	0	0	0	0
9.90	657658	4	0	0	0	0	0	0	0	0	0
10.00	650272	4	0	0	0	0	0	0	0	0	0
10.10	642933	4	0	0	0	0	0	0	0	0	0
10.20	635641	4	0	0	0	0	0	0	0	0	0
10.30	628397	4	0	0	0	0	0	0	0	0	0
10.40	621200	4	0	0	0	0	0	0	0	0	0
10.50	614050	4	0	0	0	0	0	0	0	0	0
10.60	606947	4	0	0	0	0	0	0	0	0	0
10.70	599891	4	0	0	0	0	0	0	0	0	0
10.80	592882	4	0	0	0	0	0	0	0	0	0
10.90	585920	4	0	0	0	0	0	0	0	0	0
11.00	579004	4	0	0	0	0	0	0	0	0	0
11.10	572135	4	0	0	0	0	0	0	0	0	0
11.20	565313	4	0	0	0	0	0	0	0	0	0
11.30	558537	4	0	0	0	0	0	0	0	0	0
11.40	551808	4	0	0	0	0	0	0	0	0	0
11.50	545125	4	0	0	0	0	0	0	0	0	0
11.60	538488	4	0	0	0	0	0	0	0	0	0
11.70	531898	4	0	0	0	0	0	0	0	0	0
11.80	525354	4	0	0	0	0	0	0	0	0	0
11.90	518855	4	0	0	0	0	0	0	0	0	0
12.00	512403	4	0	0	0	0	0	0	0	0	0
12.10	505996	4	0	0	0	0	0	0	0	0	0
12.20	499636	4	0	0	0	0	0	0	0	0	0
12.30	493321	4	0	0	0	0	0	0	0	0	0
12.40	487052	4	0	0	0	0	0	0	0	0	0
12.50	480828	4	0	0	0	0	0	0	0	0	0
12.60	474650	4	0	0	0	0	0	0	0	0	0
12.70	468517	4	0	0	0	0	0	0	0	0	0
12.80	462429	4	0	0	0	0	0	0	0	0	0
12.90	456387	4	0	0	0	0	0	0	0	0	0
13.00	450390	4	0	0	0	0	0	0	0	0	0
13.10	444438	4	0	0	0	0	0	0	0	0	0
13.20	438531	4	0	0	0	0	0	0	0	0	0
13.30	432669	4	0	0	0	0	0	0	0	0	0
13.40	426852	4	0	0	0	0	0	0	0	0	0
13.50	421079	4	0	0	0	0	0	0	0	0	0
13.60	415351	4	0	0	0	0	0	0	0	0	0
13.70	409668	4	0	0	0	0	0	0	0	0	0
13.80	404029	4	0	0	0	0	0	0	0	0	0
13.90	398435	4	0	0	0	0	0	0	0	0	0
14.00	392885	4	0	0	0	0	0	0	0	0	0
14.10	387379	4	0	0	0	0	0	0	0	0	0
14.20	381917	4	0	0	0	0	0	0	0	0	0
14.30	376500	4	0	0	0	0	0	0	0	0	0
14.40	371126	4	0	0	0	0	0	0	0	0	0
14.50	365796	4	0	0	0	0	0	0	0	0	0
14.60	360510	4	0	0	0	0	0	0	0	0	0
14.70	355268	4	0	0	0	0	0	0	0	0	0
14.80	350070	4	0	0	0	0	0	0	0	0	0
14.90	344915	4	0	0	0	0	0	0	0	0	0
15.00	339803	4	0	0	0	0	0	0	0	0	0
15.10	334735	4	0	0	0	0	0	0	0	0	0
15.20	329710	4	0	0	0	0	0	0	0	0	0
15.30	324728	4	0	0	0	0	0	0	0	0	0
15.40	319790	4	0	0	0	0	0	0	0	0	0
15.50	314894	4	0	0	0	0	0	0	0	0	0
15.60	310041	4	0	0	0	0	0	0	0	0	0
15.70	305231	4	0	0	0	0	0	0	0	0	0
15.80	300464	4	0	0	0	0	0	0	0	0	0
15.90	295740	4	0	0	0	0	0	0	0	0	0
16.00	291058	4	0	0	0	0	0	0	0	0	0
16.10	286418	4	0	0	0	0	0	0	0	0	0
16.20	281821	4	0	0	0	0	0	0	0	0	0
16.30	277266	4	0	0	0	0	0	0	0	0	0
16.40	272753	4	0	0	0	0	0	0	0	0	0
16.50	268282	4	0	0	0	0	0	0	0	0	0
16.60	263854	4	0	0	0	0	0	0	0	0	0
16.70	259467	4	0	0	0	0	0	0	0	0	0
16.80	255122	4	0	0	0	0	0	0	0	0	0
16.90	250819	4	0	0	0	0	0	0	0	0	0
17.00	246557	4	0	0	0	0	0	0	0	0	0
17.10	242337	4	0	0	0	0	0	0	0	0	0
17.20	238158	4	0	0	0	0	0	0	0	0	0
17.30	234020	4	0	0	0	0	0	0	0	0	0
17.40	229924	4	0	0	0	0	0	0	0	0	0
17.50	225868	4	0	0	0	0	0	0	0	0	0
17.60	221854	4	0	0	0	0	0	0	0	0	0
17.70	217881	4	0	0	0	0	0	0	0	0	0
17.80	213948	4	0	0	0	0	0	0	0	0	0
17.90	210056	4	0	0	0	0	0	0	0	0	0
18.00	206205	4	0	0	0	0	0	0	0	0	0
18.10	202394	4	0	0	0	0	0	0	0	0	0
18.20	198624	4	0	0	0	0	0	0	0	0	0
18.30	194893	4	0	0	0	0	0	0	0	0	0
18.40	191203	4	0	0	0	0	0	0	0	0	0
18.50	187553	4	0	0	0	0	0	0	0	0	0
18.60	183943	4	0	0	0	0	0	0	0	0	0
18.70	180373	4	0	0	0	0	0	0	0	0	0
18.80	176843	4	0	0	0	0	0	0	0	0	0
18.90	173352	4	0	0	0	0	0	0	0	0	0
19.00	169901	4	0	0	0	0	0	0	0	0	0
19.10	166489	4	0	0	0	0	0	0	0	0	0
19.20	163117	4	0	0	0	0	0	0	0	0	0
19.30	159783	4	0	0	0	0	0	0	0	0	0
19.40	156489	4	0	0	0	0	0	0	0	0	0
19.50	153234	4	0	0	0	0	0	0	0	0	0
19.60	150018	4	0	0	0	0	0	0	0	0	0
19.70	146840	4	0	0	0	0	0	0	0	0	0
19.80	143701	4	0	0	0	0	0	0	0	0	0
19.90	140601	4	0	0	0	0	0	0	0	0	0
20.00	137539	4	0	0	0	0	0	0	0	0	0
20.10	134515	4	0	0	0	0	0	0	0	0	0
20.20	131529	4	0	0	0	0	0	0	0	0	0
20.30	128582	4	0	0	0	0	0	0	0	0	0
20.40	125672	4	0	0	0	0	0	0	0	0	0
20.50	122800	4	0	0	0	0	0	0	0	0	0
20.60	119966	4	0	0	0	0	0	0	0	0	0
20.70	117170	4	0	0	0	0	0	0	0	0	0
20.80	114411	4	0	0	0	0	0	0	0	0	0
20.90	111689	4	0	0	0	0	0	0	0	0	0
21.00	109005	4	0	0	0	0	0	0	0	0	0
21.10	106357	4	0	0	0	0	0	0	0	0	0
21.20	103747	4	0	0	0	0	0	0	0	0	0
21.30	101173	4	0	0	0	0	0	0	0	0	0
21.40	98636	4	0	0	0	0	0	0	0	0	0
21.50	96136	4	0	0	0	0	0	0	0	0	0
21.60	93672	4	0	0	0	0	0	0	0	0	0
21.70	91244	4	0	0	0	0	0	0	0	0	0
21.80	88853	4	0	0	0	0	0	0	0	0	0
21.90	86498	4	0	0	0	0	0	0	0	0	0
22.00	84178	4	0	0	0	0	0	0	0	0	0
22.10	81895	4	0	0	0	0	0	0	0	0	0
22.20	79647	4	0	0	0	0	0	0	0	0	0
22.30	77434	4	0	0	0	0	0	0	0	0	0
22.40	75257	4	0	0	0	0	0	0	0	0	0
22.50	73116	4	0	0	0	0	0	0	0	0	0
22.60	71009	4	0	0	0	0	0	0	0	0	0
22.70	68937	4	0	0	0	0	0	0	0	0	0
22.80	66900	4	0	0	0	0	0	0	0	0	0
22.90	64898	4	0	0	0	0	0	0	0	0	0
23.00	62930	4	0	0	0	0	0	0	0	0	0
23.10	60997	4	0	0	0	0	0	0	0	0	0
23.20	59098	4	0	0	0	0	0	0	0	0	0
23.30	57233	4	0	0	0	0	0	0	0	0	0
23.40	55402	4	0	0	0	0	0	0	0	0	0
23.50	53605	4	0	0	0	0	0	0	0	0	0
23.60	51841	4	0	0	0	0	0	0	0	0	0
23.70	50111	4	0	0	0	0	0	0	0	0	0
23.80	48414	4	0	0	0	0	0	0	0	0	0
23.90	46750	4	0	0	0	0	0	0	0	0	0
24.00	45120	4	0	0	0	0	0	0	0	0	0
24.10	43522	4	0	0	0	0	0	0	0	0	0
24.20	41957	4	0	0	0	0	0	0	0	0	0
24.30	40424	4	0	0	0	0	0	0	0	0	0
24.40	38924	4	0	0	0	0	0	0	0	0	0
24.50	37456	4	0	0	0	0	0	0	0	0	0
24.60	36020	4	0	0	0	0	0	0	0	0	0
24.70	34616	4	0	0	0	0	0	0	0	0	0
24.80	33243	4	0	0	0	0	0	0	0	0	0
24.90	31902	4	0	0	0	0	0	0	0	0	0
25.00	30592	4	0	0	0	0	0	0	0	0	0
25.10	29314	4	0	0	0	0	0	0	0	0	0
25.20	28066	4	0	0	0	0	0	0	0	0	0
25.30	26849	4	0	0	0	0	0	0	0	0	0
25.40	25663	4	0	0	0	0	0	0	0	0	0
25.50	24507	4	0	0	0	0	0	0	0	0	0
25.60	23382	4	0	0	0	0	0	0	0	0	0
25.70	22286	4	0	0	0	0	0	0	0	0	0
25.80	21220	4	0	0	0	0	0	0	0	0	0
25.90	20184	4	0	0	0	0	0	0	0	0	0
26.00	19177	4	0	0	0	0	0	0	0	0	0
26.10	18199	4	0	0	0	0	0	0	0	0	0
26.20	17251	4	0	0	0	0	0	0	0	0	0
26.30	16331	4	0	0	0	0	0	0	0	0	0
26.40	15439	4	0	0	0	0	0	0	0	0	0
26.50	14576	4	0	0	0	0	0	0	0	0	0
26.60	13742	4	0	0	0	0	0	0	0	0	0
26.70	12935	4	0	0	0	0	0	0	0	0	0
26.80	12155	4	0	0	0	0	0	0	0	0	0
26.90	11403	4	0	0	0	0	0	0	0	0	0
27.00	10679	4	0	0	0	0	0	0	0	0	0
27.10	9981	4	0	0	0	0	0	0	0	0	0
27.20	9310	4	0	0	0	0	0	0	0	0	0
27.30	8665	4	0	0	0	0	0	0	0	0	0
27.40	8047	4	0	0	0	0	0	0	0	0	0
27.50	7454	4	0	0	0	0	0	0	0	0	0
27.60	6887	4	0	0	0	0	0	0	0	0	0
27.70	6346	4	0	0	0	0	0	0	0	0	0
27.80	5829	4	0	0	0	0	0	0	0	0	0
27.90	5338	4	0	0	0	0	0	0	0	0	0
28.00	4871	4	0	0	0	0	0	0	0	0	0
28.10	4428	4	0	0	0	0	0	0	0	0	0
28.20	4008	4	0	0	0	0	0	0	0	0	0
28.30	3613	4	0	0	0	0	0	0	0	0	0
28.40	3240	4	0	0	0	0	0	0	0	0	0
28.50	2891	4	0	0	0	0	0	0	0	0	0
28.60	2564	4	0	0	0	0	0	0	0	0	0
28.70	2259	4	0	0	0	0	0	0	0	0	0
28.80	1976	4	0	0	0	0	0	0	0	0	0
28.90	1714	4	0	0	0	0	0	0	0	0	0
29.00	1473	4	0	0	0	0	0	0	0	0	0
29.10	1253	4	0	0	0	0	0	0	0	0	0
29.20	1053	4	0	0	0	0	0	0	0	0	0
29.30	872	4	0	0	0	0	0	0	0	0	0
29.40	710	4	0	0	0	0	0	0	0	0	0
29.50	567	4	0	0	0	0	0	0	0	0	0
29.60	442	4	0	0	0	0	0	0	0	0	0
29.70	335	4	0	0	0	0	0	0	0	0	0
29.80	244	4	0	0	0	0	0	0	0	0	0
29.90	169	4	0	0	0	0	0	0	0	0	0
30.00	109	4	0	0	0	0	0	0	0	0	0
30.10	64	4	0	0	0	0	0	0	0	0	0
30.20	31	4	0	0	0	0	0	0	0	0	0
30.30	11	4	0	0	0	0	0	0	0	0	0
30.40	2	4	0	0	0	0	0	0	0	0	0
30.48	0	4	0	0	0	0	0	0	0	0	0