-999	"MyLake init"
Z (m)	Az (m2)	Tz (deg C)	Cz	Sz (kg/m3)	TPz (mg/m3)	DOPz (mg/m3)	Chlaz (mg/m3)	DOCz (mg/m3)	TPz_sed (mg/m3)	Chlaz_sed (mg/m3)	"Fvol_IM (m3/m3	 dry w.)"	Hice (m)	Hsnow (m)
0.00	3049332	4	0	0	0	0	0	0	0	0	0	0	0
0.10	3036032	4	0	0	0	0	0	0	0	0	0
0.20	3022719	4	0	0	0	0	0	0	0	0	0
0.30	3009391	4	0	0	0	0	0	0	0	0	0
0.40	2996048	4	0	0	0	0	0	0	0	0	0
0.50	2982691	4	0	0	0	0	0	0	0	0	0
0.60	2969320	4	0	0	0	0	0	0	0	0	0
0.70	2955933	4	0	0	0	0	0	0	0	0	0
0.80	2942532	4	0	0	0	0	0	0	0	0	0
0.90	2929116	4	0	0	0	0	0	0	0	0	0
1.00	2915685	4	0	0	0	0	0	0	0	0	0
1.10	2902238	4	0	0	0	0	0	0	0	0	0
1.20	2888777	4	0	0	0	0	0	0	0	0	0
1.30	2875300	4	0	0	0	0	0	0	0	0	0
1.40	2861807	4	0	0	0	0	0	0	0	0	0
1.50	2848300	4	0	0	0	0	0	0	0	0	0
1.60	2834776	4	0	0	0	0	0	0	0	0	0
1.70	2821237	4	0	0	0	0	0	0	0	0	0
1.80	2807681	4	0	0	0	0	0	0	0	0	0
1.90	2794110	4	0	0	0	0	0	0	0	0	0
2.00	2780522	4	0	0	0	0	0	0	0	0	0
2.10	2766919	4	0	0	0	0	0	0	0	0	0
2.20	2753299	4	0	0	0	0	0	0	0	0	0
2.30	2739662	4	0	0	0	0	0	0	0	0	0
2.40	2726009	4	0	0	0	0	0	0	0	0	0
2.50	2712339	4	0	0	0	0	0	0	0	0	0
2.60	2698652	4	0	0	0	0	0	0	0	0	0
2.70	2684948	4	0	0	0	0	0	0	0	0	0
2.80	2671227	4	0	0	0	0	0	0	0	0	0
2.90	2657489	4	0	0	0	0	0	0	0	0	0
3.00	2643734	4	0	0	0	0	0	0	0	0	0
3.10	2629961	4	0	0	0	0	0	0	0	0	0
3.20	2616170	4	0	0	0	0	0	0	0	0	0
3.30	2602361	4	0	0	0	0	0	0	0	0	0
3.40	2588535	4	0	0	0	0	0	0	0	0	0
3.50	2574691	4	0	0	0	0	0	0	0	0	0
3.60	2560828	4	0	0	0	0	0	0	0	0	0
3.70	2546947	4	0	0	0	0	0	0	0	0	0
3.80	2533047	4	0	0	0	0	0	0	0	0	0
3.90	2519129	4	0	0	0	0	0	0	0	0	0
4.00	2505192	4	0	0	0	0	0	0	0	0	0
4.10	2491236	4	0	0	0	0	0	0	0	0	0
4.20	2477260	4	0	0	0	0	0	0	0	0	0
4.30	2463266	4	0	0	0	0	0	0	0	0	0
4.40	2449252	4	0	0	0	0	0	0	0	0	0
4.50	2435218	4	0	0	0	0	0	0	0	0	0
4.60	2421165	4	0	0	0	0	0	0	0	0	0
4.70	2407091	4	0	0	0	0	0	0	0	0	0
4.80	2392998	4	0	0	0	0	0	0	0	0	0
4.90	2378884	4	0	0	0	0	0	0	0	0	0
5.00	2364750	4	0	0	0	0	0	0	0	0	0
5.10	2350595	4	0	0	0	0	0	0	0	0	0
5.20	2336419	4	0	0	0	0	0	0	0	0	0
5.30	2322222	4	0	0	0	0	0	0	0	0	0
5.40	2308004	4	0	0	0	0	0	0	0	0	0
5.50	2293764	4	0	0	0	0	0	0	0	0	0
5.60	2279503	4	0	0	0	0	0	0	0	0	0
5.70	2265219	4	0	0	0	0	0	0	0	0	0
5.80	2250914	4	0	0	0	0	0	0	0	0	0
5.90	2236587	4	0	0	0	0	0	0	0	0	0
6.00	2222237	4	0	0	0	0	0	0	0	0	0
6.10	2207864	4	0	0	0	0	0	0	0	0	0
6.20	2193469	4	0	0	0	0	0	0	0	0	0
6.30	2179050	4	0	0	0	0	0	0	0	0	0
6.40	2164608	4	0	0	0	0	0	0	0	0	0
6.50	2150143	4	0	0	0	0	0	0	0	0	0
6.60	2135653	4	0	0	0	0	0	0	0	0	0
6.70	2121140	4	0	0	0	0	0	0	0	0	0
6.80	2106602	4	0	0	0	0	0	0	0	0	0
6.90	2092039	4	0	0	0	0	0	0	0	0	0
7.00	2077452	4	0	0	0	0	0	0	0	0	0
7.10	2062840	4	0	0	0	0	0	0	0	0	0
7.20	2048202	4	0	0	0	0	0	0	0	0	0
7.30	2033539	4	0	0	0	0	0	0	0	0	0
7.40	2018850	4	0	0	0	0	0	0	0	0	0
7.50	2004135	4	0	0	0	0	0	0	0	0	0
7.60	1989393	4	0	0	0	0	0	0	0	0	0
7.70	1974624	4	0	0	0	0	0	0	0	0	0
7.80	1959829	4	0	0	0	0	0	0	0	0	0
7.90	1945006	4	0	0	0	0	0	0	0	0	0
8.00	1930155	4	0	0	0	0	0	0	0	0	0
8.10	1915277	4	0	0	0	0	0	0	0	0	0
8.20	1900370	4	0	0	0	0	0	0	0	0	0
8.30	1885434	4	0	0	0	0	0	0	0	0	0
8.40	1870470	4	0	0	0	0	0	0	0	0	0
8.50	1855476	4	0	0	0	0	0	0	0	0	0
8.60	1840452	4	0	0	0	0	0	0	0	0	0
8.70	1825399	4	0	0	0	0	0	0	0	0	0
8.80	1810315	4	0	0	0	0	0	0	0	0	0
8.90	1795200	4	0	0	0	0	0	0	0	0	0
9.00	1780054	4	0	0	0	0	0	0	0	0	0
9.10	1764877	4	0	0	0	0	0	0	0	0	0
9.20	1749667	4	0	0	0	0	0	0	0	0	0
9.30	1734425	4	0	0	0	0	0	0	0	0	0
9.40	1719151	4	0	0	0	0	0	0	0	0	0
9.50	1703843	4	0	0	0	0	0	0	0	0	0
9.60	1688501	4	0	0	0	0	0	0	0	0	0
9.70	1673125	4	0	0	0	0	0	0	0	0	0
9.80	1657715	4	0	0	0	0	0	0	0	0	0
9.90	1642269	4	0	0	0	0	0	0	0	0	0
10.00	1626788	4	0	0	0	0	0	0	0	0	0
10.10	1611271	4	0	0	0	0	0	0	0	0	0
10.20	1595717	4	0	0	0	0	0	0	0	0	0
10.30	1580126	4	0	0	0	0	0	0	0	0	0
10.40	1564498	4	0	0	0	0	0	0	0	0	0
10.50	1548831	4	0	0	0	0	0	0	0	0	0
10.60	1533125	4	0	0	0	0	0	0	0	0	0
10.70	1517380	4	0	0	0	0	0	0	0	0	0
10.80	1501595	4	0	0	0	0	0	0	0	0	0
10.90	1485769	4	0	0	0	0	0	0	0	0	0
11.00	1469902	4	0	0	0	0	0	0	0	0	0
11.10	1453992	4	0	0	0	0	0	0	0	0	0
11.20	1438041	4	0	0	0	0	0	0	0	0	0
11.30	1422045	4	0	0	0	0	0	0	0	0	0
11.40	1406006	4	0	0	0	0	0	0	0	0	0
11.50	1389922	4	0	0	0	0	0	0	0	0	0
11.60	1373792	4	0	0	0	0	0	0	0	0	0
11.70	1357616	4	0	0	0	0	0	0	0	0	0
11.80	1341392	4	0	0	0	0	0	0	0	0	0
11.90	1325121	4	0	0	0	0	0	0	0	0	0
12.00	1308800	4	0	0	0	0	0	0	0	0	0
12.10	1292430	4	0	0	0	0	0	0	0	0	0
12.20	1276008	4	0	0	0	0	0	0	0	0	0
12.30	1259535	4	0	0	0	0	0	0	0	0	0
12.40	1243009	4	0	0	0	0	0	0	0	0	0
12.50	1226429	4	0	0	0	0	0	0	0	0	0
12.60	1209794	4	0	0	0	0	0	0	0	0	0
12.70	1193103	4	0	0	0	0	0	0	0	0	0
12.80	1176355	4	0	0	0	0	0	0	0	0	0
12.90	1159548	4	0	0	0	0	0	0	0	0	0
13.00	1142682	4	0	0	0	0	0	0	0	0	0
13.10	1125754	4	0	0	0	0	0	0	0	0	0
13.20	1108764	4	0	0	0	0	0	0	0	0	0
13.30	1091710	4	0	0	0	0	0	0	0	0	0
13.40	1074591	4	0	0	0	0	0	0	0	0	0
13.50	1057405	4	0	0	0	0	0	0	0	0	0
13.60	1040150	4	0	0	0	0	0	0	0	0	0
13.70	1022825	4	0	0	0	0	0	0	0	0	0
13.80	1005428	4	0	0	0	0	0	0	0	0	0
13.90	987957	4	0	0	0	0	0	0	0	0	0
14.00	970410	4	0	0	0	0	0	0	0	0	0
14.10	952785	4	0	0	0	0	0	0	0	0	0
14.20	935080	4	0	0	0	0	0	0	0	0	0
14.30	917293	4	0	0	0	0	0	0	0	0	0
14.40	899421	4	0	0	0	0	0	0	0	0	0
14.50	881462	4	0	0	0	0	0	0	0	0	0
14.60	863413	4	0	0	0	0	0	0	0	0	0
14.70	845271	4	0	0	0	0	0	0	0	0	0
14.80	827034	4	0	0	0	0	0	0	0	0	0
14.90	808697	4	0	0	0	0	0	0	0	0	0
15.00	790259	4	0	0	0	0	0	0	0	0	0
15.10	771714	4	0	0	0	0	0	0	0	0	0
15.20	753060	4	0	0	0	0	0	0	0	0	0
15.30	734293	4	0	0	0	0	0	0	0	0	0
15.40	715407	4	0	0	0	0	0	0	0	0	0
15.50	696399	4	0	0	0	0	0	0	0	0	0
15.60	677263	4	0	0	0	0	0	0	0	0	0
15.70	657994	4	0	0	0	0	0	0	0	0	0
15.80	638586	4	0	0	0	0	0	0	0	0	0
15.90	619033	4	0	0	0	0	0	0	0	0	0
16.00	599327	4	0	0	0	0	0	0	0	0	0
16.10	579462	4	0	0	0	0	0	0	0	0	0
16.20	559429	4	0	0	0	0	0	0	0	0	0
16.30	539218	4	0	0	0	0	0	0	0	0	0
16.40	518821	4	0	0	0	0	0	0	0	0	0
16.50	498226	4	0	0	0	0	0	0	0	0	0
16.60	477421	4	0	0	0	0	0	0	0	0	0
16.70	456391	4	0	0	0	0	0	0	0	0	0
16.80	435122	4	0	0	0	0	0	0	0	0	0
16.90	413596	4	0	0	0	0	0	0	0	0	0
17.00	391791	4	0	0	0	0	0	0	0	0	0
17.10	369686	4	0	0	0	0	0	0	0	0	0
17.20	347253	4	0	0	0	0	0	0	0	0	0
17.30	324459	4	0	0	0	0	0	0	0	0	0
17.40	301267	4	0	0	0	0	0	0	0	0	0
17.50	277629	4	0	0	0	0	0	0	0	0	0
17.60	253488	4	0	0	0	0	0	0	0	0	0
17.70	228770	4	0	0	0	0	0	0	0	0	0
17.80	203379	4	0	0	0	0	0	0	0	0	0
17.90	177187	4	0	0	0	0	0	0	0	0	0
18.00	150006	4	0	0	0	0	0	0	0	0	0
18.10	121556	4	0	0	0	0	0	0	0	0	0
18.20	91353	4	0	0	0	0	0	0	0	0	0
18.30	58408	4	0	0	0	0	0	0	0	0	0
18.40	19496	4	0	0	0	0	0	0	0	0	0
18.43	0	4	0	0	0	0	0	0	0	0	0