-999	"MyLake init"
Z (m)	Az (m2)	Tz (deg C)	Cz	Sz (kg/m3)	TPz (mg/m3)	DOPz (mg/m3)	Chlaz (mg/m3)	DOCz (mg/m3)	TPz_sed (mg/m3)	Chlaz_sed (mg/m3)	"Fvol_IM (m3/m3	 dry w.)"	Hice (m)	Hsnow (m)
0.00	39631198	4	0	0	0	0	0	0	0	0	0	0	0
0.10	39414939	4	0	0	0	0	0	0	0	0	0
0.20	39199756	4	0	0	0	0	0	0	0	0	0
0.30	38985645	4	0	0	0	0	0	0	0	0	0
0.40	38772601	4	0	0	0	0	0	0	0	0	0
0.50	38560618	4	0	0	0	0	0	0	0	0	0
0.60	38349694	4	0	0	0	0	0	0	0	0	0
0.70	38139821	4	0	0	0	0	0	0	0	0	0
0.80	37930996	4	0	0	0	0	0	0	0	0	0
0.90	37723215	4	0	0	0	0	0	0	0	0	0
1.00	37516472	4	0	0	0	0	0	0	0	0	0
1.10	37310762	4	0	0	0	0	0	0	0	0	0
1.20	37106081	4	0	0	0	0	0	0	0	0	0
1.30	36902425	4	0	0	0	0	0	0	0	0	0
1.40	36699788	4	0	0	0	0	0	0	0	0	0
1.50	36498166	4	0	0	0	0	0	0	0	0	0
1.60	36297555	4	0	0	0	0	0	0	0	0	0
1.70	36097950	4	0	0	0	0	0	0	0	0	0
1.80	35899346	4	0	0	0	0	0	0	0	0	0
1.90	35701739	4	0	0	0	0	0	0	0	0	0
2.00	35505124	4	0	0	0	0	0	0	0	0	0
2.10	35309497	4	0	0	0	0	0	0	0	0	0
2.20	35114853	4	0	0	0	0	0	0	0	0	0
2.30	34921188	4	0	0	0	0	0	0	0	0	0
2.40	34728497	4	0	0	0	0	0	0	0	0	0
2.50	34536776	4	0	0	0	0	0	0	0	0	0
2.60	34346021	4	0	0	0	0	0	0	0	0	0
2.70	34156227	4	0	0	0	0	0	0	0	0	0
2.80	33967390	4	0	0	0	0	0	0	0	0	0
2.90	33779505	4	0	0	0	0	0	0	0	0	0
3.00	33592568	4	0	0	0	0	0	0	0	0	0
3.10	33406575	4	0	0	0	0	0	0	0	0	0
3.20	33221521	4	0	0	0	0	0	0	0	0	0
3.30	33037402	4	0	0	0	0	0	0	0	0	0
3.40	32854215	4	0	0	0	0	0	0	0	0	0
3.50	32671954	4	0	0	0	0	0	0	0	0	0
3.60	32490615	4	0	0	0	0	0	0	0	0	0
3.70	32310194	4	0	0	0	0	0	0	0	0	0
3.80	32130688	4	0	0	0	0	0	0	0	0	0
3.90	31952091	4	0	0	0	0	0	0	0	0	0
4.00	31774400	4	0	0	0	0	0	0	0	0	0
4.10	31597610	4	0	0	0	0	0	0	0	0	0
4.20	31421718	4	0	0	0	0	0	0	0	0	0
4.30	31246718	4	0	0	0	0	0	0	0	0	0
4.40	31072608	4	0	0	0	0	0	0	0	0	0
4.50	30899383	4	0	0	0	0	0	0	0	0	0
4.60	30727039	4	0	0	0	0	0	0	0	0	0
4.70	30555572	4	0	0	0	0	0	0	0	0	0
4.80	30384978	4	0	0	0	0	0	0	0	0	0
4.90	30215252	4	0	0	0	0	0	0	0	0	0
5.00	30046392	4	0	0	0	0	0	0	0	0	0
5.10	29878392	4	0	0	0	0	0	0	0	0	0
5.20	29711249	4	0	0	0	0	0	0	0	0	0
5.30	29544959	4	0	0	0	0	0	0	0	0	0
5.40	29379519	4	0	0	0	0	0	0	0	0	0
5.50	29214923	4	0	0	0	0	0	0	0	0	0
5.60	29051169	4	0	0	0	0	0	0	0	0	0
5.70	28888251	4	0	0	0	0	0	0	0	0	0
5.80	28726168	4	0	0	0	0	0	0	0	0	0
5.90	28564914	4	0	0	0	0	0	0	0	0	0
6.00	28404486	4	0	0	0	0	0	0	0	0	0
6.10	28244879	4	0	0	0	0	0	0	0	0	0
6.20	28086091	4	0	0	0	0	0	0	0	0	0
6.30	27928117	4	0	0	0	0	0	0	0	0	0
6.40	27770954	4	0	0	0	0	0	0	0	0	0
6.50	27614598	4	0	0	0	0	0	0	0	0	0
6.60	27459044	4	0	0	0	0	0	0	0	0	0
6.70	27304290	4	0	0	0	0	0	0	0	0	0
6.80	27150332	4	0	0	0	0	0	0	0	0	0
6.90	26997165	4	0	0	0	0	0	0	0	0	0
7.00	26844787	4	0	0	0	0	0	0	0	0	0
7.10	26693194	4	0	0	0	0	0	0	0	0	0
7.20	26542381	4	0	0	0	0	0	0	0	0	0
7.30	26392346	4	0	0	0	0	0	0	0	0	0
7.40	26243084	4	0	0	0	0	0	0	0	0	0
7.50	26094593	4	0	0	0	0	0	0	0	0	0
7.60	25946868	4	0	0	0	0	0	0	0	0	0
7.70	25799905	4	0	0	0	0	0	0	0	0	0
7.80	25653703	4	0	0	0	0	0	0	0	0	0
7.90	25508256	4	0	0	0	0	0	0	0	0	0
8.00	25363561	4	0	0	0	0	0	0	0	0	0
8.10	25219615	4	0	0	0	0	0	0	0	0	0
8.20	25076414	4	0	0	0	0	0	0	0	0	0
8.30	24933955	4	0	0	0	0	0	0	0	0	0
8.40	24792235	4	0	0	0	0	0	0	0	0	0
8.50	24651249	4	0	0	0	0	0	0	0	0	0
8.60	24510995	4	0	0	0	0	0	0	0	0	0
8.70	24371468	4	0	0	0	0	0	0	0	0	0
8.80	24232666	4	0	0	0	0	0	0	0	0	0
8.90	24094586	4	0	0	0	0	0	0	0	0	0
9.00	23957223	4	0	0	0	0	0	0	0	0	0
9.10	23820574	4	0	0	0	0	0	0	0	0	0
9.20	23684637	4	0	0	0	0	0	0	0	0	0
9.30	23549407	4	0	0	0	0	0	0	0	0	0
9.40	23414881	4	0	0	0	0	0	0	0	0	0
9.50	23281057	4	0	0	0	0	0	0	0	0	0
9.60	23147930	4	0	0	0	0	0	0	0	0	0
9.70	23015498	4	0	0	0	0	0	0	0	0	0
9.80	22883757	4	0	0	0	0	0	0	0	0	0
9.90	22752704	4	0	0	0	0	0	0	0	0	0
10.00	22622336	4	0	0	0	0	0	0	0	0	0
10.10	22492649	4	0	0	0	0	0	0	0	0	0
10.20	22363640	4	0	0	0	0	0	0	0	0	0
10.30	22235306	4	0	0	0	0	0	0	0	0	0
10.40	22107644	4	0	0	0	0	0	0	0	0	0
10.50	21980651	4	0	0	0	0	0	0	0	0	0
10.60	21854323	4	0	0	0	0	0	0	0	0	0
10.70	21728658	4	0	0	0	0	0	0	0	0	0
10.80	21603652	4	0	0	0	0	0	0	0	0	0
10.90	21479302	4	0	0	0	0	0	0	0	0	0
11.00	21355604	4	0	0	0	0	0	0	0	0	0
11.10	21232557	4	0	0	0	0	0	0	0	0	0
11.20	21110157	4	0	0	0	0	0	0	0	0	0
11.30	20988400	4	0	0	0	0	0	0	0	0	0
11.40	20867284	4	0	0	0	0	0	0	0	0	0
11.50	20746805	4	0	0	0	0	0	0	0	0	0
11.60	20626961	4	0	0	0	0	0	0	0	0	0
11.70	20507749	4	0	0	0	0	0	0	0	0	0
11.80	20389165	4	0	0	0	0	0	0	0	0	0
11.90	20271206	4	0	0	0	0	0	0	0	0	0
12.00	20153870	4	0	0	0	0	0	0	0	0	0
12.10	20037154	4	0	0	0	0	0	0	0	0	0
12.20	19921054	4	0	0	0	0	0	0	0	0	0
12.30	19805569	4	0	0	0	0	0	0	0	0	0
12.40	19690693	4	0	0	0	0	0	0	0	0	0
12.50	19576426	4	0	0	0	0	0	0	0	0	0
12.60	19462764	4	0	0	0	0	0	0	0	0	0
12.70	19349703	4	0	0	0	0	0	0	0	0	0
12.80	19237242	4	0	0	0	0	0	0	0	0	0
12.90	19125377	4	0	0	0	0	0	0	0	0	0
13.00	19014106	4	0	0	0	0	0	0	0	0	0
13.10	18903425	4	0	0	0	0	0	0	0	0	0
13.20	18793332	4	0	0	0	0	0	0	0	0	0
13.30	18683823	4	0	0	0	0	0	0	0	0	0
13.40	18574897	4	0	0	0	0	0	0	0	0	0
13.50	18466550	4	0	0	0	0	0	0	0	0	0
13.60	18358780	4	0	0	0	0	0	0	0	0	0
13.70	18251584	4	0	0	0	0	0	0	0	0	0
13.80	18144958	4	0	0	0	0	0	0	0	0	0
13.90	18038901	4	0	0	0	0	0	0	0	0	0
14.00	17933409	4	0	0	0	0	0	0	0	0	0
14.10	17828480	4	0	0	0	0	0	0	0	0	0
14.20	17724112	4	0	0	0	0	0	0	0	0	0
14.30	17620300	4	0	0	0	0	0	0	0	0	0
14.40	17517043	4	0	0	0	0	0	0	0	0	0
14.50	17414339	4	0	0	0	0	0	0	0	0	0
14.60	17312183	4	0	0	0	0	0	0	0	0	0
14.70	17210575	4	0	0	0	0	0	0	0	0	0
14.80	17109510	4	0	0	0	0	0	0	0	0	0
14.90	17008987	4	0	0	0	0	0	0	0	0	0
15.00	16909002	4	0	0	0	0	0	0	0	0	0
15.10	16809554	4	0	0	0	0	0	0	0	0	0
15.20	16710639	4	0	0	0	0	0	0	0	0	0
15.30	16612256	4	0	0	0	0	0	0	0	0	0
15.40	16514400	4	0	0	0	0	0	0	0	0	0
15.50	16417071	4	0	0	0	0	0	0	0	0	0
15.60	16320265	4	0	0	0	0	0	0	0	0	0
15.70	16223979	4	0	0	0	0	0	0	0	0	0
15.80	16128212	4	0	0	0	0	0	0	0	0	0
15.90	16032961	4	0	0	0	0	0	0	0	0	0
16.00	15938223	4	0	0	0	0	0	0	0	0	0
16.10	15843995	4	0	0	0	0	0	0	0	0	0
16.20	15750276	4	0	0	0	0	0	0	0	0	0
16.30	15657062	4	0	0	0	0	0	0	0	0	0
16.40	15564352	4	0	0	0	0	0	0	0	0	0
16.50	15472143	4	0	0	0	0	0	0	0	0	0
16.60	15380431	4	0	0	0	0	0	0	0	0	0
16.70	15289216	4	0	0	0	0	0	0	0	0	0
16.80	15198494	4	0	0	0	0	0	0	0	0	0
16.90	15108264	4	0	0	0	0	0	0	0	0	0
17.00	15018522	4	0	0	0	0	0	0	0	0	0
17.10	14929266	4	0	0	0	0	0	0	0	0	0
17.20	14840495	4	0	0	0	0	0	0	0	0	0
17.30	14752205	4	0	0	0	0	0	0	0	0	0
17.40	14664394	4	0	0	0	0	0	0	0	0	0
17.50	14577059	4	0	0	0	0	0	0	0	0	0
17.60	14490200	4	0	0	0	0	0	0	0	0	0
17.70	14403812	4	0	0	0	0	0	0	0	0	0
17.80	14317895	4	0	0	0	0	0	0	0	0	0
17.90	14232445	4	0	0	0	0	0	0	0	0	0
18.00	14147460	4	0	0	0	0	0	0	0	0	0
18.10	14062938	4	0	0	0	0	0	0	0	0	0
18.20	13978877	4	0	0	0	0	0	0	0	0	0
18.30	13895274	4	0	0	0	0	0	0	0	0	0
18.40	13812127	4	0	0	0	0	0	0	0	0	0
18.50	13729434	4	0	0	0	0	0	0	0	0	0
18.60	13647193	4	0	0	0	0	0	0	0	0	0
18.70	13565402	4	0	0	0	0	0	0	0	0	0
18.80	13484057	4	0	0	0	0	0	0	0	0	0
18.90	13403158	4	0	0	0	0	0	0	0	0	0
19.00	13322701	4	0	0	0	0	0	0	0	0	0
19.10	13242685	4	0	0	0	0	0	0	0	0	0
19.20	13163107	4	0	0	0	0	0	0	0	0	0
19.30	13083966	4	0	0	0	0	0	0	0	0	0
19.40	13005258	4	0	0	0	0	0	0	0	0	0
19.50	12926983	4	0	0	0	0	0	0	0	0	0
19.60	12849137	4	0	0	0	0	0	0	0	0	0
19.70	12771719	4	0	0	0	0	0	0	0	0	0
19.80	12694727	4	0	0	0	0	0	0	0	0	0
19.90	12618158	4	0	0	0	0	0	0	0	0	0
20.00	12542010	4	0	0	0	0	0	0	0	0	0
20.10	12466282	4	0	0	0	0	0	0	0	0	0
20.20	12390971	4	0	0	0	0	0	0	0	0	0
20.30	12316074	4	0	0	0	0	0	0	0	0	0
20.40	12241591	4	0	0	0	0	0	0	0	0	0
20.50	12167519	4	0	0	0	0	0	0	0	0	0
20.60	12093855	4	0	0	0	0	0	0	0	0	0
20.70	12020599	4	0	0	0	0	0	0	0	0	0
20.80	11947747	4	0	0	0	0	0	0	0	0	0
20.90	11875298	4	0	0	0	0	0	0	0	0	0
21.00	11803250	4	0	0	0	0	0	0	0	0	0
21.10	11731601	4	0	0	0	0	0	0	0	0	0
21.20	11660348	4	0	0	0	0	0	0	0	0	0
21.30	11589490	4	0	0	0	0	0	0	0	0	0
21.40	11519025	4	0	0	0	0	0	0	0	0	0
21.50	11448951	4	0	0	0	0	0	0	0	0	0
21.60	11379266	4	0	0	0	0	0	0	0	0	0
21.70	11309968	4	0	0	0	0	0	0	0	0	0
21.80	11241054	4	0	0	0	0	0	0	0	0	0
21.90	11172524	4	0	0	0	0	0	0	0	0	0
22.00	11104375	4	0	0	0	0	0	0	0	0	0
22.10	11036605	4	0	0	0	0	0	0	0	0	0
22.20	10969213	4	0	0	0	0	0	0	0	0	0
22.30	10902196	4	0	0	0	0	0	0	0	0	0
22.40	10835552	4	0	0	0	0	0	0	0	0	0
22.50	10769280	4	0	0	0	0	0	0	0	0	0
22.60	10703378	4	0	0	0	0	0	0	0	0	0
22.70	10637844	4	0	0	0	0	0	0	0	0	0
22.80	10572676	4	0	0	0	0	0	0	0	0	0
22.90	10507872	4	0	0	0	0	0	0	0	0	0
23.00	10443430	4	0	0	0	0	0	0	0	0	0
23.10	10379349	4	0	0	0	0	0	0	0	0	0
23.20	10315627	4	0	0	0	0	0	0	0	0	0
23.30	10252262	4	0	0	0	0	0	0	0	0	0
23.40	10189252	4	0	0	0	0	0	0	0	0	0
23.50	10126595	4	0	0	0	0	0	0	0	0	0
23.60	10064289	4	0	0	0	0	0	0	0	0	0
23.70	10002333	4	0	0	0	0	0	0	0	0	0
23.80	9940725	4	0	0	0	0	0	0	0	0	0
23.90	9879464	4	0	0	0	0	0	0	0	0	0
24.00	9818547	4	0	0	0	0	0	0	0	0	0
24.10	9757972	4	0	0	0	0	0	0	0	0	0
24.20	9697738	4	0	0	0	0	0	0	0	0	0
24.30	9637844	4	0	0	0	0	0	0	0	0	0
24.40	9578287	4	0	0	0	0	0	0	0	0	0
24.50	9519066	4	0	0	0	0	0	0	0	0	0
24.60	9460179	4	0	0	0	0	0	0	0	0	0
24.70	9401624	4	0	0	0	0	0	0	0	0	0
24.80	9343400	4	0	0	0	0	0	0	0	0	0
24.90	9285505	4	0	0	0	0	0	0	0	0	0
25.00	9227937	4	0	0	0	0	0	0	0	0	0
25.10	9170694	4	0	0	0	0	0	0	0	0	0
25.20	9113776	4	0	0	0	0	0	0	0	0	0
25.30	9057180	4	0	0	0	0	0	0	0	0	0
25.40	9000905	4	0	0	0	0	0	0	0	0	0
25.50	8944948	4	0	0	0	0	0	0	0	0	0
25.60	8889309	4	0	0	0	0	0	0	0	0	0
25.70	8833986	4	0	0	0	0	0	0	0	0	0
25.80	8778977	4	0	0	0	0	0	0	0	0	0
25.90	8724280	4	0	0	0	0	0	0	0	0	0
26.00	8669894	4	0	0	0	0	0	0	0	0	0
26.10	8615817	4	0	0	0	0	0	0	0	0	0
26.20	8562049	4	0	0	0	0	0	0	0	0	0
26.30	8508586	4	0	0	0	0	0	0	0	0	0
26.40	8455428	4	0	0	0	0	0	0	0	0	0
26.50	8402573	4	0	0	0	0	0	0	0	0	0
26.60	8350019	4	0	0	0	0	0	0	0	0	0
26.70	8297765	4	0	0	0	0	0	0	0	0	0
26.80	8245810	4	0	0	0	0	0	0	0	0	0
26.90	8194151	4	0	0	0	0	0	0	0	0	0
27.00	8142787	4	0	0	0	0	0	0	0	0	0
27.10	8091718	4	0	0	0	0	0	0	0	0	0
27.20	8040940	4	0	0	0	0	0	0	0	0	0
27.30	7990453	4	0	0	0	0	0	0	0	0	0
27.40	7940256	4	0	0	0	0	0	0	0	0	0
27.50	7890346	4	0	0	0	0	0	0	0	0	0
27.60	7840722	4	0	0	0	0	0	0	0	0	0
27.70	7791383	4	0	0	0	0	0	0	0	0	0
27.80	7742327	4	0	0	0	0	0	0	0	0	0
27.90	7693553	4	0	0	0	0	0	0	0	0	0
28.00	7645059	4	0	0	0	0	0	0	0	0	0
28.10	7596845	4	0	0	0	0	0	0	0	0	0
28.20	7548907	4	0	0	0	0	0	0	0	0	0
28.30	7501246	4	0	0	0	0	0	0	0	0	0
28.40	7453859	4	0	0	0	0	0	0	0	0	0
28.50	7406745	4	0	0	0	0	0	0	0	0	0
28.60	7359903	4	0	0	0	0	0	0	0	0	0
28.70	7313331	4	0	0	0	0	0	0	0	0	0
28.80	7267028	4	0	0	0	0	0	0	0	0	0
28.90	7220992	4	0	0	0	0	0	0	0	0	0
29.00	7175223	4	0	0	0	0	0	0	0	0	0
29.10	7129718	4	0	0	0	0	0	0	0	0	0
29.20	7084476	4	0	0	0	0	0	0	0	0	0
29.30	7039497	4	0	0	0	0	0	0	0	0	0
29.40	6994778	4	0	0	0	0	0	0	0	0	0
29.50	6950318	4	0	0	0	0	0	0	0	0	0
29.60	6906116	4	0	0	0	0	0	0	0	0	0
29.70	6862170	4	0	0	0	0	0	0	0	0	0
29.80	6818479	4	0	0	0	0	0	0	0	0	0
29.90	6775043	4	0	0	0	0	0	0	0	0	0
30.00	6731858	4	0	0	0	0	0	0	0	0	0
30.10	6688925	4	0	0	0	0	0	0	0	0	0
30.20	6646242	4	0	0	0	0	0	0	0	0	0
30.30	6603807	4	0	0	0	0	0	0	0	0	0
30.40	6561619	4	0	0	0	0	0	0	0	0	0
30.50	6519677	4	0	0	0	0	0	0	0	0	0
30.60	6477980	4	0	0	0	0	0	0	0	0	0
30.70	6436526	4	0	0	0	0	0	0	0	0	0
30.80	6395314	4	0	0	0	0	0	0	0	0	0
30.90	6354343	4	0	0	0	0	0	0	0	0	0
31.00	6313611	4	0	0	0	0	0	0	0	0	0
31.10	6273118	4	0	0	0	0	0	0	0	0	0
31.20	6232861	4	0	0	0	0	0	0	0	0	0
31.30	6192840	4	0	0	0	0	0	0	0	0	0
31.40	6153054	4	0	0	0	0	0	0	0	0	0
31.50	6113500	4	0	0	0	0	0	0	0	0	0
31.60	6074179	4	0	0	0	0	0	0	0	0	0
31.70	6035089	4	0	0	0	0	0	0	0	0	0
31.80	5996228	4	0	0	0	0	0	0	0	0	0
31.90	5957595	4	0	0	0	0	0	0	0	0	0
32.00	5919189	4	0	0	0	0	0	0	0	0	0
32.10	5881009	4	0	0	0	0	0	0	0	0	0
32.20	5843054	4	0	0	0	0	0	0	0	0	0
32.30	5805322	4	0	0	0	0	0	0	0	0	0
32.40	5767813	4	0	0	0	0	0	0	0	0	0
32.50	5730525	4	0	0	0	0	0	0	0	0	0
32.60	5693456	4	0	0	0	0	0	0	0	0	0
32.70	5656607	4	0	0	0	0	0	0	0	0	0
32.80	5619975	4	0	0	0	0	0	0	0	0	0
32.90	5583559	4	0	0	0	0	0	0	0	0	0
33.00	5547359	4	0	0	0	0	0	0	0	0	0
33.10	5511373	4	0	0	0	0	0	0	0	0	0
33.20	5475600	4	0	0	0	0	0	0	0	0	0
33.30	5440038	4	0	0	0	0	0	0	0	0	0
33.40	5404688	4	0	0	0	0	0	0	0	0	0
33.50	5369547	4	0	0	0	0	0	0	0	0	0
33.60	5334614	4	0	0	0	0	0	0	0	0	0
33.70	5299889	4	0	0	0	0	0	0	0	0	0
33.80	5265370	4	0	0	0	0	0	0	0	0	0
33.90	5231056	4	0	0	0	0	0	0	0	0	0
34.00	5196946	4	0	0	0	0	0	0	0	0	0
34.10	5163039	4	0	0	0	0	0	0	0	0	0
34.20	5129334	4	0	0	0	0	0	0	0	0	0
34.30	5095829	4	0	0	0	0	0	0	0	0	0
34.40	5062524	4	0	0	0	0	0	0	0	0	0
34.50	5029418	4	0	0	0	0	0	0	0	0	0
34.60	4996510	4	0	0	0	0	0	0	0	0	0
34.70	4963797	4	0	0	0	0	0	0	0	0	0
34.80	4931281	4	0	0	0	0	0	0	0	0	0
34.90	4898958	4	0	0	0	0	0	0	0	0	0
35.00	4866829	4	0	0	0	0	0	0	0	0	0
35.10	4834892	4	0	0	0	0	0	0	0	0	0
35.20	4803146	4	0	0	0	0	0	0	0	0	0
35.30	4771591	4	0	0	0	0	0	0	0	0	0
35.40	4740224	4	0	0	0	0	0	0	0	0	0
35.50	4709046	4	0	0	0	0	0	0	0	0	0
35.60	4678054	4	0	0	0	0	0	0	0	0	0
35.70	4647249	4	0	0	0	0	0	0	0	0	0
35.80	4616629	4	0	0	0	0	0	0	0	0	0
35.90	4586193	4	0	0	0	0	0	0	0	0	0
36.00	4555940	4	0	0	0	0	0	0	0	0	0
36.10	4525869	4	0	0	0	0	0	0	0	0	0
36.20	4495979	4	0	0	0	0	0	0	0	0	0
36.30	4466270	4	0	0	0	0	0	0	0	0	0
36.40	4436739	4	0	0	0	0	0	0	0	0	0
36.50	4407387	4	0	0	0	0	0	0	0	0	0
36.60	4378211	4	0	0	0	0	0	0	0	0	0
36.70	4349212	4	0	0	0	0	0	0	0	0	0
36.80	4320388	4	0	0	0	0	0	0	0	0	0
36.90	4291739	4	0	0	0	0	0	0	0	0	0
37.00	4263262	4	0	0	0	0	0	0	0	0	0
37.10	4234959	4	0	0	0	0	0	0	0	0	0
37.20	4206826	4	0	0	0	0	0	0	0	0	0
37.30	4178864	4	0	0	0	0	0	0	0	0	0
37.40	4151072	4	0	0	0	0	0	0	0	0	0
37.50	4123448	4	0	0	0	0	0	0	0	0	0
37.60	4095992	4	0	0	0	0	0	0	0	0	0
37.70	4068703	4	0	0	0	0	0	0	0	0	0
37.80	4041579	4	0	0	0	0	0	0	0	0	0
37.90	4014621	4	0	0	0	0	0	0	0	0	0
38.00	3987827	4	0	0	0	0	0	0	0	0	0
38.10	3961195	4	0	0	0	0	0	0	0	0	0
38.20	3934727	4	0	0	0	0	0	0	0	0	0
38.30	3908419	4	0	0	0	0	0	0	0	0	0
38.40	3882272	4	0	0	0	0	0	0	0	0	0
38.50	3856284	4	0	0	0	0	0	0	0	0	0
38.60	3830455	4	0	0	0	0	0	0	0	0	0
38.70	3804785	4	0	0	0	0	0	0	0	0	0
38.80	3779271	4	0	0	0	0	0	0	0	0	0
38.90	3753913	4	0	0	0	0	0	0	0	0	0
39.00	3728710	4	0	0	0	0	0	0	0	0	0
39.10	3703662	4	0	0	0	0	0	0	0	0	0
39.20	3678767	4	0	0	0	0	0	0	0	0	0
39.30	3654025	4	0	0	0	0	0	0	0	0	0
39.40	3629434	4	0	0	0	0	0	0	0	0	0
39.50	3604995	4	0	0	0	0	0	0	0	0	0
39.60	3580706	4	0	0	0	0	0	0	0	0	0
39.70	3556566	4	0	0	0	0	0	0	0	0	0
39.80	3532574	4	0	0	0	0	0	0	0	0	0
39.90	3508731	4	0	0	0	0	0	0	0	0	0
40.00	3485034	4	0	0	0	0	0	0	0	0	0
40.10	3461483	4	0	0	0	0	0	0	0	0	0
40.20	3438077	4	0	0	0	0	0	0	0	0	0
40.30	3414816	4	0	0	0	0	0	0	0	0	0
40.40	3391698	4	0	0	0	0	0	0	0	0	0
40.50	3368723	4	0	0	0	0	0	0	0	0	0
40.60	3345890	4	0	0	0	0	0	0	0	0	0
40.70	3323198	4	0	0	0	0	0	0	0	0	0
40.80	3300647	4	0	0	0	0	0	0	0	0	0
40.90	3278235	4	0	0	0	0	0	0	0	0	0
41.00	3255962	4	0	0	0	0	0	0	0	0	0
41.10	3233828	4	0	0	0	0	0	0	0	0	0
41.20	3211830	4	0	0	0	0	0	0	0	0	0
41.30	3189969	4	0	0	0	0	0	0	0	0	0
41.40	3168244	4	0	0	0	0	0	0	0	0	0
41.50	3146653	4	0	0	0	0	0	0	0	0	0
41.60	3125197	4	0	0	0	0	0	0	0	0	0
41.70	3103875	4	0	0	0	0	0	0	0	0	0
41.80	3082685	4	0	0	0	0	0	0	0	0	0
41.90	3061627	4	0	0	0	0	0	0	0	0	0
42.00	3040700	4	0	0	0	0	0	0	0	0	0
42.10	3019904	4	0	0	0	0	0	0	0	0	0
42.20	2999238	4	0	0	0	0	0	0	0	0	0
42.30	2978701	4	0	0	0	0	0	0	0	0	0
42.40	2958292	4	0	0	0	0	0	0	0	0	0
42.50	2938010	4	0	0	0	0	0	0	0	0	0
42.60	2917856	4	0	0	0	0	0	0	0	0	0
42.70	2897827	4	0	0	0	0	0	0	0	0	0
42.80	2877924	4	0	0	0	0	0	0	0	0	0
42.90	2858146	4	0	0	0	0	0	0	0	0	0
43.00	2838492	4	0	0	0	0	0	0	0	0	0
43.10	2818961	4	0	0	0	0	0	0	0	0	0
43.20	2799552	4	0	0	0	0	0	0	0	0	0
43.30	2780266	4	0	0	0	0	0	0	0	0	0
43.40	2761100	4	0	0	0	0	0	0	0	0	0
43.50	2742056	4	0	0	0	0	0	0	0	0	0
43.60	2723131	4	0	0	0	0	0	0	0	0	0
43.70	2704325	4	0	0	0	0	0	0	0	0	0
43.80	2685638	4	0	0	0	0	0	0	0	0	0
43.90	2667069	4	0	0	0	0	0	0	0	0	0
44.00	2648616	4	0	0	0	0	0	0	0	0	0
44.10	2630281	4	0	0	0	0	0	0	0	0	0
44.20	2612061	4	0	0	0	0	0	0	0	0	0
44.30	2593956	4	0	0	0	0	0	0	0	0	0
44.40	2575966	4	0	0	0	0	0	0	0	0	0
44.50	2558089	4	0	0	0	0	0	0	0	0	0
44.60	2540326	4	0	0	0	0	0	0	0	0	0
44.70	2522675	4	0	0	0	0	0	0	0	0	0
44.80	2505136	4	0	0	0	0	0	0	0	0	0
44.90	2487709	4	0	0	0	0	0	0	0	0	0
45.00	2470392	4	0	0	0	0	0	0	0	0	0
45.10	2453185	4	0	0	0	0	0	0	0	0	0
45.20	2436087	4	0	0	0	0	0	0	0	0	0
45.30	2419098	4	0	0	0	0	0	0	0	0	0
45.40	2402217	4	0	0	0	0	0	0	0	0	0
45.50	2385444	4	0	0	0	0	0	0	0	0	0
45.60	2368777	4	0	0	0	0	0	0	0	0	0
45.70	2352217	4	0	0	0	0	0	0	0	0	0
45.80	2335762	4	0	0	0	0	0	0	0	0	0
45.90	2319413	4	0	0	0	0	0	0	0	0	0
46.00	2303167	4	0	0	0	0	0	0	0	0	0
46.10	2287026	4	0	0	0	0	0	0	0	0	0
46.20	2270988	4	0	0	0	0	0	0	0	0	0
46.30	2255052	4	0	0	0	0	0	0	0	0	0
46.40	2239219	4	0	0	0	0	0	0	0	0	0
46.50	2223486	4	0	0	0	0	0	0	0	0	0
46.60	2207855	4	0	0	0	0	0	0	0	0	0
46.70	2192324	4	0	0	0	0	0	0	0	0	0
46.80	2176893	4	0	0	0	0	0	0	0	0	0
46.90	2161561	4	0	0	0	0	0	0	0	0	0
47.00	2146327	4	0	0	0	0	0	0	0	0	0
47.10	2131191	4	0	0	0	0	0	0	0	0	0
47.20	2116153	4	0	0	0	0	0	0	0	0	0
47.30	2101211	4	0	0	0	0	0	0	0	0	0
47.40	2086366	4	0	0	0	0	0	0	0	0	0
47.50	2071616	4	0	0	0	0	0	0	0	0	0
47.60	2056962	4	0	0	0	0	0	0	0	0	0
47.70	2042402	4	0	0	0	0	0	0	0	0	0
47.80	2027936	4	0	0	0	0	0	0	0	0	0
47.90	2013563	4	0	0	0	0	0	0	0	0	0
48.00	1999284	4	0	0	0	0	0	0	0	0	0
48.10	1985097	4	0	0	0	0	0	0	0	0	0
48.20	1971002	4	0	0	0	0	0	0	0	0	0
48.30	1956998	4	0	0	0	0	0	0	0	0	0
48.40	1943085	4	0	0	0	0	0	0	0	0	0
48.50	1929262	4	0	0	0	0	0	0	0	0	0
48.60	1915529	4	0	0	0	0	0	0	0	0	0
48.70	1901885	4	0	0	0	0	0	0	0	0	0
48.80	1888329	4	0	0	0	0	0	0	0	0	0
48.90	1874862	4	0	0	0	0	0	0	0	0	0
49.00	1861483	4	0	0	0	0	0	0	0	0	0
49.10	1848190	4	0	0	0	0	0	0	0	0	0
49.20	1834984	4	0	0	0	0	0	0	0	0	0
49.30	1821865	4	0	0	0	0	0	0	0	0	0
49.40	1808830	4	0	0	0	0	0	0	0	0	0
49.50	1795881	4	0	0	0	0	0	0	0	0	0
49.60	1783017	4	0	0	0	0	0	0	0	0	0
49.70	1770236	4	0	0	0	0	0	0	0	0	0
49.80	1757540	4	0	0	0	0	0	0	0	0	0
49.90	1744926	4	0	0	0	0	0	0	0	0	0
50.00	1732395	4	0	0	0	0	0	0	0	0	0
50.10	1719946	4	0	0	0	0	0	0	0	0	0
50.20	1707578	4	0	0	0	0	0	0	0	0	0
50.30	1695292	4	0	0	0	0	0	0	0	0	0
50.40	1683086	4	0	0	0	0	0	0	0	0	0
50.50	1670961	4	0	0	0	0	0	0	0	0	0
50.60	1658915	4	0	0	0	0	0	0	0	0	0
50.70	1646949	4	0	0	0	0	0	0	0	0	0
50.80	1635061	4	0	0	0	0	0	0	0	0	0
50.90	1623251	4	0	0	0	0	0	0	0	0	0
51.00	1611520	4	0	0	0	0	0	0	0	0	0
51.10	1599866	4	0	0	0	0	0	0	0	0	0
51.20	1588288	4	0	0	0	0	0	0	0	0	0
51.30	1576787	4	0	0	0	0	0	0	0	0	0
51.40	1565362	4	0	0	0	0	0	0	0	0	0
51.50	1554013	4	0	0	0	0	0	0	0	0	0
51.60	1542738	4	0	0	0	0	0	0	0	0	0
51.70	1531539	4	0	0	0	0	0	0	0	0	0
51.80	1520413	4	0	0	0	0	0	0	0	0	0
51.90	1509361	4	0	0	0	0	0	0	0	0	0
52.00	1498383	4	0	0	0	0	0	0	0	0	0
52.10	1487477	4	0	0	0	0	0	0	0	0	0
52.20	1476644	4	0	0	0	0	0	0	0	0	0
52.30	1465883	4	0	0	0	0	0	0	0	0	0
52.40	1455193	4	0	0	0	0	0	0	0	0	0
52.50	1444574	4	0	0	0	0	0	0	0	0	0
52.60	1434026	4	0	0	0	0	0	0	0	0	0
52.70	1423549	4	0	0	0	0	0	0	0	0	0
52.80	1413141	4	0	0	0	0	0	0	0	0	0
52.90	1402803	4	0	0	0	0	0	0	0	0	0
53.00	1392533	4	0	0	0	0	0	0	0	0	0
53.10	1382333	4	0	0	0	0	0	0	0	0	0
53.20	1372200	4	0	0	0	0	0	0	0	0	0
53.30	1362135	4	0	0	0	0	0	0	0	0	0
53.40	1352138	4	0	0	0	0	0	0	0	0	0
53.50	1342207	4	0	0	0	0	0	0	0	0	0
53.60	1332343	4	0	0	0	0	0	0	0	0	0
53.70	1322546	4	0	0	0	0	0	0	0	0	0
53.80	1312814	4	0	0	0	0	0	0	0	0	0
53.90	1303147	4	0	0	0	0	0	0	0	0	0
54.00	1293545	4	0	0	0	0	0	0	0	0	0
54.10	1284008	4	0	0	0	0	0	0	0	0	0
54.20	1274535	4	0	0	0	0	0	0	0	0	0
54.30	1265125	4	0	0	0	0	0	0	0	0	0
54.40	1255780	4	0	0	0	0	0	0	0	0	0
54.50	1246497	4	0	0	0	0	0	0	0	0	0
54.60	1237276	4	0	0	0	0	0	0	0	0	0
54.70	1228118	4	0	0	0	0	0	0	0	0	0
54.80	1219022	4	0	0	0	0	0	0	0	0	0
54.90	1209987	4	0	0	0	0	0	0	0	0	0
55.00	1201013	4	0	0	0	0	0	0	0	0	0
55.10	1192100	4	0	0	0	0	0	0	0	0	0
55.20	1183248	4	0	0	0	0	0	0	0	0	0
55.30	1174455	4	0	0	0	0	0	0	0	0	0
55.40	1165722	4	0	0	0	0	0	0	0	0	0
55.50	1157048	4	0	0	0	0	0	0	0	0	0
55.60	1148434	4	0	0	0	0	0	0	0	0	0
55.70	1139877	4	0	0	0	0	0	0	0	0	0
55.80	1131379	4	0	0	0	0	0	0	0	0	0
55.90	1122939	4	0	0	0	0	0	0	0	0	0
56.00	1114556	4	0	0	0	0	0	0	0	0	0
56.10	1106230	4	0	0	0	0	0	0	0	0	0
56.20	1097961	4	0	0	0	0	0	0	0	0	0
56.30	1089748	4	0	0	0	0	0	0	0	0	0
56.40	1081591	4	0	0	0	0	0	0	0	0	0
56.50	1073490	4	0	0	0	0	0	0	0	0	0
56.60	1065445	4	0	0	0	0	0	0	0	0	0
56.70	1057454	4	0	0	0	0	0	0	0	0	0
56.80	1049518	4	0	0	0	0	0	0	0	0	0
56.90	1041637	4	0	0	0	0	0	0	0	0	0
57.00	1033809	4	0	0	0	0	0	0	0	0	0
57.10	1026035	4	0	0	0	0	0	0	0	0	0
57.20	1018315	4	0	0	0	0	0	0	0	0	0
57.30	1010647	4	0	0	0	0	0	0	0	0	0
57.40	1003033	4	0	0	0	0	0	0	0	0	0
57.50	995470	4	0	0	0	0	0	0	0	0	0
57.60	987960	4	0	0	0	0	0	0	0	0	0
57.70	980501	4	0	0	0	0	0	0	0	0	0
57.80	973093	4	0	0	0	0	0	0	0	0	0
57.90	965737	4	0	0	0	0	0	0	0	0	0
58.00	958431	4	0	0	0	0	0	0	0	0	0
58.10	951176	4	0	0	0	0	0	0	0	0	0
58.20	943971	4	0	0	0	0	0	0	0	0	0
58.30	936816	4	0	0	0	0	0	0	0	0	0
58.40	929710	4	0	0	0	0	0	0	0	0	0
58.50	922654	4	0	0	0	0	0	0	0	0	0
58.60	915646	4	0	0	0	0	0	0	0	0	0
58.70	908687	4	0	0	0	0	0	0	0	0	0
58.80	901776	4	0	0	0	0	0	0	0	0	0
58.90	894913	4	0	0	0	0	0	0	0	0	0
59.00	888097	4	0	0	0	0	0	0	0	0	0
59.10	881330	4	0	0	0	0	0	0	0	0	0
59.20	874609	4	0	0	0	0	0	0	0	0	0
59.30	867935	4	0	0	0	0	0	0	0	0	0
59.40	861307	4	0	0	0	0	0	0	0	0	0
59.50	854725	4	0	0	0	0	0	0	0	0	0
59.60	848190	4	0	0	0	0	0	0	0	0	0
59.70	841700	4	0	0	0	0	0	0	0	0	0
59.80	835255	4	0	0	0	0	0	0	0	0	0
59.90	828855	4	0	0	0	0	0	0	0	0	0
60.00	822501	4	0	0	0	0	0	0	0	0	0
60.10	816190	4	0	0	0	0	0	0	0	0	0
60.20	809924	4	0	0	0	0	0	0	0	0	0
60.30	803701	4	0	0	0	0	0	0	0	0	0
60.40	797523	4	0	0	0	0	0	0	0	0	0
60.50	791387	4	0	0	0	0	0	0	0	0	0
60.60	785295	4	0	0	0	0	0	0	0	0	0
60.70	779245	4	0	0	0	0	0	0	0	0	0
60.80	773238	4	0	0	0	0	0	0	0	0	0
60.90	767273	4	0	0	0	0	0	0	0	0	0
61.00	761351	4	0	0	0	0	0	0	0	0	0
61.10	755470	4	0	0	0	0	0	0	0	0	0
61.20	749630	4	0	0	0	0	0	0	0	0	0
61.30	743831	4	0	0	0	0	0	0	0	0	0
61.40	738074	4	0	0	0	0	0	0	0	0	0
61.50	732357	4	0	0	0	0	0	0	0	0	0
61.60	726681	4	0	0	0	0	0	0	0	0	0
61.70	721044	4	0	0	0	0	0	0	0	0	0
61.80	715448	4	0	0	0	0	0	0	0	0	0
61.90	709891	4	0	0	0	0	0	0	0	0	0
62.00	704374	4	0	0	0	0	0	0	0	0	0
62.10	698895	4	0	0	0	0	0	0	0	0	0
62.20	693456	4	0	0	0	0	0	0	0	0	0
62.30	688055	4	0	0	0	0	0	0	0	0	0
62.40	682693	4	0	0	0	0	0	0	0	0	0
62.50	677368	4	0	0	0	0	0	0	0	0	0
62.60	672082	4	0	0	0	0	0	0	0	0	0
62.70	666833	4	0	0	0	0	0	0	0	0	0
62.80	661622	4	0	0	0	0	0	0	0	0	0
62.90	656448	4	0	0	0	0	0	0	0	0	0
63.00	651310	4	0	0	0	0	0	0	0	0	0
63.10	646210	4	0	0	0	0	0	0	0	0	0
63.20	641146	4	0	0	0	0	0	0	0	0	0
63.30	636118	4	0	0	0	0	0	0	0	0	0
63.40	631126	4	0	0	0	0	0	0	0	0	0
63.50	626170	4	0	0	0	0	0	0	0	0	0
63.60	621249	4	0	0	0	0	0	0	0	0	0
63.70	616363	4	0	0	0	0	0	0	0	0	0
63.80	611513	4	0	0	0	0	0	0	0	0	0
63.90	606698	4	0	0	0	0	0	0	0	0	0
64.00	601917	4	0	0	0	0	0	0	0	0	0
64.10	597170	4	0	0	0	0	0	0	0	0	0
64.20	592458	4	0	0	0	0	0	0	0	0	0
64.30	587779	4	0	0	0	0	0	0	0	0	0
64.40	583134	4	0	0	0	0	0	0	0	0	0
64.50	578523	4	0	0	0	0	0	0	0	0	0
64.60	573945	4	0	0	0	0	0	0	0	0	0
64.70	569400	4	0	0	0	0	0	0	0	0	0
64.80	564888	4	0	0	0	0	0	0	0	0	0
64.90	560409	4	0	0	0	0	0	0	0	0	0
65.00	555962	4	0	0	0	0	0	0	0	0	0
65.10	551547	4	0	0	0	0	0	0	0	0	0
65.20	547164	4	0	0	0	0	0	0	0	0	0
65.30	542813	4	0	0	0	0	0	0	0	0	0
65.40	538493	4	0	0	0	0	0	0	0	0	0
65.50	534205	4	0	0	0	0	0	0	0	0	0
65.60	529948	4	0	0	0	0	0	0	0	0	0
65.70	525722	4	0	0	0	0	0	0	0	0	0
65.80	521527	4	0	0	0	0	0	0	0	0	0
65.90	517362	4	0	0	0	0	0	0	0	0	0
66.00	513227	4	0	0	0	0	0	0	0	0	0
66.10	509123	4	0	0	0	0	0	0	0	0	0
66.20	505049	4	0	0	0	0	0	0	0	0	0
66.30	501004	4	0	0	0	0	0	0	0	0	0
66.40	496989	4	0	0	0	0	0	0	0	0	0
66.50	493004	4	0	0	0	0	0	0	0	0	0
66.60	489047	4	0	0	0	0	0	0	0	0	0
66.70	485120	4	0	0	0	0	0	0	0	0	0
66.80	481221	4	0	0	0	0	0	0	0	0	0
66.90	477351	4	0	0	0	0	0	0	0	0	0
67.00	473509	4	0	0	0	0	0	0	0	0	0
67.10	469695	4	0	0	0	0	0	0	0	0	0
67.20	465910	4	0	0	0	0	0	0	0	0	0
67.30	462152	4	0	0	0	0	0	0	0	0	0
67.40	458422	4	0	0	0	0	0	0	0	0	0
67.50	454720	4	0	0	0	0	0	0	0	0	0
67.60	451044	4	0	0	0	0	0	0	0	0	0
67.70	447396	4	0	0	0	0	0	0	0	0	0
67.80	443775	4	0	0	0	0	0	0	0	0	0
67.90	440181	4	0	0	0	0	0	0	0	0	0
68.00	436613	4	0	0	0	0	0	0	0	0	0
68.10	433071	4	0	0	0	0	0	0	0	0	0
68.20	429556	4	0	0	0	0	0	0	0	0	0
68.30	426066	4	0	0	0	0	0	0	0	0	0
68.40	422603	4	0	0	0	0	0	0	0	0	0
68.50	419165	4	0	0	0	0	0	0	0	0	0
68.60	415753	4	0	0	0	0	0	0	0	0	0
68.70	412366	4	0	0	0	0	0	0	0	0	0
68.80	409005	4	0	0	0	0	0	0	0	0	0
68.90	405668	4	0	0	0	0	0	0	0	0	0
69.00	402356	4	0	0	0	0	0	0	0	0	0
69.10	399069	4	0	0	0	0	0	0	0	0	0
69.20	395806	4	0	0	0	0	0	0	0	0	0
69.30	392568	4	0	0	0	0	0	0	0	0	0
69.40	389354	4	0	0	0	0	0	0	0	0	0
69.50	386163	4	0	0	0	0	0	0	0	0	0
69.60	382997	4	0	0	0	0	0	0	0	0	0
69.70	379855	4	0	0	0	0	0	0	0	0	0
69.80	376735	4	0	0	0	0	0	0	0	0	0
69.90	373640	4	0	0	0	0	0	0	0	0	0
70.00	370567	4	0	0	0	0	0	0	0	0	0
70.10	367518	4	0	0	0	0	0	0	0	0	0
70.20	364491	4	0	0	0	0	0	0	0	0	0
70.30	361487	4	0	0	0	0	0	0	0	0	0
70.40	358506	4	0	0	0	0	0	0	0	0	0
70.50	355547	4	0	0	0	0	0	0	0	0	0
70.60	352611	4	0	0	0	0	0	0	0	0	0
70.70	349697	4	0	0	0	0	0	0	0	0	0
70.80	346804	4	0	0	0	0	0	0	0	0	0
70.90	343934	4	0	0	0	0	0	0	0	0	0
71.00	341085	4	0	0	0	0	0	0	0	0	0
71.10	338257	4	0	0	0	0	0	0	0	0	0
71.20	335451	4	0	0	0	0	0	0	0	0	0
71.30	332667	4	0	0	0	0	0	0	0	0	0
71.40	329903	4	0	0	0	0	0	0	0	0	0
71.50	327160	4	0	0	0	0	0	0	0	0	0
71.60	324438	4	0	0	0	0	0	0	0	0	0
71.70	321737	4	0	0	0	0	0	0	0	0	0
71.80	319057	4	0	0	0	0	0	0	0	0	0
71.90	316396	4	0	0	0	0	0	0	0	0	0
72.00	313756	4	0	0	0	0	0	0	0	0	0
72.10	311136	4	0	0	0	0	0	0	0	0	0
72.20	308536	4	0	0	0	0	0	0	0	0	0
72.30	305956	4	0	0	0	0	0	0	0	0	0
72.40	303395	4	0	0	0	0	0	0	0	0	0
72.50	300855	4	0	0	0	0	0	0	0	0	0
72.60	298333	4	0	0	0	0	0	0	0	0	0
72.70	295831	4	0	0	0	0	0	0	0	0	0
72.80	293348	4	0	0	0	0	0	0	0	0	0
72.90	290884	4	0	0	0	0	0	0	0	0	0
73.00	288438	4	0	0	0	0	0	0	0	0	0
73.10	286012	4	0	0	0	0	0	0	0	0	0
73.20	283604	4	0	0	0	0	0	0	0	0	0
73.30	281215	4	0	0	0	0	0	0	0	0	0
73.40	278844	4	0	0	0	0	0	0	0	0	0
73.50	276491	4	0	0	0	0	0	0	0	0	0
73.60	274157	4	0	0	0	0	0	0	0	0	0
73.70	271840	4	0	0	0	0	0	0	0	0	0
73.80	269541	4	0	0	0	0	0	0	0	0	0
73.90	267260	4	0	0	0	0	0	0	0	0	0
74.00	264997	4	0	0	0	0	0	0	0	0	0
74.10	262751	4	0	0	0	0	0	0	0	0	0
74.20	260522	4	0	0	0	0	0	0	0	0	0
74.30	258311	4	0	0	0	0	0	0	0	0	0
74.40	256117	4	0	0	0	0	0	0	0	0	0
74.50	253940	4	0	0	0	0	0	0	0	0	0
74.60	251780	4	0	0	0	0	0	0	0	0	0
74.70	249636	4	0	0	0	0	0	0	0	0	0
74.80	247509	4	0	0	0	0	0	0	0	0	0
74.90	245399	4	0	0	0	0	0	0	0	0	0
75.00	243305	4	0	0	0	0	0	0	0	0	0
75.10	241228	4	0	0	0	0	0	0	0	0	0
75.20	239166	4	0	0	0	0	0	0	0	0	0
75.30	237121	4	0	0	0	0	0	0	0	0	0
75.40	235091	4	0	0	0	0	0	0	0	0	0
75.50	233078	4	0	0	0	0	0	0	0	0	0
75.60	231080	4	0	0	0	0	0	0	0	0	0
75.70	229098	4	0	0	0	0	0	0	0	0	0
75.80	227131	4	0	0	0	0	0	0	0	0	0
75.90	225180	4	0	0	0	0	0	0	0	0	0
76.00	223244	4	0	0	0	0	0	0	0	0	0
76.10	221323	4	0	0	0	0	0	0	0	0	0
76.20	219418	4	0	0	0	0	0	0	0	0	0
76.30	217527	4	0	0	0	0	0	0	0	0	0
76.40	215651	4	0	0	0	0	0	0	0	0	0
76.50	213790	4	0	0	0	0	0	0	0	0	0
76.60	211944	4	0	0	0	0	0	0	0	0	0
76.70	210112	4	0	0	0	0	0	0	0	0	0
76.80	208294	4	0	0	0	0	0	0	0	0	0
76.90	206491	4	0	0	0	0	0	0	0	0	0
77.00	204703	4	0	0	0	0	0	0	0	0	0
77.10	202928	4	0	0	0	0	0	0	0	0	0
77.20	201167	4	0	0	0	0	0	0	0	0	0
77.30	199421	4	0	0	0	0	0	0	0	0	0
77.40	197688	4	0	0	0	0	0	0	0	0	0
77.50	195969	4	0	0	0	0	0	0	0	0	0
77.60	194263	4	0	0	0	0	0	0	0	0	0
77.70	192571	4	0	0	0	0	0	0	0	0	0
77.80	190893	4	0	0	0	0	0	0	0	0	0
77.90	189227	4	0	0	0	0	0	0	0	0	0
78.00	187576	4	0	0	0	0	0	0	0	0	0
78.10	185937	4	0	0	0	0	0	0	0	0	0
78.20	184311	4	0	0	0	0	0	0	0	0	0
78.30	182698	4	0	0	0	0	0	0	0	0	0
78.40	181099	4	0	0	0	0	0	0	0	0	0
78.50	179512	4	0	0	0	0	0	0	0	0	0
78.60	177937	4	0	0	0	0	0	0	0	0	0
78.70	176375	4	0	0	0	0	0	0	0	0	0
78.80	174826	4	0	0	0	0	0	0	0	0	0
78.90	173289	4	0	0	0	0	0	0	0	0	0
79.00	171765	4	0	0	0	0	0	0	0	0	0
79.10	170253	4	0	0	0	0	0	0	0	0	0
79.20	168753	4	0	0	0	0	0	0	0	0	0
79.30	167264	4	0	0	0	0	0	0	0	0	0
79.40	165788	4	0	0	0	0	0	0	0	0	0
79.50	164324	4	0	0	0	0	0	0	0	0	0
79.60	162872	4	0	0	0	0	0	0	0	0	0
79.70	161431	4	0	0	0	0	0	0	0	0	0
79.80	160002	4	0	0	0	0	0	0	0	0	0
79.90	158585	4	0	0	0	0	0	0	0	0	0
80.00	157179	4	0	0	0	0	0	0	0	0	0
80.10	155784	4	0	0	0	0	0	0	0	0	0
80.20	154401	4	0	0	0	0	0	0	0	0	0
80.30	153028	4	0	0	0	0	0	0	0	0	0
80.40	151667	4	0	0	0	0	0	0	0	0	0
80.50	150317	4	0	0	0	0	0	0	0	0	0
80.60	148978	4	0	0	0	0	0	0	0	0	0
80.70	147650	4	0	0	0	0	0	0	0	0	0
80.80	146333	4	0	0	0	0	0	0	0	0	0
80.90	145026	4	0	0	0	0	0	0	0	0	0
81.00	143730	4	0	0	0	0	0	0	0	0	0
81.10	142445	4	0	0	0	0	0	0	0	0	0
81.20	141170	4	0	0	0	0	0	0	0	0	0
81.30	139905	4	0	0	0	0	0	0	0	0	0
81.40	138651	4	0	0	0	0	0	0	0	0	0
81.50	137407	4	0	0	0	0	0	0	0	0	0
81.60	136174	4	0	0	0	0	0	0	0	0	0
81.70	134950	4	0	0	0	0	0	0	0	0	0
81.80	133736	4	0	0	0	0	0	0	0	0	0
81.90	132533	4	0	0	0	0	0	0	0	0	0
82.00	131339	4	0	0	0	0	0	0	0	0	0
82.10	130155	4	0	0	0	0	0	0	0	0	0
82.20	128981	4	0	0	0	0	0	0	0	0	0
82.30	127817	4	0	0	0	0	0	0	0	0	0
82.40	126662	4	0	0	0	0	0	0	0	0	0
82.50	125516	4	0	0	0	0	0	0	0	0	0
82.60	124380	4	0	0	0	0	0	0	0	0	0
82.70	123254	4	0	0	0	0	0	0	0	0	0
82.80	122136	4	0	0	0	0	0	0	0	0	0
82.90	121028	4	0	0	0	0	0	0	0	0	0
83.00	119930	4	0	0	0	0	0	0	0	0	0
83.10	118840	4	0	0	0	0	0	0	0	0	0
83.20	117759	4	0	0	0	0	0	0	0	0	0
83.30	116687	4	0	0	0	0	0	0	0	0	0
83.40	115625	4	0	0	0	0	0	0	0	0	0
83.50	114571	4	0	0	0	0	0	0	0	0	0
83.60	113525	4	0	0	0	0	0	0	0	0	0
83.70	112489	4	0	0	0	0	0	0	0	0	0
83.80	111461	4	0	0	0	0	0	0	0	0	0
83.90	110442	4	0	0	0	0	0	0	0	0	0
84.00	109431	4	0	0	0	0	0	0	0	0	0
84.10	108428	4	0	0	0	0	0	0	0	0	0
84.20	107434	4	0	0	0	0	0	0	0	0	0
84.30	106449	4	0	0	0	0	0	0	0	0	0
84.40	105471	4	0	0	0	0	0	0	0	0	0
84.50	104502	4	0	0	0	0	0	0	0	0	0
84.60	103541	4	0	0	0	0	0	0	0	0	0
84.70	102588	4	0	0	0	0	0	0	0	0	0
84.80	101643	4	0	0	0	0	0	0	0	0	0
84.90	100706	4	0	0	0	0	0	0	0	0	0
85.00	99777	4	0	0	0	0	0	0	0	0	0
85.10	98855	4	0	0	0	0	0	0	0	0	0
85.20	97942	4	0	0	0	0	0	0	0	0	0
85.30	97036	4	0	0	0	0	0	0	0	0	0
85.40	96137	4	0	0	0	0	0	0	0	0	0
85.50	95247	4	0	0	0	0	0	0	0	0	0
85.60	94364	4	0	0	0	0	0	0	0	0	0
85.70	93488	4	0	0	0	0	0	0	0	0	0
85.80	92620	4	0	0	0	0	0	0	0	0	0
85.90	91759	4	0	0	0	0	0	0	0	0	0
86.00	90905	4	0	0	0	0	0	0	0	0	0
86.10	90059	4	0	0	0	0	0	0	0	0	0
86.20	89220	4	0	0	0	0	0	0	0	0	0
86.30	88388	4	0	0	0	0	0	0	0	0	0
86.40	87563	4	0	0	0	0	0	0	0	0	0
86.50	86745	4	0	0	0	0	0	0	0	0	0
86.60	85934	4	0	0	0	0	0	0	0	0	0
86.70	85130	4	0	0	0	0	0	0	0	0	0
86.80	84333	4	0	0	0	0	0	0	0	0	0
86.90	83542	4	0	0	0	0	0	0	0	0	0
87.00	82759	4	0	0	0	0	0	0	0	0	0
87.10	81982	4	0	0	0	0	0	0	0	0	0
87.20	81211	4	0	0	0	0	0	0	0	0	0
87.30	80448	4	0	0	0	0	0	0	0	0	0
87.40	79691	4	0	0	0	0	0	0	0	0	0
87.50	78940	4	0	0	0	0	0	0	0	0	0
87.60	78196	4	0	0	0	0	0	0	0	0	0
87.70	77458	4	0	0	0	0	0	0	0	0	0
87.80	76727	4	0	0	0	0	0	0	0	0	0
87.90	76002	4	0	0	0	0	0	0	0	0	0
88.00	75283	4	0	0	0	0	0	0	0	0	0
88.10	74570	4	0	0	0	0	0	0	0	0	0
88.20	73864	4	0	0	0	0	0	0	0	0	0
88.30	73164	4	0	0	0	0	0	0	0	0	0
88.40	72469	4	0	0	0	0	0	0	0	0	0
88.50	71781	4	0	0	0	0	0	0	0	0	0
88.60	71099	4	0	0	0	0	0	0	0	0	0
88.70	70422	4	0	0	0	0	0	0	0	0	0
88.80	69752	4	0	0	0	0	0	0	0	0	0
88.90	69087	4	0	0	0	0	0	0	0	0	0
89.00	68428	4	0	0	0	0	0	0	0	0	0
89.10	67775	4	0	0	0	0	0	0	0	0	0
89.20	67128	4	0	0	0	0	0	0	0	0	0
89.30	66486	4	0	0	0	0	0	0	0	0	0
89.40	65850	4	0	0	0	0	0	0	0	0	0
89.50	65219	4	0	0	0	0	0	0	0	0	0
89.60	64594	4	0	0	0	0	0	0	0	0	0
89.70	63974	4	0	0	0	0	0	0	0	0	0
89.80	63360	4	0	0	0	0	0	0	0	0	0
89.90	62751	4	0	0	0	0	0	0	0	0	0
90.00	62147	4	0	0	0	0	0	0	0	0	0
90.10	61549	4	0	0	0	0	0	0	0	0	0
90.20	60956	4	0	0	0	0	0	0	0	0	0
90.30	60368	4	0	0	0	0	0	0	0	0	0
90.40	59786	4	0	0	0	0	0	0	0	0	0
90.50	59208	4	0	0	0	0	0	0	0	0	0
90.60	58636	4	0	0	0	0	0	0	0	0	0
90.70	58068	4	0	0	0	0	0	0	0	0	0
90.80	57506	4	0	0	0	0	0	0	0	0	0
90.90	56949	4	0	0	0	0	0	0	0	0	0
91.00	56396	4	0	0	0	0	0	0	0	0	0
91.10	55849	4	0	0	0	0	0	0	0	0	0
91.20	55306	4	0	0	0	0	0	0	0	0	0
91.30	54768	4	0	0	0	0	0	0	0	0	0
91.40	54235	4	0	0	0	0	0	0	0	0	0
91.50	53707	4	0	0	0	0	0	0	0	0	0
91.60	53183	4	0	0	0	0	0	0	0	0	0
91.70	52664	4	0	0	0	0	0	0	0	0	0
91.80	52149	4	0	0	0	0	0	0	0	0	0
91.90	51640	4	0	0	0	0	0	0	0	0	0
92.00	51134	4	0	0	0	0	0	0	0	0	0
92.10	50634	4	0	0	0	0	0	0	0	0	0
92.20	50137	4	0	0	0	0	0	0	0	0	0
92.30	49646	4	0	0	0	0	0	0	0	0	0
92.40	49158	4	0	0	0	0	0	0	0	0	0
92.50	48675	4	0	0	0	0	0	0	0	0	0
92.60	48196	4	0	0	0	0	0	0	0	0	0
92.70	47722	4	0	0	0	0	0	0	0	0	0
92.80	47252	4	0	0	0	0	0	0	0	0	0
92.90	46786	4	0	0	0	0	0	0	0	0	0
93.00	46324	4	0	0	0	0	0	0	0	0	0
93.10	45866	4	0	0	0	0	0	0	0	0	0
93.20	45413	4	0	0	0	0	0	0	0	0	0
93.30	44964	4	0	0	0	0	0	0	0	0	0
93.40	44518	4	0	0	0	0	0	0	0	0	0
93.50	44077	4	0	0	0	0	0	0	0	0	0
93.60	43640	4	0	0	0	0	0	0	0	0	0
93.70	43206	4	0	0	0	0	0	0	0	0	0
93.80	42777	4	0	0	0	0	0	0	0	0	0
93.90	42351	4	0	0	0	0	0	0	0	0	0
94.00	41930	4	0	0	0	0	0	0	0	0	0
94.10	41512	4	0	0	0	0	0	0	0	0	0
94.20	41098	4	0	0	0	0	0	0	0	0	0
94.30	40688	4	0	0	0	0	0	0	0	0	0
94.40	40281	4	0	0	0	0	0	0	0	0	0
94.50	39878	4	0	0	0	0	0	0	0	0	0
94.60	39479	4	0	0	0	0	0	0	0	0	0
94.70	39084	4	0	0	0	0	0	0	0	0	0
94.80	38692	4	0	0	0	0	0	0	0	0	0
94.90	38304	4	0	0	0	0	0	0	0	0	0
95.00	37919	4	0	0	0	0	0	0	0	0	0
95.10	37538	4	0	0	0	0	0	0	0	0	0
95.20	37160	4	0	0	0	0	0	0	0	0	0
95.30	36786	4	0	0	0	0	0	0	0	0	0
95.40	36415	4	0	0	0	0	0	0	0	0	0
95.50	36047	4	0	0	0	0	0	0	0	0	0
95.60	35683	4	0	0	0	0	0	0	0	0	0
95.70	35323	4	0	0	0	0	0	0	0	0	0
95.80	34965	4	0	0	0	0	0	0	0	0	0
95.90	34611	4	0	0	0	0	0	0	0	0	0
96.00	34261	4	0	0	0	0	0	0	0	0	0
96.10	33913	4	0	0	0	0	0	0	0	0	0
96.20	33569	4	0	0	0	0	0	0	0	0	0
96.30	33228	4	0	0	0	0	0	0	0	0	0
96.40	32890	4	0	0	0	0	0	0	0	0	0
96.50	32555	4	0	0	0	0	0	0	0	0	0
96.60	32223	4	0	0	0	0	0	0	0	0	0
96.70	31895	4	0	0	0	0	0	0	0	0	0
96.80	31569	4	0	0	0	0	0	0	0	0	0
96.90	31247	4	0	0	0	0	0	0	0	0	0
97.00	30927	4	0	0	0	0	0	0	0	0	0
97.10	30611	4	0	0	0	0	0	0	0	0	0
97.20	30297	4	0	0	0	0	0	0	0	0	0
97.30	29986	4	0	0	0	0	0	0	0	0	0
97.40	29679	4	0	0	0	0	0	0	0	0	0
97.50	29374	4	0	0	0	0	0	0	0	0	0
97.60	29072	4	0	0	0	0	0	0	0	0	0
97.70	28773	4	0	0	0	0	0	0	0	0	0
97.80	28476	4	0	0	0	0	0	0	0	0	0
97.90	28183	4	0	0	0	0	0	0	0	0	0
98.00	27892	4	0	0	0	0	0	0	0	0	0
98.10	27604	4	0	0	0	0	0	0	0	0	0
98.20	27318	4	0	0	0	0	0	0	0	0	0
98.30	27036	4	0	0	0	0	0	0	0	0	0
98.40	26756	4	0	0	0	0	0	0	0	0	0
98.50	26478	4	0	0	0	0	0	0	0	0	0
98.60	26204	4	0	0	0	0	0	0	0	0	0
98.70	25932	4	0	0	0	0	0	0	0	0	0
98.80	25662	4	0	0	0	0	0	0	0	0	0
98.90	25395	4	0	0	0	0	0	0	0	0	0
99.00	25131	4	0	0	0	0	0	0	0	0	0
99.10	24869	4	0	0	0	0	0	0	0	0	0
99.20	24609	4	0	0	0	0	0	0	0	0	0
99.30	24352	4	0	0	0	0	0	0	0	0	0
99.40	24098	4	0	0	0	0	0	0	0	0	0
99.50	23846	4	0	0	0	0	0	0	0	0	0
99.60	23596	4	0	0	0	0	0	0	0	0	0
99.70	23349	4	0	0	0	0	0	0	0	0	0
99.80	23104	4	0	0	0	0	0	0	0	0	0
99.90	22861	4	0	0	0	0	0	0	0	0	0
100.00	22621	4	0	0	0	0	0	0	0	0	0
100.10	22383	4	0	0	0	0	0	0	0	0	0
100.20	22147	4	0	0	0	0	0	0	0	0	0
100.30	21914	4	0	0	0	0	0	0	0	0	0
100.40	21683	4	0	0	0	0	0	0	0	0	0
100.50	21454	4	0	0	0	0	0	0	0	0	0
100.60	21227	4	0	0	0	0	0	0	0	0	0
100.70	21002	4	0	0	0	0	0	0	0	0	0
100.80	20780	4	0	0	0	0	0	0	0	0	0
100.90	20560	4	0	0	0	0	0	0	0	0	0
101.00	20342	4	0	0	0	0	0	0	0	0	0
101.10	20126	4	0	0	0	0	0	0	0	0	0
101.20	19912	4	0	0	0	0	0	0	0	0	0
101.30	19700	4	0	0	0	0	0	0	0	0	0
101.40	19490	4	0	0	0	0	0	0	0	0	0
101.50	19282	4	0	0	0	0	0	0	0	0	0
101.60	19077	4	0	0	0	0	0	0	0	0	0
101.70	18873	4	0	0	0	0	0	0	0	0	0
101.80	18671	4	0	0	0	0	0	0	0	0	0
101.90	18472	4	0	0	0	0	0	0	0	0	0
102.00	18274	4	0	0	0	0	0	0	0	0	0
102.10	18078	4	0	0	0	0	0	0	0	0	0
102.20	17884	4	0	0	0	0	0	0	0	0	0
102.30	17692	4	0	0	0	0	0	0	0	0	0
102.40	17502	4	0	0	0	0	0	0	0	0	0
102.50	17313	4	0	0	0	0	0	0	0	0	0
102.60	17127	4	0	0	0	0	0	0	0	0	0
102.70	16942	4	0	0	0	0	0	0	0	0	0
102.80	16760	4	0	0	0	0	0	0	0	0	0
102.90	16579	4	0	0	0	0	0	0	0	0	0
103.00	16399	4	0	0	0	0	0	0	0	0	0
103.10	16222	4	0	0	0	0	0	0	0	0	0
103.20	16046	4	0	0	0	0	0	0	0	0	0
103.30	15872	4	0	0	0	0	0	0	0	0	0
103.40	15700	4	0	0	0	0	0	0	0	0	0
103.50	15529	4	0	0	0	0	0	0	0	0	0
103.60	15361	4	0	0	0	0	0	0	0	0	0
103.70	15193	4	0	0	0	0	0	0	0	0	0
103.80	15028	4	0	0	0	0	0	0	0	0	0
103.90	14864	4	0	0	0	0	0	0	0	0	0
104.00	14702	4	0	0	0	0	0	0	0	0	0
104.10	14541	4	0	0	0	0	0	0	0	0	0
104.20	14382	4	0	0	0	0	0	0	0	0	0
104.30	14225	4	0	0	0	0	0	0	0	0	0
104.40	14069	4	0	0	0	0	0	0	0	0	0
104.50	13915	4	0	0	0	0	0	0	0	0	0
104.60	13762	4	0	0	0	0	0	0	0	0	0
104.70	13611	4	0	0	0	0	0	0	0	0	0
104.80	13461	4	0	0	0	0	0	0	0	0	0
104.90	13313	4	0	0	0	0	0	0	0	0	0
105.00	13166	4	0	0	0	0	0	0	0	0	0
105.10	13021	4	0	0	0	0	0	0	0	0	0
105.20	12877	4	0	0	0	0	0	0	0	0	0
105.30	12735	4	0	0	0	0	0	0	0	0	0
105.40	12594	4	0	0	0	0	0	0	0	0	0
105.50	12454	4	0	0	0	0	0	0	0	0	0
105.60	12316	4	0	0	0	0	0	0	0	0	0
105.70	12180	4	0	0	0	0	0	0	0	0	0
105.80	12044	4	0	0	0	0	0	0	0	0	0
105.90	11910	4	0	0	0	0	0	0	0	0	0
106.00	11778	4	0	0	0	0	0	0	0	0	0
106.10	11647	4	0	0	0	0	0	0	0	0	0
106.20	11517	4	0	0	0	0	0	0	0	0	0
106.30	11388	4	0	0	0	0	0	0	0	0	0
106.40	11261	4	0	0	0	0	0	0	0	0	0
106.50	11135	4	0	0	0	0	0	0	0	0	0
106.60	11010	4	0	0	0	0	0	0	0	0	0
106.70	10887	4	0	0	0	0	0	0	0	0	0
106.80	10765	4	0	0	0	0	0	0	0	0	0
106.90	10644	4	0	0	0	0	0	0	0	0	0
107.00	10524	4	0	0	0	0	0	0	0	0	0
107.10	10406	4	0	0	0	0	0	0	0	0	0
107.20	10289	4	0	0	0	0	0	0	0	0	0
107.30	10173	4	0	0	0	0	0	0	0	0	0
107.40	10058	4	0	0	0	0	0	0	0	0	0
107.50	9944	4	0	0	0	0	0	0	0	0	0
107.60	9832	4	0	0	0	0	0	0	0	0	0
107.70	9721	4	0	0	0	0	0	0	0	0	0
107.80	9611	4	0	0	0	0	0	0	0	0	0
107.90	9502	4	0	0	0	0	0	0	0	0	0
108.00	9394	4	0	0	0	0	0	0	0	0	0
108.10	9287	4	0	0	0	0	0	0	0	0	0
108.20	9181	4	0	0	0	0	0	0	0	0	0
108.30	9077	4	0	0	0	0	0	0	0	0	0
108.40	8973	4	0	0	0	0	0	0	0	0	0
108.50	8871	4	0	0	0	0	0	0	0	0	0
108.60	8770	4	0	0	0	0	0	0	0	0	0
108.70	8669	4	0	0	0	0	0	0	0	0	0
108.80	8570	4	0	0	0	0	0	0	0	0	0
108.90	8472	4	0	0	0	0	0	0	0	0	0
109.00	8375	4	0	0	0	0	0	0	0	0	0
109.10	8279	4	0	0	0	0	0	0	0	0	0
109.20	8184	4	0	0	0	0	0	0	0	0	0
109.30	8090	4	0	0	0	0	0	0	0	0	0
109.40	7996	4	0	0	0	0	0	0	0	0	0
109.50	7904	4	0	0	0	0	0	0	0	0	0
109.60	7813	4	0	0	0	0	0	0	0	0	0
109.70	7723	4	0	0	0	0	0	0	0	0	0
109.80	7634	4	0	0	0	0	0	0	0	0	0
109.90	7545	4	0	0	0	0	0	0	0	0	0
110.00	7458	4	0	0	0	0	0	0	0	0	0
110.10	7371	4	0	0	0	0	0	0	0	0	0
110.20	7286	4	0	0	0	0	0	0	0	0	0
110.30	7201	4	0	0	0	0	0	0	0	0	0
110.40	7117	4	0	0	0	0	0	0	0	0	0
110.50	7034	4	0	0	0	0	0	0	0	0	0
110.60	6952	4	0	0	0	0	0	0	0	0	0
110.70	6871	4	0	0	0	0	0	0	0	0	0
110.80	6791	4	0	0	0	0	0	0	0	0	0
110.90	6712	4	0	0	0	0	0	0	0	0	0
111.00	6633	4	0	0	0	0	0	0	0	0	0
111.10	6555	4	0	0	0	0	0	0	0	0	0
111.20	6479	4	0	0	0	0	0	0	0	0	0
111.30	6403	4	0	0	0	0	0	0	0	0	0
111.40	6327	4	0	0	0	0	0	0	0	0	0
111.50	6253	4	0	0	0	0	0	0	0	0	0
111.60	6179	4	0	0	0	0	0	0	0	0	0
111.70	6106	4	0	0	0	0	0	0	0	0	0
111.80	6034	4	0	0	0	0	0	0	0	0	0
111.90	5963	4	0	0	0	0	0	0	0	0	0
112.00	5893	4	0	0	0	0	0	0	0	0	0
112.10	5823	4	0	0	0	0	0	0	0	0	0
112.20	5754	4	0	0	0	0	0	0	0	0	0
112.30	5686	4	0	0	0	0	0	0	0	0	0
112.40	5618	4	0	0	0	0	0	0	0	0	0
112.50	5551	4	0	0	0	0	0	0	0	0	0
112.60	5485	4	0	0	0	0	0	0	0	0	0
112.70	5420	4	0	0	0	0	0	0	0	0	0
112.80	5355	4	0	0	0	0	0	0	0	0	0
112.90	5291	4	0	0	0	0	0	0	0	0	0
113.00	5228	4	0	0	0	0	0	0	0	0	0
113.10	5166	4	0	0	0	0	0	0	0	0	0
113.20	5104	4	0	0	0	0	0	0	0	0	0
113.30	5042	4	0	0	0	0	0	0	0	0	0
113.40	4982	4	0	0	0	0	0	0	0	0	0
113.50	4922	4	0	0	0	0	0	0	0	0	0
113.60	4863	4	0	0	0	0	0	0	0	0	0
113.70	4804	4	0	0	0	0	0	0	0	0	0
113.80	4746	4	0	0	0	0	0	0	0	0	0
113.90	4689	4	0	0	0	0	0	0	0	0	0
114.00	4633	4	0	0	0	0	0	0	0	0	0
114.10	4577	4	0	0	0	0	0	0	0	0	0
114.20	4521	4	0	0	0	0	0	0	0	0	0
114.30	4466	4	0	0	0	0	0	0	0	0	0
114.40	4412	4	0	0	0	0	0	0	0	0	0
114.50	4359	4	0	0	0	0	0	0	0	0	0
114.60	4306	4	0	0	0	0	0	0	0	0	0
114.70	4253	4	0	0	0	0	0	0	0	0	0
114.80	4201	4	0	0	0	0	0	0	0	0	0
114.90	4150	4	0	0	0	0	0	0	0	0	0
115.00	4100	4	0	0	0	0	0	0	0	0	0
115.10	4049	4	0	0	0	0	0	0	0	0	0
115.20	4000	4	0	0	0	0	0	0	0	0	0
115.30	3951	4	0	0	0	0	0	0	0	0	0
115.40	3903	4	0	0	0	0	0	0	0	0	0
115.50	3855	4	0	0	0	0	0	0	0	0	0
115.60	3807	4	0	0	0	0	0	0	0	0	0
115.70	3760	4	0	0	0	0	0	0	0	0	0
115.80	3714	4	0	0	0	0	0	0	0	0	0
115.90	3668	4	0	0	0	0	0	0	0	0	0
116.00	3623	4	0	0	0	0	0	0	0	0	0
116.10	3578	4	0	0	0	0	0	0	0	0	0
116.20	3534	4	0	0	0	0	0	0	0	0	0
116.30	3490	4	0	0	0	0	0	0	0	0	0
116.40	3447	4	0	0	0	0	0	0	0	0	0
116.50	3404	4	0	0	0	0	0	0	0	0	0
116.60	3362	4	0	0	0	0	0	0	0	0	0
116.70	3320	4	0	0	0	0	0	0	0	0	0
116.80	3279	4	0	0	0	0	0	0	0	0	0
116.90	3238	4	0	0	0	0	0	0	0	0	0
117.00	3198	4	0	0	0	0	0	0	0	0	0
117.10	3158	4	0	0	0	0	0	0	0	0	0
117.20	3118	4	0	0	0	0	0	0	0	0	0
117.30	3079	4	0	0	0	0	0	0	0	0	0
117.40	3041	4	0	0	0	0	0	0	0	0	0
117.50	3002	4	0	0	0	0	0	0	0	0	0
117.60	2965	4	0	0	0	0	0	0	0	0	0
117.70	2927	4	0	0	0	0	0	0	0	0	0
117.80	2891	4	0	0	0	0	0	0	0	0	0
117.90	2854	4	0	0	0	0	0	0	0	0	0
118.00	2818	4	0	0	0	0	0	0	0	0	0
118.10	2783	4	0	0	0	0	0	0	0	0	0
118.20	2747	4	0	0	0	0	0	0	0	0	0
118.30	2713	4	0	0	0	0	0	0	0	0	0
118.40	2678	4	0	0	0	0	0	0	0	0	0
118.50	2644	4	0	0	0	0	0	0	0	0	0
118.60	2611	4	0	0	0	0	0	0	0	0	0
118.70	2578	4	0	0	0	0	0	0	0	0	0
118.80	2545	4	0	0	0	0	0	0	0	0	0
118.90	2512	4	0	0	0	0	0	0	0	0	0
119.00	2480	4	0	0	0	0	0	0	0	0	0
119.10	2449	4	0	0	0	0	0	0	0	0	0
119.20	2417	4	0	0	0	0	0	0	0	0	0
119.30	2386	4	0	0	0	0	0	0	0	0	0
119.40	2356	4	0	0	0	0	0	0	0	0	0
119.50	2326	4	0	0	0	0	0	0	0	0	0
119.60	2296	4	0	0	0	0	0	0	0	0	0
119.70	2266	4	0	0	0	0	0	0	0	0	0
119.80	2237	4	0	0	0	0	0	0	0	0	0
119.90	2208	4	0	0	0	0	0	0	0	0	0
120.00	2180	4	0	0	0	0	0	0	0	0	0
120.10	2151	4	0	0	0	0	0	0	0	0	0
120.20	2124	4	0	0	0	0	0	0	0	0	0
120.30	2096	4	0	0	0	0	0	0	0	0	0
120.40	2069	4	0	0	0	0	0	0	0	0	0
120.50	2042	4	0	0	0	0	0	0	0	0	0
120.60	2016	4	0	0	0	0	0	0	0	0	0
120.70	1989	4	0	0	0	0	0	0	0	0	0
120.80	1964	4	0	0	0	0	0	0	0	0	0
120.90	1938	4	0	0	0	0	0	0	0	0	0
121.00	1913	4	0	0	0	0	0	0	0	0	0
121.10	1888	4	0	0	0	0	0	0	0	0	0
121.20	1863	4	0	0	0	0	0	0	0	0	0
121.30	1839	4	0	0	0	0	0	0	0	0	0
121.40	1814	4	0	0	0	0	0	0	0	0	0
121.50	1791	4	0	0	0	0	0	0	0	0	0
121.60	1767	4	0	0	0	0	0	0	0	0	0
121.70	1744	4	0	0	0	0	0	0	0	0	0
121.80	1721	4	0	0	0	0	0	0	0	0	0
121.90	1698	4	0	0	0	0	0	0	0	0	0
122.00	1676	4	0	0	0	0	0	0	0	0	0
122.10	1654	4	0	0	0	0	0	0	0	0	0
122.20	1632	4	0	0	0	0	0	0	0	0	0
122.30	1610	4	0	0	0	0	0	0	0	0	0
122.40	1589	4	0	0	0	0	0	0	0	0	0
122.50	1568	4	0	0	0	0	0	0	0	0	0
122.60	1547	4	0	0	0	0	0	0	0	0	0
122.70	1526	4	0	0	0	0	0	0	0	0	0
122.80	1506	4	0	0	0	0	0	0	0	0	0
122.90	1486	4	0	0	0	0	0	0	0	0	0
123.00	1466	4	0	0	0	0	0	0	0	0	0
123.10	1446	4	0	0	0	0	0	0	0	0	0
123.20	1427	4	0	0	0	0	0	0	0	0	0
123.30	1408	4	0	0	0	0	0	0	0	0	0
123.40	1389	4	0	0	0	0	0	0	0	0	0
123.50	1370	4	0	0	0	0	0	0	0	0	0
123.60	1352	4	0	0	0	0	0	0	0	0	0
123.70	1334	4	0	0	0	0	0	0	0	0	0
123.80	1316	4	0	0	0	0	0	0	0	0	0
123.90	1298	4	0	0	0	0	0	0	0	0	0
124.00	1280	4	0	0	0	0	0	0	0	0	0
124.10	1263	4	0	0	0	0	0	0	0	0	0
124.20	1246	4	0	0	0	0	0	0	0	0	0
124.30	1229	4	0	0	0	0	0	0	0	0	0
124.40	1212	4	0	0	0	0	0	0	0	0	0
124.50	1196	4	0	0	0	0	0	0	0	0	0
124.60	1180	4	0	0	0	0	0	0	0	0	0
124.70	1163	4	0	0	0	0	0	0	0	0	0
124.80	1148	4	0	0	0	0	0	0	0	0	0
124.90	1132	4	0	0	0	0	0	0	0	0	0
125.00	1116	4	0	0	0	0	0	0	0	0	0
125.10	1101	4	0	0	0	0	0	0	0	0	0
125.20	1086	4	0	0	0	0	0	0	0	0	0
125.30	1071	4	0	0	0	0	0	0	0	0	0
125.40	1056	4	0	0	0	0	0	0	0	0	0
125.50	1042	4	0	0	0	0	0	0	0	0	0
125.60	1028	4	0	0	0	0	0	0	0	0	0
125.70	1013	4	0	0	0	0	0	0	0	0	0
125.80	999	4	0	0	0	0	0	0	0	0	0
125.90	986	4	0	0	0	0	0	0	0	0	0
126.00	972	4	0	0	0	0	0	0	0	0	0
126.10	958	4	0	0	0	0	0	0	0	0	0
126.20	945	4	0	0	0	0	0	0	0	0	0
126.30	932	4	0	0	0	0	0	0	0	0	0
126.40	919	4	0	0	0	0	0	0	0	0	0
126.50	906	4	0	0	0	0	0	0	0	0	0
126.60	894	4	0	0	0	0	0	0	0	0	0
126.70	881	4	0	0	0	0	0	0	0	0	0
126.80	869	4	0	0	0	0	0	0	0	0	0
126.90	857	4	0	0	0	0	0	0	0	0	0
127.00	845	4	0	0	0	0	0	0	0	0	0
127.10	833	4	0	0	0	0	0	0	0	0	0
127.20	821	4	0	0	0	0	0	0	0	0	0
127.30	809	4	0	0	0	0	0	0	0	0	0
127.40	798	4	0	0	0	0	0	0	0	0	0
127.50	787	4	0	0	0	0	0	0	0	0	0
127.60	776	4	0	0	0	0	0	0	0	0	0
127.70	765	4	0	0	0	0	0	0	0	0	0
127.80	754	4	0	0	0	0	0	0	0	0	0
127.90	743	4	0	0	0	0	0	0	0	0	0
128.00	733	4	0	0	0	0	0	0	0	0	0
128.10	722	4	0	0	0	0	0	0	0	0	0
128.20	712	4	0	0	0	0	0	0	0	0	0
128.30	702	4	0	0	0	0	0	0	0	0	0
128.40	692	4	0	0	0	0	0	0	0	0	0
128.50	682	4	0	0	0	0	0	0	0	0	0
128.60	672	4	0	0	0	0	0	0	0	0	0
128.70	663	4	0	0	0	0	0	0	0	0	0
128.80	653	4	0	0	0	0	0	0	0	0	0
128.90	644	4	0	0	0	0	0	0	0	0	0
129.00	634	4	0	0	0	0	0	0	0	0	0
129.10	625	4	0	0	0	0	0	0	0	0	0
129.20	616	4	0	0	0	0	0	0	0	0	0
129.30	607	4	0	0	0	0	0	0	0	0	0
129.40	599	4	0	0	0	0	0	0	0	0	0
129.50	590	4	0	0	0	0	0	0	0	0	0
129.60	581	4	0	0	0	0	0	0	0	0	0
129.70	573	4	0	0	0	0	0	0	0	0	0
129.80	565	4	0	0	0	0	0	0	0	0	0
129.90	556	4	0	0	0	0	0	0	0	0	0
130.00	548	4	0	0	0	0	0	0	0	0	0
130.10	540	4	0	0	0	0	0	0	0	0	0
130.20	532	4	0	0	0	0	0	0	0	0	0
130.30	525	4	0	0	0	0	0	0	0	0	0
130.40	517	4	0	0	0	0	0	0	0	0	0
130.50	509	4	0	0	0	0	0	0	0	0	0
130.60	502	4	0	0	0	0	0	0	0	0	0
130.70	495	4	0	0	0	0	0	0	0	0	0
130.80	487	4	0	0	0	0	0	0	0	0	0
130.90	480	4	0	0	0	0	0	0	0	0	0
131.00	473	4	0	0	0	0	0	0	0	0	0
131.10	466	4	0	0	0	0	0	0	0	0	0
131.20	459	4	0	0	0	0	0	0	0	0	0
131.30	452	4	0	0	0	0	0	0	0	0	0
131.40	446	4	0	0	0	0	0	0	0	0	0
131.50	439	4	0	0	0	0	0	0	0	0	0
131.60	433	4	0	0	0	0	0	0	0	0	0
131.70	426	4	0	0	0	0	0	0	0	0	0
131.80	420	4	0	0	0	0	0	0	0	0	0
131.90	413	4	0	0	0	0	0	0	0	0	0
132.00	407	4	0	0	0	0	0	0	0	0	0
132.10	401	4	0	0	0	0	0	0	0	0	0
132.20	395	4	0	0	0	0	0	0	0	0	0
132.30	389	4	0	0	0	0	0	0	0	0	0
132.40	383	4	0	0	0	0	0	0	0	0	0
132.50	378	4	0	0	0	0	0	0	0	0	0
132.60	372	4	0	0	0	0	0	0	0	0	0
132.70	366	4	0	0	0	0	0	0	0	0	0
132.80	361	4	0	0	0	0	0	0	0	0	0
132.90	355	4	0	0	0	0	0	0	0	0	0
133.00	350	4	0	0	0	0	0	0	0	0	0
133.10	345	4	0	0	0	0	0	0	0	0	0
133.20	339	4	0	0	0	0	0	0	0	0	0
133.30	334	4	0	0	0	0	0	0	0	0	0
133.40	329	4	0	0	0	0	0	0	0	0	0
133.50	324	4	0	0	0	0	0	0	0	0	0
133.60	319	4	0	0	0	0	0	0	0	0	0
133.70	314	4	0	0	0	0	0	0	0	0	0
133.80	310	4	0	0	0	0	0	0	0	0	0
133.90	305	4	0	0	0	0	0	0	0	0	0
134.00	300	4	0	0	0	0	0	0	0	0	0
134.10	296	4	0	0	0	0	0	0	0	0	0
134.20	291	4	0	0	0	0	0	0	0	0	0
134.30	286	4	0	0	0	0	0	0	0	0	0
134.40	282	4	0	0	0	0	0	0	0	0	0
134.50	278	4	0	0	0	0	0	0	0	0	0
134.60	273	4	0	0	0	0	0	0	0	0	0
134.70	269	4	0	0	0	0	0	0	0	0	0
134.80	265	4	0	0	0	0	0	0	0	0	0
134.90	261	4	0	0	0	0	0	0	0	0	0
135.00	257	4	0	0	0	0	0	0	0	0	0
135.10	253	4	0	0	0	0	0	0	0	0	0
135.20	249	4	0	0	0	0	0	0	0	0	0
135.30	245	4	0	0	0	0	0	0	0	0	0
135.40	241	4	0	0	0	0	0	0	0	0	0
135.50	237	4	0	0	0	0	0	0	0	0	0
135.60	234	4	0	0	0	0	0	0	0	0	0
135.70	230	4	0	0	0	0	0	0	0	0	0
135.80	226	4	0	0	0	0	0	0	0	0	0
135.90	223	4	0	0	0	0	0	0	0	0	0
136.00	219	4	0	0	0	0	0	0	0	0	0
136.10	216	4	0	0	0	0	0	0	0	0	0
136.20	212	4	0	0	0	0	0	0	0	0	0
136.30	209	4	0	0	0	0	0	0	0	0	0
136.40	206	4	0	0	0	0	0	0	0	0	0
136.50	202	4	0	0	0	0	0	0	0	0	0
136.60	199	4	0	0	0	0	0	0	0	0	0
136.70	196	4	0	0	0	0	0	0	0	0	0
136.80	193	4	0	0	0	0	0	0	0	0	0
136.90	190	4	0	0	0	0	0	0	0	0	0
137.00	187	4	0	0	0	0	0	0	0	0	0
137.10	184	4	0	0	0	0	0	0	0	0	0
137.20	181	4	0	0	0	0	0	0	0	0	0
137.30	178	4	0	0	0	0	0	0	0	0	0
137.40	175	4	0	0	0	0	0	0	0	0	0
137.50	172	4	0	0	0	0	0	0	0	0	0
137.60	170	4	0	0	0	0	0	0	0	0	0
137.70	167	4	0	0	0	0	0	0	0	0	0
137.80	164	4	0	0	0	0	0	0	0	0	0
137.90	161	4	0	0	0	0	0	0	0	0	0
138.00	159	4	0	0	0	0	0	0	0	0	0
138.10	156	4	0	0	0	0	0	0	0	0	0
138.20	154	4	0	0	0	0	0	0	0	0	0
138.30	151	4	0	0	0	0	0	0	0	0	0
138.40	149	4	0	0	0	0	0	0	0	0	0
138.50	146	4	0	0	0	0	0	0	0	0	0
138.60	144	4	0	0	0	0	0	0	0	0	0
138.70	142	4	0	0	0	0	0	0	0	0	0
138.80	139	4	0	0	0	0	0	0	0	0	0
138.90	137	4	0	0	0	0	0	0	0	0	0
139.00	135	4	0	0	0	0	0	0	0	0	0
139.10	132	4	0	0	0	0	0	0	0	0	0
139.20	130	4	0	0	0	0	0	0	0	0	0
139.30	128	4	0	0	0	0	0	0	0	0	0
139.40	126	4	0	0	0	0	0	0	0	0	0
139.50	124	4	0	0	0	0	0	0	0	0	0
139.60	122	4	0	0	0	0	0	0	0	0	0
139.70	120	4	0	0	0	0	0	0	0	0	0
139.80	118	4	0	0	0	0	0	0	0	0	0
139.90	116	4	0	0	0	0	0	0	0	0	0
140.00	114	4	0	0	0	0	0	0	0	0	0
140.10	112	4	0	0	0	0	0	0	0	0	0
140.20	110	4	0	0	0	0	0	0	0	0	0
140.30	108	4	0	0	0	0	0	0	0	0	0
140.40	106	4	0	0	0	0	0	0	0	0	0
140.50	105	4	0	0	0	0	0	0	0	0	0
140.60	103	4	0	0	0	0	0	0	0	0	0
140.70	101	4	0	0	0	0	0	0	0	0	0
140.80	99	4	0	0	0	0	0	0	0	0	0
140.90	98	4	0	0	0	0	0	0	0	0	0
141.00	96	4	0	0	0	0	0	0	0	0	0
141.10	94	4	0	0	0	0	0	0	0	0	0
141.20	93	4	0	0	0	0	0	0	0	0	0
141.30	91	4	0	0	0	0	0	0	0	0	0
141.40	90	4	0	0	0	0	0	0	0	0	0
141.50	88	4	0	0	0	0	0	0	0	0	0
141.60	87	4	0	0	0	0	0	0	0	0	0
141.70	85	4	0	0	0	0	0	0	0	0	0
141.80	84	4	0	0	0	0	0	0	0	0	0
141.90	82	4	0	0	0	0	0	0	0	0	0
142.00	81	4	0	0	0	0	0	0	0	0	0
142.10	80	4	0	0	0	0	0	0	0	0	0
142.20	78	4	0	0	0	0	0	0	0	0	0
142.30	77	4	0	0	0	0	0	0	0	0	0
142.40	75	4	0	0	0	0	0	0	0	0	0
142.50	74	4	0	0	0	0	0	0	0	0	0
142.60	73	4	0	0	0	0	0	0	0	0	0
142.70	72	4	0	0	0	0	0	0	0	0	0
142.80	70	4	0	0	0	0	0	0	0	0	0
142.90	69	4	0	0	0	0	0	0	0	0	0
143.00	68	4	0	0	0	0	0	0	0	0	0
143.10	67	4	0	0	0	0	0	0	0	0	0
143.20	66	4	0	0	0	0	0	0	0	0	0
143.30	64	4	0	0	0	0	0	0	0	0	0
143.40	63	4	0	0	0	0	0	0	0	0	0
143.50	62	4	0	0	0	0	0	0	0	0	0
143.60	61	4	0	0	0	0	0	0	0	0	0
143.70	60	4	0	0	0	0	0	0	0	0	0
143.80	59	4	0	0	0	0	0	0	0	0	0
143.90	58	4	0	0	0	0	0	0	0	0	0
144.00	57	4	0	0	0	0	0	0	0	0	0
144.10	56	4	0	0	0	0	0	0	0	0	0
144.20	55	4	0	0	0	0	0	0	0	0	0
144.30	54	4	0	0	0	0	0	0	0	0	0
144.40	53	4	0	0	0	0	0	0	0	0	0
144.50	52	4	0	0	0	0	0	0	0	0	0
144.60	51	4	0	0	0	0	0	0	0	0	0
144.70	50	4	0	0	0	0	0	0	0	0	0
144.80	49	4	0	0	0	0	0	0	0	0	0
144.90	48	4	0	0	0	0	0	0	0	0	0
145.00	47	4	0	0	0	0	0	0	0	0	0
145.10	47	4	0	0	0	0	0	0	0	0	0
145.20	46	4	0	0	0	0	0	0	0	0	0
145.30	45	4	0	0	0	0	0	0	0	0	0
145.40	44	4	0	0	0	0	0	0	0	0	0
145.50	43	4	0	0	0	0	0	0	0	0	0
145.60	43	4	0	0	0	0	0	0	0	0	0
145.70	42	4	0	0	0	0	0	0	0	0	0
145.80	41	4	0	0	0	0	0	0	0	0	0
145.90	40	4	0	0	0	0	0	0	0	0	0
146.00	39	4	0	0	0	0	0	0	0	0	0
146.10	39	4	0	0	0	0	0	0	0	0	0
146.20	38	4	0	0	0	0	0	0	0	0	0
146.30	37	4	0	0	0	0	0	0	0	0	0
146.40	37	4	0	0	0	0	0	0	0	0	0
146.50	36	4	0	0	0	0	0	0	0	0	0
146.60	35	4	0	0	0	0	0	0	0	0	0
146.70	35	4	0	0	0	0	0	0	0	0	0
146.80	34	4	0	0	0	0	0	0	0	0	0
146.90	33	4	0	0	0	0	0	0	0	0	0
147.00	33	4	0	0	0	0	0	0	0	0	0
147.10	32	4	0	0	0	0	0	0	0	0	0
147.20	32	4	0	0	0	0	0	0	0	0	0
147.30	31	4	0	0	0	0	0	0	0	0	0
147.40	30	4	0	0	0	0	0	0	0	0	0
147.50	30	4	0	0	0	0	0	0	0	0	0
147.60	29	4	0	0	0	0	0	0	0	0	0
147.70	29	4	0	0	0	0	0	0	0	0	0
147.80	28	4	0	0	0	0	0	0	0	0	0
147.90	28	4	0	0	0	0	0	0	0	0	0
148.00	27	4	0	0	0	0	0	0	0	0	0
148.10	27	4	0	0	0	0	0	0	0	0	0
148.20	26	4	0	0	0	0	0	0	0	0	0
148.30	26	4	0	0	0	0	0	0	0	0	0
148.40	25	4	0	0	0	0	0	0	0	0	0
148.50	25	4	0	0	0	0	0	0	0	0	0
148.60	24	4	0	0	0	0	0	0	0	0	0
148.70	24	4	0	0	0	0	0	0	0	0	0
148.80	23	4	0	0	0	0	0	0	0	0	0
148.90	23	4	0	0	0	0	0	0	0	0	0
149.00	22	4	0	0	0	0	0	0	0	0	0
149.10	22	4	0	0	0	0	0	0	0	0	0
149.20	21	4	0	0	0	0	0	0	0	0	0
149.30	21	4	0	0	0	0	0	0	0	0	0
149.40	21	4	0	0	0	0	0	0	0	0	0
149.50	20	4	0	0	0	0	0	0	0	0	0
149.60	20	4	0	0	0	0	0	0	0	0	0
149.70	19	4	0	0	0	0	0	0	0	0	0
149.80	19	4	0	0	0	0	0	0	0	0	0
149.90	19	4	0	0	0	0	0	0	0	0	0
150.00	18	4	0	0	0	0	0	0	0	0	0
150.10	18	4	0	0	0	0	0	0	0	0	0
150.20	18	4	0	0	0	0	0	0	0	0	0
150.30	17	4	0	0	0	0	0	0	0	0	0
150.40	17	4	0	0	0	0	0	0	0	0	0
150.50	17	4	0	0	0	0	0	0	0	0	0
150.60	16	4	0	0	0	0	0	0	0	0	0
150.70	16	4	0	0	0	0	0	0	0	0	0
150.80	16	4	0	0	0	0	0	0	0	0	0
150.90	15	4	0	0	0	0	0	0	0	0	0
151.00	15	4	0	0	0	0	0	0	0	0	0
151.10	15	4	0	0	0	0	0	0	0	0	0
151.20	14	4	0	0	0	0	0	0	0	0	0
151.30	14	4	0	0	0	0	0	0	0	0	0
151.40	14	4	0	0	0	0	0	0	0	0	0
151.50	14	4	0	0	0	0	0	0	0	0	0
151.60	13	4	0	0	0	0	0	0	0	0	0
151.70	13	4	0	0	0	0	0	0	0	0	0
151.80	13	4	0	0	0	0	0	0	0	0	0
151.90	13	4	0	0	0	0	0	0	0	0	0
152.00	12	4	0	0	0	0	0	0	0	0	0
152.10	12	4	0	0	0	0	0	0	0	0	0
152.20	12	4	0	0	0	0	0	0	0	0	0
152.30	12	4	0	0	0	0	0	0	0	0	0
152.40	11	4	0	0	0	0	0	0	0	0	0
152.50	11	4	0	0	0	0	0	0	0	0	0
152.60	11	4	0	0	0	0	0	0	0	0	0
152.70	11	4	0	0	0	0	0	0	0	0	0
152.80	10	4	0	0	0	0	0	0	0	0	0
152.90	10	4	0	0	0	0	0	0	0	0	0
153.00	10	4	0	0	0	0	0	0	0	0	0
153.10	10	4	0	0	0	0	0	0	0	0	0
153.20	10	4	0	0	0	0	0	0	0	0	0
153.30	9	4	0	0	0	0	0	0	0	0	0
153.40	9	4	0	0	0	0	0	0	0	0	0
153.50	9	4	0	0	0	0	0	0	0	0	0
153.60	9	4	0	0	0	0	0	0	0	0	0
153.70	9	4	0	0	0	0	0	0	0	0	0
153.80	8	4	0	0	0	0	0	0	0	0	0
153.90	8	4	0	0	0	0	0	0	0	0	0
154.00	8	4	0	0	0	0	0	0	0	0	0
154.10	8	4	0	0	0	0	0	0	0	0	0
154.20	8	4	0	0	0	0	0	0	0	0	0
154.30	8	4	0	0	0	0	0	0	0	0	0
154.40	7	4	0	0	0	0	0	0	0	0	0
154.50	7	4	0	0	0	0	0	0	0	0	0
154.60	7	4	0	0	0	0	0	0	0	0	0
154.70	7	4	0	0	0	0	0	0	0	0	0
154.80	7	4	0	0	0	0	0	0	0	0	0
154.90	7	4	0	0	0	0	0	0	0	0	0
155.00	7	4	0	0	0	0	0	0	0	0	0
155.10	6	4	0	0	0	0	0	0	0	0	0
155.20	6	4	0	0	0	0	0	0	0	0	0
155.30	6	4	0	0	0	0	0	0	0	0	0
155.40	6	4	0	0	0	0	0	0	0	0	0
155.50	6	4	0	0	0	0	0	0	0	0	0
155.60	6	4	0	0	0	0	0	0	0	0	0
155.70	6	4	0	0	0	0	0	0	0	0	0
155.80	5	4	0	0	0	0	0	0	0	0	0
155.90	5	4	0	0	0	0	0	0	0	0	0
156.00	5	4	0	0	0	0	0	0	0	0	0
156.10	5	4	0	0	0	0	0	0	0	0	0
156.20	5	4	0	0	0	0	0	0	0	0	0
156.30	5	4	0	0	0	0	0	0	0	0	0
156.40	5	4	0	0	0	0	0	0	0	0	0
156.50	5	4	0	0	0	0	0	0	0	0	0
156.60	5	4	0	0	0	0	0	0	0	0	0
156.70	4	4	0	0	0	0	0	0	0	0	0
156.80	4	4	0	0	0	0	0	0	0	0	0
156.90	4	4	0	0	0	0	0	0	0	0	0
157.00	4	4	0	0	0	0	0	0	0	0	0
157.10	4	4	0	0	0	0	0	0	0	0	0
157.20	4	4	0	0	0	0	0	0	0	0	0
157.30	4	4	0	0	0	0	0	0	0	0	0
157.40	4	4	0	0	0	0	0	0	0	0	0
157.50	4	4	0	0	0	0	0	0	0	0	0
157.60	4	4	0	0	0	0	0	0	0	0	0
157.70	4	4	0	0	0	0	0	0	0	0	0
157.80	3	4	0	0	0	0	0	0	0	0	0
157.90	3	4	0	0	0	0	0	0	0	0	0
158.00	3	4	0	0	0	0	0	0	0	0	0
158.10	3	4	0	0	0	0	0	0	0	0	0
158.20	3	4	0	0	0	0	0	0	0	0	0
158.30	3	4	0	0	0	0	0	0	0	0	0
158.40	3	4	0	0	0	0	0	0	0	0	0
158.50	3	4	0	0	0	0	0	0	0	0	0
158.60	3	4	0	0	0	0	0	0	0	0	0
158.70	3	4	0	0	0	0	0	0	0	0	0
158.80	3	4	0	0	0	0	0	0	0	0	0
158.90	3	4	0	0	0	0	0	0	0	0	0
159.00	3	4	0	0	0	0	0	0	0	0	0
159.10	3	4	0	0	0	0	0	0	0	0	0
159.20	3	4	0	0	0	0	0	0	0	0	0
159.30	2	4	0	0	0	0	0	0	0	0	0
159.40	2	4	0	0	0	0	0	0	0	0	0
159.50	2	4	0	0	0	0	0	0	0	0	0
159.60	2	4	0	0	0	0	0	0	0	0	0
159.70	2	4	0	0	0	0	0	0	0	0	0
159.80	2	4	0	0	0	0	0	0	0	0	0
159.90	2	4	0	0	0	0	0	0	0	0	0
160.00	2	4	0	0	0	0	0	0	0	0	0
160.10	2	4	0	0	0	0	0	0	0	0	0
160.20	2	4	0	0	0	0	0	0	0	0	0
160.30	2	4	0	0	0	0	0	0	0	0	0
160.40	2	4	0	0	0	0	0	0	0	0	0
160.50	2	4	0	0	0	0	0	0	0	0	0
160.60	2	4	0	0	0	0	0	0	0	0	0
160.70	2	4	0	0	0	0	0	0	0	0	0
160.80	2	4	0	0	0	0	0	0	0	0	0
160.90	2	4	0	0	0	0	0	0	0	0	0
161.00	2	4	0	0	0	0	0	0	0	0	0
161.10	2	4	0	0	0	0	0	0	0	0	0
161.20	2	4	0	0	0	0	0	0	0	0	0
161.30	2	4	0	0	0	0	0	0	0	0	0
161.40	1	4	0	0	0	0	0	0	0	0	0
161.50	1	4	0	0	0	0	0	0	0	0	0
161.60	1	4	0	0	0	0	0	0	0	0	0
161.70	1	4	0	0	0	0	0	0	0	0	0
161.80	1	4	0	0	0	0	0	0	0	0	0
161.90	1	4	0	0	0	0	0	0	0	0	0
162.00	1	4	0	0	0	0	0	0	0	0	0
162.10	1	4	0	0	0	0	0	0	0	0	0
162.20	1	4	0	0	0	0	0	0	0	0	0
162.30	1	4	0	0	0	0	0	0	0	0	0
162.40	1	4	0	0	0	0	0	0	0	0	0
162.50	1	4	0	0	0	0	0	0	0	0	0
162.60	1	4	0	0	0	0	0	0	0	0	0
162.70	1	4	0	0	0	0	0	0	0	0	0
162.80	1	4	0	0	0	0	0	0	0	0	0
162.90	1	4	0	0	0	0	0	0	0	0	0
163.00	1	4	0	0	0	0	0	0	0	0	0
163.10	1	4	0	0	0	0	0	0	0	0	0
163.20	1	4	0	0	0	0	0	0	0	0	0
163.30	1	4	0	0	0	0	0	0	0	0	0
163.40	1	4	0	0	0	0	0	0	0	0	0
163.50	1	4	0	0	0	0	0	0	0	0	0
163.60	1	4	0	0	0	0	0	0	0	0	0
163.70	1	4	0	0	0	0	0	0	0	0	0
163.80	1	4	0	0	0	0	0	0	0	0	0
163.90	1	4	0	0	0	0	0	0	0	0	0
164.00	1	4	0	0	0	0	0	0	0	0	0
164.10	1	4	0	0	0	0	0	0	0	0	0
164.20	1	4	0	0	0	0	0	0	0	0	0
164.30	1	4	0	0	0	0	0	0	0	0	0
164.40	1	4	0	0	0	0	0	0	0	0	0
164.50	1	4	0	0	0	0	0	0	0	0	0
164.60	1	4	0	0	0	0	0	0	0	0	0
164.70	1	4	0	0	0	0	0	0	0	0	0
164.80	1	4	0	0	0	0	0	0	0	0	0
164.90	1	4	0	0	0	0	0	0	0	0	0
165.00	1	4	0	0	0	0	0	0	0	0	0
165.10	1	4	0	0	0	0	0	0	0	0	0
165.20	1	4	0	0	0	0	0	0	0	0	0
165.30	1	4	0	0	0	0	0	0	0	0	0
165.40	1	4	0	0	0	0	0	0	0	0	0
165.50	1	4	0	0	0	0	0	0	0	0	0
165.60	0	4	0	0	0	0	0	0	0	0	0
165.70	0	4	0	0	0	0	0	0	0	0	0
165.80	0	4	0	0	0	0	0	0	0	0	0
165.90	0	4	0	0	0	0	0	0	0	0	0
166.00	0	4	0	0	0	0	0	0	0	0	0
166.10	0	4	0	0	0	0	0	0	0	0	0
166.20	0	4	0	0	0	0	0	0	0	0	0
166.30	0	4	0	0	0	0	0	0	0	0	0
166.40	0	4	0	0	0	0	0	0	0	0	0
166.50	0	4	0	0	0	0	0	0	0	0	0
166.60	0	4	0	0	0	0	0	0	0	0	0
166.70	0	4	0	0	0	0	0	0	0	0	0
166.80	0	4	0	0	0	0	0	0	0	0	0
166.90	0	4	0	0	0	0	0	0	0	0	0
167.00	0	4	0	0	0	0	0	0	0	0	0
167.10	0	4	0	0	0	0	0	0	0	0	0
167.20	0	4	0	0	0	0	0	0	0	0	0
167.30	0	4	0	0	0	0	0	0	0	0	0
167.40	0	4	0	0	0	0	0	0	0	0	0
167.50	0	4	0	0	0	0	0	0	0	0	0
167.60	0	4	0	0	0	0	0	0	0	0	0
167.70	0	4	0	0	0	0	0	0	0	0	0
167.80	0	4	0	0	0	0	0	0	0	0	0
167.90	0	4	0	0	0	0	0	0	0	0	0
168.00	0	4	0	0	0	0	0	0	0	0	0
168.10	0	4	0	0	0	0	0	0	0	0	0
168.20	0	4	0	0	0	0	0	0	0	0	0
168.30	0	4	0	0	0	0	0	0	0	0	0
168.40	0	4	0	0	0	0	0	0	0	0	0
168.50	0	4	0	0	0	0	0	0	0	0	0
168.60	0	4	0	0	0	0	0	0	0	0	0
168.70	0	4	0	0	0	0	0	0	0	0	0
168.80	0	4	0	0	0	0	0	0	0	0	0
168.90	0	4	0	0	0	0	0	0	0	0	0
169.00	0	4	0	0	0	0	0	0	0	0	0
169.10	0	4	0	0	0	0	0	0	0	0	0
169.20	0	4	0	0	0	0	0	0	0	0	0
169.30	0	4	0	0	0	0	0	0	0	0	0
169.40	0	4	0	0	0	0	0	0	0	0	0
169.50	0	4	0	0	0	0	0	0	0	0	0
169.60	0	4	0	0	0	0	0	0	0	0	0
169.70	0	4	0	0	0	0	0	0	0	0	0
169.80	0	4	0	0	0	0	0	0	0	0	0
169.90	0	4	0	0	0	0	0	0	0	0	0
170.00	0	4	0	0	0	0	0	0	0	0	0
170.10	0	4	0	0	0	0	0	0	0	0	0
170.20	0	4	0	0	0	0	0	0	0	0	0
170.30	0	4	0	0	0	0	0	0	0	0	0
170.40	0	4	0	0	0	0	0	0	0	0	0
170.50	0	4	0	0	0	0	0	0	0	0	0
170.60	0	4	0	0	0	0	0	0	0	0	0
170.70	0	4	0	0	0	0	0	0	0	0	0
170.80	0	4	0	0	0	0	0	0	0	0	0
170.90	0	4	0	0	0	0	0	0	0	0	0
171.00	0	4	0	0	0	0	0	0	0	0	0
171.10	0	4	0	0	0	0	0	0	0	0	0
171.20	0	4	0	0	0	0	0	0	0	0	0
171.30	0	4	0	0	0	0	0	0	0	0	0
171.40	0	4	0	0	0	0	0	0	0	0	0
171.50	0	4	0	0	0	0	0	0	0	0	0
171.60	0	4	0	0	0	0	0	0	0	0	0
171.70	0	4	0	0	0	0	0	0	0	0	0
171.80	0	4	0	0	0	0	0	0	0	0	0
171.90	0	4	0	0	0	0	0	0	0	0	0
172.00	0	4	0	0	0	0	0	0	0	0	0
172.10	0	4	0	0	0	0	0	0	0	0	0
172.20	0	4	0	0	0	0	0	0	0	0	0
172.30	0	4	0	0	0	0	0	0	0	0	0
172.40	0	4	0	0	0	0	0	0	0	0	0
172.50	0	4	0	0	0	0	0	0	0	0	0
172.60	0	4	0	0	0	0	0	0	0	0	0
172.70	0	4	0	0	0	0	0	0	0	0	0
172.80	0	4	0	0	0	0	0	0	0	0	0
172.90	0	4	0	0	0	0	0	0	0	0	0
173.00	0	4	0	0	0	0	0	0	0	0	0
173.10	0	4	0	0	0	0	0	0	0	0	0
173.20	0	4	0	0	0	0	0	0	0	0	0
173.30	0	4	0	0	0	0	0	0	0	0	0
173.40	0	4	0	0	0	0	0	0	0	0	0
173.50	0	4	0	0	0	0	0	0	0	0	0
173.60	0	4	0	0	0	0	0	0	0	0	0
173.70	0	4	0	0	0	0	0	0	0	0	0
173.80	0	4	0	0	0	0	0	0	0	0	0
173.90	0	4	0	0	0	0	0	0	0	0	0
174.00	0	4	0	0	0	0	0	0	0	0	0
174.10	0	4	0	0	0	0	0	0	0	0	0
174.20	0	4	0	0	0	0	0	0	0	0	0
174.30	0	4	0	0	0	0	0	0	0	0	0
174.40	0	4	0	0	0	0	0	0	0	0	0
174.50	0	4	0	0	0	0	0	0	0	0	0
174.60	0	4	0	0	0	0	0	0	0	0	0
174.70	0	4	0	0	0	0	0	0	0	0	0
174.80	0	4	0	0	0	0	0	0	0	0	0
174.90	0	4	0	0	0	0	0	0	0	0	0
175.00	0	4	0	0	0	0	0	0	0	0	0
175.10	0	4	0	0	0	0	0	0	0	0	0
175.20	0	4	0	0	0	0	0	0	0	0	0
175.30	0	4	0	0	0	0	0	0	0	0	0
175.40	0	4	0	0	0	0	0	0	0	0	0
175.50	0	4	0	0	0	0	0	0	0	0	0
175.60	0	4	0	0	0	0	0	0	0	0	0
175.70	0	4	0	0	0	0	0	0	0	0	0
175.80	0	4	0	0	0	0	0	0	0	0	0
175.90	0	4	0	0	0	0	0	0	0	0	0
176.00	0	4	0	0	0	0	0	0	0	0	0
176.10	0	4	0	0	0	0	0	0	0	0	0
176.20	0	4	0	0	0	0	0	0	0	0	0
176.30	0	4	0	0	0	0	0	0	0	0	0
176.40	0	4	0	0	0	0	0	0	0	0	0
176.50	0	4	0	0	0	0	0	0	0	0	0
176.60	0	4	0	0	0	0	0	0	0	0	0
176.70	0	4	0	0	0	0	0	0	0	0	0
176.80	0	4	0	0	0	0	0	0	0	0	0
176.90	0	4	0	0	0	0	0	0	0	0	0
177.00	0	4	0	0	0	0	0	0	0	0	0
177.10	0	4	0	0	0	0	0	0	0	0	0
177.20	0	4	0	0	0	0	0	0	0	0	0
177.30	0	4	0	0	0	0	0	0	0	0	0
177.40	0	4	0	0	0	0	0	0	0	0	0
177.50	0	4	0	0	0	0	0	0	0	0	0
177.60	0	4	0	0	0	0	0	0	0	0	0
177.70	0	4	0	0	0	0	0	0	0	0	0
177.80	0	4	0	0	0	0	0	0	0	0	0
177.90	0	4	0	0	0	0	0	0	0	0	0
178.00	0	4	0	0	0	0	0	0	0	0	0
178.10	0	4	0	0	0	0	0	0	0	0	0
178.20	0	4	0	0	0	0	0	0	0	0	0
178.30	0	4	0	0	0	0	0	0	0	0	0
178.40	0	4	0	0	0	0	0	0	0	0	0
178.50	0	4	0	0	0	0	0	0	0	0	0
178.60	0	4	0	0	0	0	0	0	0	0	0
178.70	0	4	0	0	0	0	0	0	0	0	0
178.80	0	4	0	0	0	0	0	0	0	0	0
178.90	0	4	0	0	0	0	0	0	0	0	0
179.00	0	4	0	0	0	0	0	0	0	0	0
179.10	0	4	0	0	0	0	0	0	0	0	0
179.20	0	4	0	0	0	0	0	0	0	0	0
179.30	0	4	0	0	0	0	0	0	0	0	0
179.40	0	4	0	0	0	0	0	0	0	0	0
179.50	0	4	0	0	0	0	0	0	0	0	0
179.60	0	4	0	0	0	0	0	0	0	0	0
179.70	0	4	0	0	0	0	0	0	0	0	0
179.80	0	4	0	0	0	0	0	0	0	0	0
179.90	0	4	0	0	0	0	0	0	0	0	0
180.00	0	4	0	0	0	0	0	0	0	0	0
180.10	0	4	0	0	0	0	0	0	0	0	0
180.20	0	4	0	0	0	0	0	0	0	0	0
180.30	0	4	0	0	0	0	0	0	0	0	0
180.40	0	4	0	0	0	0	0	0	0	0	0
180.50	0	4	0	0	0	0	0	0	0	0	0
180.60	0	4	0	0	0	0	0	0	0	0	0
180.70	0	4	0	0	0	0	0	0	0	0	0
180.80	0	4	0	0	0	0	0	0	0	0	0
180.90	0	4	0	0	0	0	0	0	0	0	0
181.00	0	4	0	0	0	0	0	0	0	0	0
181.10	0	4	0	0	0	0	0	0	0	0	0
181.20	0	4	0	0	0	0	0	0	0	0	0
181.30	0	4	0	0	0	0	0	0	0	0	0
181.40	0	4	0	0	0	0	0	0	0	0	0
181.50	0	4	0	0	0	0	0	0	0	0	0
181.60	0	4	0	0	0	0	0	0	0	0	0
181.70	0	4	0	0	0	0	0	0	0	0	0
181.80	0	4	0	0	0	0	0	0	0	0	0
181.90	0	4	0	0	0	0	0	0	0	0	0
182.00	0	4	0	0	0	0	0	0	0	0	0
182.10	0	4	0	0	0	0	0	0	0	0	0
182.20	0	4	0	0	0	0	0	0	0	0	0
182.30	0	4	0	0	0	0	0	0	0	0	0
182.40	0	4	0	0	0	0	0	0	0	0	0
182.50	0	4	0	0	0	0	0	0	0	0	0
182.60	0	4	0	0	0	0	0	0	0	0	0
182.70	0	4	0	0	0	0	0	0	0	0	0
182.80	0	4	0	0	0	0	0	0	0	0	0
182.90	0	4	0	0	0	0	0	0	0	0	0
183.00	0	4	0	0	0	0	0	0	0	0	0
183.10	0	4	0	0	0	0	0	0	0	0	0
183.20	0	4	0	0	0	0	0	0	0	0	0
183.30	0	4	0	0	0	0	0	0	0	0	0
183.40	0	4	0	0	0	0	0	0	0	0	0
183.50	0	4	0	0	0	0	0	0	0	0	0
183.60	0	4	0	0	0	0	0	0	0	0	0
183.70	0	4	0	0	0	0	0	0	0	0	0
183.80	0	4	0	0	0	0	0	0	0	0	0
183.90	0	4	0	0	0	0	0	0	0	0	0
184.00	0	4	0	0	0	0	0	0	0	0	0
184.10	0	4	0	0	0	0	0	0	0	0	0
184.20	0	4	0	0	0	0	0	0	0	0	0
184.30	0	4	0	0	0	0	0	0	0	0	0
184.40	0	4	0	0	0	0	0	0	0	0	0
184.50	0	4	0	0	0	0	0	0	0	0	0
184.60	0	4	0	0	0	0	0	0	0	0	0
184.70	0	4	0	0	0	0	0	0	0	0	0
184.80	0	4	0	0	0	0	0	0	0	0	0
184.90	0	4	0	0	0	0	0	0	0	0	0
185.00	0	4	0	0	0	0	0	0	0	0	0
185.10	0	4	0	0	0	0	0	0	0	0	0
185.20	0	4	0	0	0	0	0	0	0	0	0
185.30	0	4	0	0	0	0	0	0	0	0	0
185.40	0	4	0	0	0	0	0	0	0	0	0
185.50	0	4	0	0	0	0	0	0	0	0	0
185.60	0	4	0	0	0	0	0	0	0	0	0
185.70	0	4	0	0	0	0	0	0	0	0	0
185.80	0	4	0	0	0	0	0	0	0	0	0
185.90	0	4	0	0	0	0	0	0	0	0	0
186.00	0	4	0	0	0	0	0	0	0	0	0
186.10	0	4	0	0	0	0	0	0	0	0	0
186.20	0	4	0	0	0	0	0	0	0	0	0
186.30	0	4	0	0	0	0	0	0	0	0	0
186.40	0	4	0	0	0	0	0	0	0	0	0
186.50	0	4	0	0	0	0	0	0	0	0	0
186.60	0	4	0	0	0	0	0	0	0	0	0
186.70	0	4	0	0	0	0	0	0	0	0	0
186.80	0	4	0	0	0	0	0	0	0	0	0
186.90	0	4	0	0	0	0	0	0	0	0	0
187.00	0	4	0	0	0	0	0	0	0	0	0
187.10	0	4	0	0	0	0	0	0	0	0	0
187.20	0	4	0	0	0	0	0	0	0	0	0
187.30	0	4	0	0	0	0	0	0	0	0	0
187.40	0	4	0	0	0	0	0	0	0	0	0
187.50	0	4	0	0	0	0	0	0	0	0	0
187.60	0	4	0	0	0	0	0	0	0	0	0
187.70	0	4	0	0	0	0	0	0	0	0	0
187.80	0	4	0	0	0	0	0	0	0	0	0
187.90	0	4	0	0	0	0	0	0	0	0	0
188.00	0	4	0	0	0	0	0	0	0	0	0
188.10	0	4	0	0	0	0	0	0	0	0	0
188.20	0	4	0	0	0	0	0	0	0	0	0
188.30	0	4	0	0	0	0	0	0	0	0	0
188.40	0	4	0	0	0	0	0	0	0	0	0
188.50	0	4	0	0	0	0	0	0	0	0	0
188.60	0	4	0	0	0	0	0	0	0	0	0
188.70	0	4	0	0	0	0	0	0	0	0	0
188.80	0	4	0	0	0	0	0	0	0	0	0
188.90	0	4	0	0	0	0	0	0	0	0	0
189.00	0	4	0	0	0	0	0	0	0	0	0
189.10	0	4	0	0	0	0	0	0	0	0	0
189.20	0	4	0	0	0	0	0	0	0	0	0
189.30	0	4	0	0	0	0	0	0	0	0	0
189.40	0	4	0	0	0	0	0	0	0	0	0
189.50	0	4	0	0	0	0	0	0	0	0	0
189.60	0	4	0	0	0	0	0	0	0	0	0
189.70	0	4	0	0	0	0	0	0	0	0	0
189.80	0	4	0	0	0	0	0	0	0	0	0
189.90	0	4	0	0	0	0	0	0	0	0	0
190.00	0	4	0	0	0	0	0	0	0	0	0
190.10	0	4	0	0	0	0	0	0	0	0	0
190.20	0	4	0	0	0	0	0	0	0	0	0
190.30	0	4	0	0	0	0	0	0	0	0	0
190.40	0	4	0	0	0	0	0	0	0	0	0
190.50	0	4	0	0	0	0	0	0	0	0	0
190.60	0	4	0	0	0	0	0	0	0	0	0
190.70	0	4	0	0	0	0	0	0	0	0	0
190.80	0	4	0	0	0	0	0	0	0	0	0
190.90	0	4	0	0	0	0	0	0	0	0	0
191.00	0	4	0	0	0	0	0	0	0	0	0
191.10	0	4	0	0	0	0	0	0	0	0	0
191.20	0	4	0	0	0	0	0	0	0	0	0
191.30	0	4	0	0	0	0	0	0	0	0	0
191.40	0	4	0	0	0	0	0	0	0	0	0
191.50	0	4	0	0	0	0	0	0	0	0	0
191.60	0	4	0	0	0	0	0	0	0	0	0
191.70	0	4	0	0	0	0	0	0	0	0	0
191.80	0	4	0	0	0	0	0	0	0	0	0
191.90	0	4	0	0	0	0	0	0	0	0	0
192.00	0	4	0	0	0	0	0	0	0	0	0
192.10	0	4	0	0	0	0	0	0	0	0	0
192.20	0	4	0	0	0	0	0	0	0	0	0
192.30	0	4	0	0	0	0	0	0	0	0	0
192.40	0	4	0	0	0	0	0	0	0	0	0
192.50	0	4	0	0	0	0	0	0	0	0	0
192.60	0	4	0	0	0	0	0	0	0	0	0
192.70	0	4	0	0	0	0	0	0	0	0	0
192.80	0	4	0	0	0	0	0	0	0	0	0
192.90	0	4	0	0	0	0	0	0	0	0	0
193.00	0	4	0	0	0	0	0	0	0	0	0
193.10	0	4	0	0	0	0	0	0	0	0	0
193.20	0	4	0	0	0	0	0	0	0	0	0
193.30	0	4	0	0	0	0	0	0	0	0	0
193.40	0	4	0	0	0	0	0	0	0	0	0
193.50	0	4	0	0	0	0	0	0	0	0	0
193.60	0	4	0	0	0	0	0	0	0	0	0
193.70	0	4	0	0	0	0	0	0	0	0	0
193.80	0	4	0	0	0	0	0	0	0	0	0
193.90	0	4	0	0	0	0	0	0	0	0	0
194.00	0	4	0	0	0	0	0	0	0	0	0
194.10	0	4	0	0	0	0	0	0	0	0	0
194.20	0	4	0	0	0	0	0	0	0	0	0
194.30	0	4	0	0	0	0	0	0	0	0	0
194.40	0	4	0	0	0	0	0	0	0	0	0
194.50	0	4	0	0	0	0	0	0	0	0	0
194.60	0	4	0	0	0	0	0	0	0	0	0
194.70	0	4	0	0	0	0	0	0	0	0	0
194.80	0	4	0	0	0	0	0	0	0	0	0
194.90	0	4	0	0	0	0	0	0	0	0	0
195.00	0	4	0	0	0	0	0	0	0	0	0
195.10	0	4	0	0	0	0	0	0	0	0	0
195.20	0	4	0	0	0	0	0	0	0	0	0
195.30	0	4	0	0	0	0	0	0	0	0	0
195.40	0	4	0	0	0	0	0	0	0	0	0
195.50	0	4	0	0	0	0	0	0	0	0	0
195.60	0	4	0	0	0	0	0	0	0	0	0
195.70	0	4	0	0	0	0	0	0	0	0	0
195.80	0	4	0	0	0	0	0	0	0	0	0
195.90	0	4	0	0	0	0	0	0	0	0	0
196.00	0	4	0	0	0	0	0	0	0	0	0
196.10	0	4	0	0	0	0	0	0	0	0	0
196.20	0	4	0	0	0	0	0	0	0	0	0
196.30	0	4	0	0	0	0	0	0	0	0	0
196.40	0	4	0	0	0	0	0	0	0	0	0
196.50	0	4	0	0	0	0	0	0	0	0	0
196.60	0	4	0	0	0	0	0	0	0	0	0
196.70	0	4	0	0	0	0	0	0	0	0	0
196.80	0	4	0	0	0	0	0	0	0	0	0
196.90	0	4	0	0	0	0	0	0	0	0	0
197.00	0	4	0	0	0	0	0	0	0	0	0
197.10	0	4	0	0	0	0	0	0	0	0	0
197.20	0	4	0	0	0	0	0	0	0	0	0
197.30	0	4	0	0	0	0	0	0	0	0	0
197.40	0	4	0	0	0	0	0	0	0	0	0
197.50	0	4	0	0	0	0	0	0	0	0	0
197.60	0	4	0	0	0	0	0	0	0	0	0
197.70	0	4	0	0	0	0	0	0	0	0	0
197.80	0	4	0	0	0	0	0	0	0	0	0
197.90	0	4	0	0	0	0	0	0	0	0	0
198.00	0	4	0	0	0	0	0	0	0	0	0
198.10	0	4	0	0	0	0	0	0	0	0	0
198.20	0	4	0	0	0	0	0	0	0	0	0
198.30	0	4	0	0	0	0	0	0	0	0	0
198.40	0	4	0	0	0	0	0	0	0	0	0
198.50	0	4	0	0	0	0	0	0	0	0	0
198.60	0	4	0	0	0	0	0	0	0	0	0
198.70	0	4	0	0	0	0	0	0	0	0	0
198.80	0	4	0	0	0	0	0	0	0	0	0
198.90	0	4	0	0	0	0	0	0	0	0	0
199.00	0	4	0	0	0	0	0	0	0	0	0
199.10	0	4	0	0	0	0	0	0	0	0	0
199.20	0	4	0	0	0	0	0	0	0	0	0
199.30	0	4	0	0	0	0	0	0	0	0	0
199.40	0	4	0	0	0	0	0	0	0	0	0
199.50	0	4	0	0	0	0	0	0	0	0	0
199.60	0	4	0	0	0	0	0	0	0	0	0
199.70	0	4	0	0	0	0	0	0	0	0	0
199.80	0	4	0	0	0	0	0	0	0	0	0
199.90	0	4	0	0	0	0	0	0	0	0	0
200.00	0	4	0	0	0	0	0	0	0	0	0
200.10	0	4	0	0	0	0	0	0	0	0	0
200.20	0	4	0	0	0	0	0	0	0	0	0
200.30	0	4	0	0	0	0	0	0	0	0	0
200.40	0	4	0	0	0	0	0	0	0	0	0
200.50	0	4	0	0	0	0	0	0	0	0	0
200.60	0	4	0	0	0	0	0	0	0	0	0
200.70	0	4	0	0	0	0	0	0	0	0	0
200.80	0	4	0	0	0	0	0	0	0	0	0
200.90	0	4	0	0	0	0	0	0	0	0	0
201.00	0	4	0	0	0	0	0	0	0	0	0
201.10	0	4	0	0	0	0	0	0	0	0	0
201.20	0	4	0	0	0	0	0	0	0	0	0
201.30	0	4	0	0	0	0	0	0	0	0	0
201.40	0	4	0	0	0	0	0	0	0	0	0
201.50	0	4	0	0	0	0	0	0	0	0	0
201.60	0	4	0	0	0	0	0	0	0	0	0
201.70	0	4	0	0	0	0	0	0	0	0	0
201.80	0	4	0	0	0	0	0	0	0	0	0
201.90	0	4	0	0	0	0	0	0	0	0	0
202.00	0	4	0	0	0	0	0	0	0	0	0
202.10	0	4	0	0	0	0	0	0	0	0	0
202.20	0	4	0	0	0	0	0	0	0	0	0
202.30	0	4	0	0	0	0	0	0	0	0	0
202.40	0	4	0	0	0	0	0	0	0	0	0
202.50	0	4	0	0	0	0	0	0	0	0	0
202.60	0	4	0	0	0	0	0	0	0	0	0
202.70	0	4	0	0	0	0	0	0	0	0	0
202.80	0	4	0	0	0	0	0	0	0	0	0
202.90	0	4	0	0	0	0	0	0	0	0	0
203.00	0	4	0	0	0	0	0	0	0	0	0
203.10	0	4	0	0	0	0	0	0	0	0	0
203.20	0	4	0	0	0	0	0	0	0	0	0
203.30	0	4	0	0	0	0	0	0	0	0	0
203.40	0	4	0	0	0	0	0	0	0	0	0
203.50	0	4	0	0	0	0	0	0	0	0	0
203.60	0	4	0	0	0	0	0	0	0	0	0
203.70	0	4	0	0	0	0	0	0	0	0	0
203.80	0	4	0	0	0	0	0	0	0	0	0
203.90	0	4	0	0	0	0	0	0	0	0	0
204.00	0	4	0	0	0	0	0	0	0	0	0
204.10	0	4	0	0	0	0	0	0	0	0	0
204.20	0	4	0	0	0	0	0	0	0	0	0
204.30	0	4	0	0	0	0	0	0	0	0	0
204.40	0	4	0	0	0	0	0	0	0	0	0
204.50	0	4	0	0	0	0	0	0	0	0	0
204.60	0	4	0	0	0	0	0	0	0	0	0
204.70	0	4	0	0	0	0	0	0	0	0	0
204.80	0	4	0	0	0	0	0	0	0	0	0
204.90	0	4	0	0	0	0	0	0	0	0	0
205.00	0	4	0	0	0	0	0	0	0	0	0
205.10	0	4	0	0	0	0	0	0	0	0	0
205.20	0	4	0	0	0	0	0	0	0	0	0
205.30	0	4	0	0	0	0	0	0	0	0	0
205.40	0	4	0	0	0	0	0	0	0	0	0
205.50	0	4	0	0	0	0	0	0	0	0	0
205.60	0	4	0	0	0	0	0	0	0	0	0
205.70	0	4	0	0	0	0	0	0	0	0	0
205.80	0	4	0	0	0	0	0	0	0	0	0
205.90	0	4	0	0	0	0	0	0	0	0	0
206.00	0	4	0	0	0	0	0	0	0	0	0
206.10	0	4	0	0	0	0	0	0	0	0	0
206.20	0	4	0	0	0	0	0	0	0	0	0
206.30	0	4	0	0	0	0	0	0	0	0	0
206.40	0	4	0	0	0	0	0	0	0	0	0
206.50	0	4	0	0	0	0	0	0	0	0	0
206.60	0	4	0	0	0	0	0	0	0	0	0
206.70	0	4	0	0	0	0	0	0	0	0	0
206.80	0	4	0	0	0	0	0	0	0	0	0
206.90	0	4	0	0	0	0	0	0	0	0	0
207.00	0	4	0	0	0	0	0	0	0	0	0
207.10	0	4	0	0	0	0	0	0	0	0	0
207.20	0	4	0	0	0	0	0	0	0	0	0
207.26	0	4	0	0	0	0	0	0	0	0	0