-999	"MyLake init"
Z (m)	Az (m2)	Tz (deg C)	Cz	Sz (kg/m3)	TPz (mg/m3)	DOPz (mg/m3)	Chlaz (mg/m3)	DOCz (mg/m3)	TPz_sed (mg/m3)	Chlaz_sed (mg/m3)	"Fvol_IM (m3/m3	 dry w.)"	Hice (m)	Hsnow (m)
0.00	191617	4	0	0	0	0	0	0	0	0	0	0	0
0.10	189578	4	0	0	0	0	0	0	0	0	0
0.20	187550	4	0	0	0	0	0	0	0	0	0
0.30	185532	4	0	0	0	0	0	0	0	0	0
0.40	183525	4	0	0	0	0	0	0	0	0	0
0.50	181529	4	0	0	0	0	0	0	0	0	0
0.60	179543	4	0	0	0	0	0	0	0	0	0
0.70	177568	4	0	0	0	0	0	0	0	0	0
0.80	175603	4	0	0	0	0	0	0	0	0	0
0.90	173649	4	0	0	0	0	0	0	0	0	0
1.00	171706	4	0	0	0	0	0	0	0	0	0
1.10	169774	4	0	0	0	0	0	0	0	0	0
1.20	167852	4	0	0	0	0	0	0	0	0	0
1.30	165940	4	0	0	0	0	0	0	0	0	0
1.40	164040	4	0	0	0	0	0	0	0	0	0
1.50	162150	4	0	0	0	0	0	0	0	0	0
1.60	160270	4	0	0	0	0	0	0	0	0	0
1.70	158402	4	0	0	0	0	0	0	0	0	0
1.80	156544	4	0	0	0	0	0	0	0	0	0
1.90	154696	4	0	0	0	0	0	0	0	0	0
2.00	152860	4	0	0	0	0	0	0	0	0	0
2.10	151034	4	0	0	0	0	0	0	0	0	0
2.20	149218	4	0	0	0	0	0	0	0	0	0
2.30	147414	4	0	0	0	0	0	0	0	0	0
2.40	145620	4	0	0	0	0	0	0	0	0	0
2.50	143836	4	0	0	0	0	0	0	0	0	0
2.60	142064	4	0	0	0	0	0	0	0	0	0
2.70	140302	4	0	0	0	0	0	0	0	0	0
2.80	138551	4	0	0	0	0	0	0	0	0	0
2.90	136810	4	0	0	0	0	0	0	0	0	0
3.00	135081	4	0	0	0	0	0	0	0	0	0
3.10	133362	4	0	0	0	0	0	0	0	0	0
3.20	131653	4	0	0	0	0	0	0	0	0	0
3.30	129956	4	0	0	0	0	0	0	0	0	0
3.40	128269	4	0	0	0	0	0	0	0	0	0
3.50	126593	4	0	0	0	0	0	0	0	0	0
3.60	124927	4	0	0	0	0	0	0	0	0	0
3.70	123273	4	0	0	0	0	0	0	0	0	0
3.80	121629	4	0	0	0	0	0	0	0	0	0
3.90	119996	4	0	0	0	0	0	0	0	0	0
4.00	118373	4	0	0	0	0	0	0	0	0	0
4.10	116762	4	0	0	0	0	0	0	0	0	0
4.20	115161	4	0	0	0	0	0	0	0	0	0
4.30	113570	4	0	0	0	0	0	0	0	0	0
4.40	111991	4	0	0	0	0	0	0	0	0	0
4.50	110422	4	0	0	0	0	0	0	0	0	0
4.60	108865	4	0	0	0	0	0	0	0	0	0
4.70	107317	4	0	0	0	0	0	0	0	0	0
4.80	105781	4	0	0	0	0	0	0	0	0	0
4.90	104256	4	0	0	0	0	0	0	0	0	0
5.00	102741	4	0	0	0	0	0	0	0	0	0
5.10	101237	4	0	0	0	0	0	0	0	0	0
5.20	99744	4	0	0	0	0	0	0	0	0	0
5.30	98261	4	0	0	0	0	0	0	0	0	0
5.40	96790	4	0	0	0	0	0	0	0	0	0
5.50	95329	4	0	0	0	0	0	0	0	0	0
5.60	93879	4	0	0	0	0	0	0	0	0	0
5.70	92440	4	0	0	0	0	0	0	0	0	0
5.80	91012	4	0	0	0	0	0	0	0	0	0
5.90	89594	4	0	0	0	0	0	0	0	0	0
6.00	88188	4	0	0	0	0	0	0	0	0	0
6.10	86792	4	0	0	0	0	0	0	0	0	0
6.20	85407	4	0	0	0	0	0	0	0	0	0
6.30	84033	4	0	0	0	0	0	0	0	0	0
6.40	82670	4	0	0	0	0	0	0	0	0	0
6.50	81317	4	0	0	0	0	0	0	0	0	0
6.60	79976	4	0	0	0	0	0	0	0	0	0
6.70	78645	4	0	0	0	0	0	0	0	0	0
6.80	77325	4	0	0	0	0	0	0	0	0	0
6.90	76016	4	0	0	0	0	0	0	0	0	0
7.00	74718	4	0	0	0	0	0	0	0	0	0
7.10	73431	4	0	0	0	0	0	0	0	0	0
7.20	72155	4	0	0	0	0	0	0	0	0	0
7.30	70889	4	0	0	0	0	0	0	0	0	0
7.40	69635	4	0	0	0	0	0	0	0	0	0
7.50	68391	4	0	0	0	0	0	0	0	0	0
7.60	67158	4	0	0	0	0	0	0	0	0	0
7.70	65937	4	0	0	0	0	0	0	0	0	0
7.80	64726	4	0	0	0	0	0	0	0	0	0
7.90	63526	4	0	0	0	0	0	0	0	0	0
8.00	62337	4	0	0	0	0	0	0	0	0	0
8.10	61159	4	0	0	0	0	0	0	0	0	0
8.20	59992	4	0	0	0	0	0	0	0	0	0
8.30	58836	4	0	0	0	0	0	0	0	0	0
8.40	57690	4	0	0	0	0	0	0	0	0	0
8.50	56556	4	0	0	0	0	0	0	0	0	0
8.60	55433	4	0	0	0	0	0	0	0	0	0
8.70	54320	4	0	0	0	0	0	0	0	0	0
8.80	53219	4	0	0	0	0	0	0	0	0	0
8.90	52129	4	0	0	0	0	0	0	0	0	0
9.00	51049	4	0	0	0	0	0	0	0	0	0
9.10	49981	4	0	0	0	0	0	0	0	0	0
9.20	48924	4	0	0	0	0	0	0	0	0	0
9.30	47877	4	0	0	0	0	0	0	0	0	0
9.40	46842	4	0	0	0	0	0	0	0	0	0
9.50	45817	4	0	0	0	0	0	0	0	0	0
9.60	44804	4	0	0	0	0	0	0	0	0	0
9.70	43802	4	0	0	0	0	0	0	0	0	0
9.80	42811	4	0	0	0	0	0	0	0	0	0
9.90	41830	4	0	0	0	0	0	0	0	0	0
10.00	40861	4	0	0	0	0	0	0	0	0	0
10.10	39903	4	0	0	0	0	0	0	0	0	0
10.20	38956	4	0	0	0	0	0	0	0	0	0
10.30	38020	4	0	0	0	0	0	0	0	0	0
10.40	37095	4	0	0	0	0	0	0	0	0	0
10.50	36182	4	0	0	0	0	0	0	0	0	0
10.60	35279	4	0	0	0	0	0	0	0	0	0
10.70	34387	4	0	0	0	0	0	0	0	0	0
10.80	33507	4	0	0	0	0	0	0	0	0	0
10.90	32638	4	0	0	0	0	0	0	0	0	0
11.00	31779	4	0	0	0	0	0	0	0	0	0
11.10	30932	4	0	0	0	0	0	0	0	0	0
11.20	30096	4	0	0	0	0	0	0	0	0	0
11.30	29271	4	0	0	0	0	0	0	0	0	0
11.40	28458	4	0	0	0	0	0	0	0	0	0
11.50	27655	4	0	0	0	0	0	0	0	0	0
11.60	26864	4	0	0	0	0	0	0	0	0	0
11.70	26084	4	0	0	0	0	0	0	0	0	0
11.80	25315	4	0	0	0	0	0	0	0	0	0
11.90	24557	4	0	0	0	0	0	0	0	0	0
12.00	23811	4	0	0	0	0	0	0	0	0	0
12.10	23075	4	0	0	0	0	0	0	0	0	0
12.20	22351	4	0	0	0	0	0	0	0	0	0
12.30	21639	4	0	0	0	0	0	0	0	0	0
12.40	20937	4	0	0	0	0	0	0	0	0	0
12.50	20247	4	0	0	0	0	0	0	0	0	0
12.60	19568	4	0	0	0	0	0	0	0	0	0
12.70	18900	4	0	0	0	0	0	0	0	0	0
12.80	18243	4	0	0	0	0	0	0	0	0	0
12.90	17598	4	0	0	0	0	0	0	0	0	0
13.00	16964	4	0	0	0	0	0	0	0	0	0
13.10	16342	4	0	0	0	0	0	0	0	0	0
13.20	15731	4	0	0	0	0	0	0	0	0	0
13.30	15131	4	0	0	0	0	0	0	0	0	0
13.40	14542	4	0	0	0	0	0	0	0	0	0
13.50	13965	4	0	0	0	0	0	0	0	0	0
13.60	13399	4	0	0	0	0	0	0	0	0	0
13.70	12845	4	0	0	0	0	0	0	0	0	0
13.80	12302	4	0	0	0	0	0	0	0	0	0
13.90	11771	4	0	0	0	0	0	0	0	0	0
14.00	11250	4	0	0	0	0	0	0	0	0	0
14.10	10742	4	0	0	0	0	0	0	0	0	0
14.20	10245	4	0	0	0	0	0	0	0	0	0
14.30	9759	4	0	0	0	0	0	0	0	0	0
14.40	9285	4	0	0	0	0	0	0	0	0	0
14.50	8822	4	0	0	0	0	0	0	0	0	0
14.60	8371	4	0	0	0	0	0	0	0	0	0
14.70	7931	4	0	0	0	0	0	0	0	0	0
14.80	7503	4	0	0	0	0	0	0	0	0	0
14.90	7086	4	0	0	0	0	0	0	0	0	0
15.00	6681	4	0	0	0	0	0	0	0	0	0
15.10	6288	4	0	0	0	0	0	0	0	0	0
15.20	5906	4	0	0	0	0	0	0	0	0	0
15.30	5536	4	0	0	0	0	0	0	0	0	0
15.40	5178	4	0	0	0	0	0	0	0	0	0
15.50	4831	4	0	0	0	0	0	0	0	0	0
15.60	4496	4	0	0	0	0	0	0	0	0	0
15.70	4173	4	0	0	0	0	0	0	0	0	0
15.80	3861	4	0	0	0	0	0	0	0	0	0
15.90	3561	4	0	0	0	0	0	0	0	0	0
16.00	3273	4	0	0	0	0	0	0	0	0	0
16.10	2997	4	0	0	0	0	0	0	0	0	0
16.20	2733	4	0	0	0	0	0	0	0	0	0
16.30	2481	4	0	0	0	0	0	0	0	0	0
16.40	2240	4	0	0	0	0	0	0	0	0	0
16.50	2012	4	0	0	0	0	0	0	0	0	0
16.60	1795	4	0	0	0	0	0	0	0	0	0
16.70	1590	4	0	0	0	0	0	0	0	0	0
16.80	1398	4	0	0	0	0	0	0	0	0	0
16.90	1218	4	0	0	0	0	0	0	0	0	0
17.00	1049	4	0	0	0	0	0	0	0	0	0
17.10	893	4	0	0	0	0	0	0	0	0	0
17.20	750	4	0	0	0	0	0	0	0	0	0
17.30	618	4	0	0	0	0	0	0	0	0	0
17.40	499	4	0	0	0	0	0	0	0	0	0
17.50	392	4	0	0	0	0	0	0	0	0	0
17.60	298	4	0	0	0	0	0	0	0	0	0
17.70	217	4	0	0	0	0	0	0	0	0	0
17.80	148	4	0	0	0	0	0	0	0	0	0
17.90	92	4	0	0	0	0	0	0	0	0	0
18.00	49	4	0	0	0	0	0	0	0	0	0
18.10	19	4	0	0	0	0	0	0	0	0	0
18.20	3	4	0	0	0	0	0	0	0	0	0
18.26	0	4	0	0	0	0	0	0	0	0	0