-999	"MyLake init"
Z (m)	Az (m2)	Tz (deg C)	Cz	Sz (kg/m3)	TPz (mg/m3)	DOPz (mg/m3)	Chlaz (mg/m3)	DOCz (mg/m3)	TPz_sed (mg/m3)	Chlaz_sed (mg/m3)	"Fvol_IM (m3/m3	 dry w.)"	Hice (m)	Hsnow (m)
0.00	12795527	4	0	0	0	0	0	0	0	0	0	0	0
0.10	12763311	4	0	0	0	0	0	0	0	0	0
0.20	12731016	4	0	0	0	0	0	0	0	0	0
0.30	12698643	4	0	0	0	0	0	0	0	0	0
0.40	12666190	4	0	0	0	0	0	0	0	0	0
0.50	12633658	4	0	0	0	0	0	0	0	0	0
0.60	12601045	4	0	0	0	0	0	0	0	0	0
0.70	12568351	4	0	0	0	0	0	0	0	0	0
0.80	12535576	4	0	0	0	0	0	0	0	0	0
0.90	12502719	4	0	0	0	0	0	0	0	0	0
1.00	12469778	4	0	0	0	0	0	0	0	0	0
1.10	12436754	4	0	0	0	0	0	0	0	0	0
1.20	12403646	4	0	0	0	0	0	0	0	0	0
1.30	12370453	4	0	0	0	0	0	0	0	0	0
1.40	12337175	4	0	0	0	0	0	0	0	0	0
1.50	12303810	4	0	0	0	0	0	0	0	0	0
1.60	12270359	4	0	0	0	0	0	0	0	0	0
1.70	12236820	4	0	0	0	0	0	0	0	0	0
1.80	12203193	4	0	0	0	0	0	0	0	0	0
1.90	12169477	4	0	0	0	0	0	0	0	0	0
2.00	12135671	4	0	0	0	0	0	0	0	0	0
2.10	12101775	4	0	0	0	0	0	0	0	0	0
2.20	12067788	4	0	0	0	0	0	0	0	0	0
2.30	12033709	4	0	0	0	0	0	0	0	0	0
2.40	11999537	4	0	0	0	0	0	0	0	0	0
2.50	11965272	4	0	0	0	0	0	0	0	0	0
2.60	11930912	4	0	0	0	0	0	0	0	0	0
2.70	11896458	4	0	0	0	0	0	0	0	0	0
2.80	11861908	4	0	0	0	0	0	0	0	0	0
2.90	11827261	4	0	0	0	0	0	0	0	0	0
3.00	11792517	4	0	0	0	0	0	0	0	0	0
3.10	11757674	4	0	0	0	0	0	0	0	0	0
3.20	11722733	4	0	0	0	0	0	0	0	0	0
3.30	11687691	4	0	0	0	0	0	0	0	0	0
3.40	11652549	4	0	0	0	0	0	0	0	0	0
3.50	11617305	4	0	0	0	0	0	0	0	0	0
3.60	11581958	4	0	0	0	0	0	0	0	0	0
3.70	11546508	4	0	0	0	0	0	0	0	0	0
3.80	11510953	4	0	0	0	0	0	0	0	0	0
3.90	11475292	4	0	0	0	0	0	0	0	0	0
4.00	11439526	4	0	0	0	0	0	0	0	0	0
4.10	11403652	4	0	0	0	0	0	0	0	0	0
4.20	11367669	4	0	0	0	0	0	0	0	0	0
4.30	11331577	4	0	0	0	0	0	0	0	0	0
4.40	11295375	4	0	0	0	0	0	0	0	0	0
4.50	11259062	4	0	0	0	0	0	0	0	0	0
4.60	11222636	4	0	0	0	0	0	0	0	0	0
4.70	11186096	4	0	0	0	0	0	0	0	0	0
4.80	11149442	4	0	0	0	0	0	0	0	0	0
4.90	11112672	4	0	0	0	0	0	0	0	0	0
5.00	11075785	4	0	0	0	0	0	0	0	0	0
5.10	11038781	4	0	0	0	0	0	0	0	0	0
5.20	11001657	4	0	0	0	0	0	0	0	0	0
5.30	10964412	4	0	0	0	0	0	0	0	0	0
5.40	10927047	4	0	0	0	0	0	0	0	0	0
5.50	10889558	4	0	0	0	0	0	0	0	0	0
5.60	10851946	4	0	0	0	0	0	0	0	0	0
5.70	10814209	4	0	0	0	0	0	0	0	0	0
5.80	10776345	4	0	0	0	0	0	0	0	0	0
5.90	10738353	4	0	0	0	0	0	0	0	0	0
6.00	10700232	4	0	0	0	0	0	0	0	0	0
6.10	10661980	4	0	0	0	0	0	0	0	0	0
6.20	10623597	4	0	0	0	0	0	0	0	0	0
6.30	10585081	4	0	0	0	0	0	0	0	0	0
6.40	10546430	4	0	0	0	0	0	0	0	0	0
6.50	10507643	4	0	0	0	0	0	0	0	0	0
6.60	10468718	4	0	0	0	0	0	0	0	0	0
6.70	10429654	4	0	0	0	0	0	0	0	0	0
6.80	10390450	4	0	0	0	0	0	0	0	0	0
6.90	10351104	4	0	0	0	0	0	0	0	0	0
7.00	10311614	4	0	0	0	0	0	0	0	0	0
7.10	10271978	4	0	0	0	0	0	0	0	0	0
7.20	10232196	4	0	0	0	0	0	0	0	0	0
7.30	10192265	4	0	0	0	0	0	0	0	0	0
7.40	10152184	4	0	0	0	0	0	0	0	0	0
7.50	10111950	4	0	0	0	0	0	0	0	0	0
7.60	10071563	4	0	0	0	0	0	0	0	0	0
7.70	10031021	4	0	0	0	0	0	0	0	0	0
7.80	9990320	4	0	0	0	0	0	0	0	0	0
7.90	9949461	4	0	0	0	0	0	0	0	0	0
8.00	9908440	4	0	0	0	0	0	0	0	0	0
8.10	9867256	4	0	0	0	0	0	0	0	0	0
8.20	9825907	4	0	0	0	0	0	0	0	0	0
8.30	9784390	4	0	0	0	0	0	0	0	0	0
8.40	9742704	4	0	0	0	0	0	0	0	0	0
8.50	9700847	4	0	0	0	0	0	0	0	0	0
8.60	9658816	4	0	0	0	0	0	0	0	0	0
8.70	9616609	4	0	0	0	0	0	0	0	0	0
8.80	9574225	4	0	0	0	0	0	0	0	0	0
8.90	9531659	4	0	0	0	0	0	0	0	0	0
9.00	9488911	4	0	0	0	0	0	0	0	0	0
9.10	9445978	4	0	0	0	0	0	0	0	0	0
9.20	9402858	4	0	0	0	0	0	0	0	0	0
9.30	9359547	4	0	0	0	0	0	0	0	0	0
9.40	9316043	4	0	0	0	0	0	0	0	0	0
9.50	9272345	4	0	0	0	0	0	0	0	0	0
9.60	9228448	4	0	0	0	0	0	0	0	0	0
9.70	9184350	4	0	0	0	0	0	0	0	0	0
9.80	9140049	4	0	0	0	0	0	0	0	0	0
9.90	9095541	4	0	0	0	0	0	0	0	0	0
10.00	9050824	4	0	0	0	0	0	0	0	0	0
10.10	9005894	4	0	0	0	0	0	0	0	0	0
10.20	8960748	4	0	0	0	0	0	0	0	0	0
10.30	8915384	4	0	0	0	0	0	0	0	0	0
10.40	8869798	4	0	0	0	0	0	0	0	0	0
10.50	8823986	4	0	0	0	0	0	0	0	0	0
10.60	8777946	4	0	0	0	0	0	0	0	0	0
10.70	8731673	4	0	0	0	0	0	0	0	0	0
10.80	8685164	4	0	0	0	0	0	0	0	0	0
10.90	8638416	4	0	0	0	0	0	0	0	0	0
11.00	8591424	4	0	0	0	0	0	0	0	0	0
11.10	8544185	4	0	0	0	0	0	0	0	0	0
11.20	8496695	4	0	0	0	0	0	0	0	0	0
11.30	8448949	4	0	0	0	0	0	0	0	0	0
11.40	8400943	4	0	0	0	0	0	0	0	0	0
11.50	8352673	4	0	0	0	0	0	0	0	0	0
11.60	8304135	4	0	0	0	0	0	0	0	0	0
11.70	8255324	4	0	0	0	0	0	0	0	0	0
11.80	8206234	4	0	0	0	0	0	0	0	0	0
11.90	8156863	4	0	0	0	0	0	0	0	0	0
12.00	8107203	4	0	0	0	0	0	0	0	0	0
12.10	8057250	4	0	0	0	0	0	0	0	0	0
12.20	8007000	4	0	0	0	0	0	0	0	0	0
12.30	7956445	4	0	0	0	0	0	0	0	0	0
12.40	7905581	4	0	0	0	0	0	0	0	0	0
12.50	7854402	4	0	0	0	0	0	0	0	0	0
12.60	7802902	4	0	0	0	0	0	0	0	0	0
12.70	7751074	4	0	0	0	0	0	0	0	0	0
12.80	7698912	4	0	0	0	0	0	0	0	0	0
12.90	7646410	4	0	0	0	0	0	0	0	0	0
13.00	7593560	4	0	0	0	0	0	0	0	0	0
13.10	7540356	4	0	0	0	0	0	0	0	0	0
13.20	7486791	4	0	0	0	0	0	0	0	0	0
13.30	7432855	4	0	0	0	0	0	0	0	0	0
13.40	7378543	4	0	0	0	0	0	0	0	0	0
13.50	7323845	4	0	0	0	0	0	0	0	0	0
13.60	7268753	4	0	0	0	0	0	0	0	0	0
13.70	7213258	4	0	0	0	0	0	0	0	0	0
13.80	7157352	4	0	0	0	0	0	0	0	0	0
13.90	7101025	4	0	0	0	0	0	0	0	0	0
14.00	7044266	4	0	0	0	0	0	0	0	0	0
14.10	6987067	4	0	0	0	0	0	0	0	0	0
14.20	6929415	4	0	0	0	0	0	0	0	0	0
14.30	6871301	4	0	0	0	0	0	0	0	0	0
14.40	6812712	4	0	0	0	0	0	0	0	0	0
14.50	6753637	4	0	0	0	0	0	0	0	0	0
14.60	6694063	4	0	0	0	0	0	0	0	0	0
14.70	6633978	4	0	0	0	0	0	0	0	0	0
14.80	6573366	4	0	0	0	0	0	0	0	0	0
14.90	6512215	4	0	0	0	0	0	0	0	0	0
15.00	6450509	4	0	0	0	0	0	0	0	0	0
15.10	6388233	4	0	0	0	0	0	0	0	0	0
15.20	6325371	4	0	0	0	0	0	0	0	0	0
15.30	6261904	4	0	0	0	0	0	0	0	0	0
15.40	6197816	4	0	0	0	0	0	0	0	0	0
15.50	6133087	4	0	0	0	0	0	0	0	0	0
15.60	6067697	4	0	0	0	0	0	0	0	0	0
15.70	6001625	4	0	0	0	0	0	0	0	0	0
15.80	5934850	4	0	0	0	0	0	0	0	0	0
15.90	5867348	4	0	0	0	0	0	0	0	0	0
16.00	5799094	4	0	0	0	0	0	0	0	0	0
16.10	5730062	4	0	0	0	0	0	0	0	0	0
16.20	5660225	4	0	0	0	0	0	0	0	0	0
16.30	5589553	4	0	0	0	0	0	0	0	0	0
16.40	5518015	4	0	0	0	0	0	0	0	0	0
16.50	5445578	4	0	0	0	0	0	0	0	0	0
16.60	5372206	4	0	0	0	0	0	0	0	0	0
16.70	5297863	4	0	0	0	0	0	0	0	0	0
16.80	5222507	4	0	0	0	0	0	0	0	0	0
16.90	5146096	4	0	0	0	0	0	0	0	0	0
17.00	5068583	4	0	0	0	0	0	0	0	0	0
17.10	4989918	4	0	0	0	0	0	0	0	0	0
17.20	4910047	4	0	0	0	0	0	0	0	0	0
17.30	4828913	4	0	0	0	0	0	0	0	0	0
17.40	4746453	4	0	0	0	0	0	0	0	0	0
17.50	4662598	4	0	0	0	0	0	0	0	0	0
17.60	4577273	4	0	0	0	0	0	0	0	0	0
17.70	4490399	4	0	0	0	0	0	0	0	0	0
17.80	4401884	4	0	0	0	0	0	0	0	0	0
17.90	4311632	4	0	0	0	0	0	0	0	0	0
18.00	4219534	4	0	0	0	0	0	0	0	0	0
18.10	4125471	4	0	0	0	0	0	0	0	0	0
18.20	4029307	4	0	0	0	0	0	0	0	0	0
18.30	3930895	4	0	0	0	0	0	0	0	0	0
18.40	3830066	4	0	0	0	0	0	0	0	0	0
18.50	3726629	4	0	0	0	0	0	0	0	0	0
18.60	3620368	4	0	0	0	0	0	0	0	0	0
18.70	3511034	4	0	0	0	0	0	0	0	0	0
18.80	3398338	4	0	0	0	0	0	0	0	0	0
18.90	3281946	4	0	0	0	0	0	0	0	0	0
19.00	3161460	4	0	0	0	0	0	0	0	0	0
19.10	3036409	4	0	0	0	0	0	0	0	0	0
19.20	2906222	4	0	0	0	0	0	0	0	0	0
19.30	2770195	4	0	0	0	0	0	0	0	0	0
19.40	2627451	4	0	0	0	0	0	0	0	0	0
19.50	2476863	4	0	0	0	0	0	0	0	0	0
19.60	2316950	4	0	0	0	0	0	0	0	0	0
19.70	2145695	4	0	0	0	0	0	0	0	0	0
19.80	1960222	4	0	0	0	0	0	0	0	0	0
19.90	1756179	4	0	0	0	0	0	0	0	0	0
20.00	1526388	4	0	0	0	0	0	0	0	0	0
20.10	1257311	4	0	0	0	0	0	0	0	0	0
20.20	916296	4	0	0	0	0	0	0	0	0	0
20.30	338549	4	0	0	0	0	0	0	0	0	0
20.32	0	4	0	0	0	0	0	0	0	0	0