-999	"MyLake init"
Z (m)	Az (m2)	Tz (deg C)	Cz	Sz (kg/m3)	TPz (mg/m3)	DOPz (mg/m3)	Chlaz (mg/m3)	DOCz (mg/m3)	TPz_sed (mg/m3)	Chlaz_sed (mg/m3)	"Fvol_IM (m3/m3	 dry w.)"	Hice (m)	Hsnow (m)
0.00	44157204	4	0	0	0	0	0	0	0	0	0	0	0
0.10	43950456	4	0	0	0	0	0	0	0	0	0
0.20	43744433	4	0	0	0	0	0	0	0	0	0
0.30	43539132	4	0	0	0	0	0	0	0	0	0
0.40	43334553	4	0	0	0	0	0	0	0	0	0
0.50	43130692	4	0	0	0	0	0	0	0	0	0
0.60	42927549	4	0	0	0	0	0	0	0	0	0
0.70	42725122	4	0	0	0	0	0	0	0	0	0
0.80	42523410	4	0	0	0	0	0	0	0	0	0
0.90	42322410	4	0	0	0	0	0	0	0	0	0
1.00	42122121	4	0	0	0	0	0	0	0	0	0
1.10	41922541	4	0	0	0	0	0	0	0	0	0
1.20	41723669	4	0	0	0	0	0	0	0	0	0
1.30	41525502	4	0	0	0	0	0	0	0	0	0
1.40	41328040	4	0	0	0	0	0	0	0	0	0
1.50	41131281	4	0	0	0	0	0	0	0	0	0
1.60	40935222	4	0	0	0	0	0	0	0	0	0
1.70	40739863	4	0	0	0	0	0	0	0	0	0
1.80	40545201	4	0	0	0	0	0	0	0	0	0
1.90	40351236	4	0	0	0	0	0	0	0	0	0
2.00	40157965	4	0	0	0	0	0	0	0	0	0
2.10	39965386	4	0	0	0	0	0	0	0	0	0
2.20	39773499	4	0	0	0	0	0	0	0	0	0
2.30	39582301	4	0	0	0	0	0	0	0	0	0
2.40	39391790	4	0	0	0	0	0	0	0	0	0
2.50	39201966	4	0	0	0	0	0	0	0	0	0
2.60	39012827	4	0	0	0	0	0	0	0	0	0
2.70	38824370	4	0	0	0	0	0	0	0	0	0
2.80	38636594	4	0	0	0	0	0	0	0	0	0
2.90	38449498	4	0	0	0	0	0	0	0	0	0
3.00	38263080	4	0	0	0	0	0	0	0	0	0
3.10	38077338	4	0	0	0	0	0	0	0	0	0
3.20	37892271	4	0	0	0	0	0	0	0	0	0
3.30	37707877	4	0	0	0	0	0	0	0	0	0
3.40	37524155	4	0	0	0	0	0	0	0	0	0
3.50	37341102	4	0	0	0	0	0	0	0	0	0
3.60	37158718	4	0	0	0	0	0	0	0	0	0
3.70	36977000	4	0	0	0	0	0	0	0	0	0
3.80	36795947	4	0	0	0	0	0	0	0	0	0
3.90	36615558	4	0	0	0	0	0	0	0	0	0
4.00	36435830	4	0	0	0	0	0	0	0	0	0
4.10	36256762	4	0	0	0	0	0	0	0	0	0
4.20	36078353	4	0	0	0	0	0	0	0	0	0
4.30	35900601	4	0	0	0	0	0	0	0	0	0
4.40	35723505	4	0	0	0	0	0	0	0	0	0
4.50	35547062	4	0	0	0	0	0	0	0	0	0
4.60	35371271	4	0	0	0	0	0	0	0	0	0
4.70	35196130	4	0	0	0	0	0	0	0	0	0
4.80	35021639	4	0	0	0	0	0	0	0	0	0
4.90	34847795	4	0	0	0	0	0	0	0	0	0
5.00	34674597	4	0	0	0	0	0	0	0	0	0
5.10	34502043	4	0	0	0	0	0	0	0	0	0
5.20	34330131	4	0	0	0	0	0	0	0	0	0
5.30	34158860	4	0	0	0	0	0	0	0	0	0
5.40	33988229	4	0	0	0	0	0	0	0	0	0
5.50	33818236	4	0	0	0	0	0	0	0	0	0
5.60	33648879	4	0	0	0	0	0	0	0	0	0
5.70	33480156	4	0	0	0	0	0	0	0	0	0
5.80	33312067	4	0	0	0	0	0	0	0	0	0
5.90	33144609	4	0	0	0	0	0	0	0	0	0
6.00	32977782	4	0	0	0	0	0	0	0	0	0
6.10	32811582	4	0	0	0	0	0	0	0	0	0
6.20	32646009	4	0	0	0	0	0	0	0	0	0
6.30	32481062	4	0	0	0	0	0	0	0	0	0
6.40	32316738	4	0	0	0	0	0	0	0	0	0
6.50	32153037	4	0	0	0	0	0	0	0	0	0
6.60	31989955	4	0	0	0	0	0	0	0	0	0
6.70	31827493	4	0	0	0	0	0	0	0	0	0
6.80	31665649	4	0	0	0	0	0	0	0	0	0
6.90	31504420	4	0	0	0	0	0	0	0	0	0
7.00	31343805	4	0	0	0	0	0	0	0	0	0
7.10	31183804	4	0	0	0	0	0	0	0	0	0
7.20	31024413	4	0	0	0	0	0	0	0	0	0
7.30	30865632	4	0	0	0	0	0	0	0	0	0
7.40	30707460	4	0	0	0	0	0	0	0	0	0
7.50	30549893	4	0	0	0	0	0	0	0	0	0
7.60	30392932	4	0	0	0	0	0	0	0	0	0
7.70	30236575	4	0	0	0	0	0	0	0	0	0
7.80	30080819	4	0	0	0	0	0	0	0	0	0
7.90	29925664	4	0	0	0	0	0	0	0	0	0
8.00	29771108	4	0	0	0	0	0	0	0	0	0
8.10	29617149	4	0	0	0	0	0	0	0	0	0
8.20	29463786	4	0	0	0	0	0	0	0	0	0
8.30	29311017	4	0	0	0	0	0	0	0	0	0
8.40	29158841	4	0	0	0	0	0	0	0	0	0
8.50	29007256	4	0	0	0	0	0	0	0	0	0
8.60	28856261	4	0	0	0	0	0	0	0	0	0
8.70	28705854	4	0	0	0	0	0	0	0	0	0
8.80	28556034	4	0	0	0	0	0	0	0	0	0
8.90	28406799	4	0	0	0	0	0	0	0	0	0
9.00	28258148	4	0	0	0	0	0	0	0	0	0
9.10	28110079	4	0	0	0	0	0	0	0	0	0
9.20	27962590	4	0	0	0	0	0	0	0	0	0
9.30	27815681	4	0	0	0	0	0	0	0	0	0
9.40	27669349	4	0	0	0	0	0	0	0	0	0
9.50	27523593	4	0	0	0	0	0	0	0	0	0
9.60	27378412	4	0	0	0	0	0	0	0	0	0
9.70	27233804	4	0	0	0	0	0	0	0	0	0
9.80	27089768	4	0	0	0	0	0	0	0	0	0
9.90	26946302	4	0	0	0	0	0	0	0	0	0
10.00	26803404	4	0	0	0	0	0	0	0	0	0
10.10	26661074	4	0	0	0	0	0	0	0	0	0
10.20	26519309	4	0	0	0	0	0	0	0	0	0
10.30	26378108	4	0	0	0	0	0	0	0	0	0
10.40	26237470	4	0	0	0	0	0	0	0	0	0
10.50	26097393	4	0	0	0	0	0	0	0	0	0
10.60	25957876	4	0	0	0	0	0	0	0	0	0
10.70	25818917	4	0	0	0	0	0	0	0	0	0
10.80	25680514	4	0	0	0	0	0	0	0	0	0
10.90	25542667	4	0	0	0	0	0	0	0	0	0
11.00	25405374	4	0	0	0	0	0	0	0	0	0
11.10	25268633	4	0	0	0	0	0	0	0	0	0
11.20	25132442	4	0	0	0	0	0	0	0	0	0
11.30	24996802	4	0	0	0	0	0	0	0	0	0
11.40	24861709	4	0	0	0	0	0	0	0	0	0
11.50	24727162	4	0	0	0	0	0	0	0	0	0
11.60	24593160	4	0	0	0	0	0	0	0	0	0
11.70	24459702	4	0	0	0	0	0	0	0	0	0
11.80	24326786	4	0	0	0	0	0	0	0	0	0
11.90	24194410	4	0	0	0	0	0	0	0	0	0
12.00	24062574	4	0	0	0	0	0	0	0	0	0
12.10	23931275	4	0	0	0	0	0	0	0	0	0
12.20	23800512	4	0	0	0	0	0	0	0	0	0
12.30	23670284	4	0	0	0	0	0	0	0	0	0
12.40	23540589	4	0	0	0	0	0	0	0	0	0
12.50	23411426	4	0	0	0	0	0	0	0	0	0
12.60	23282794	4	0	0	0	0	0	0	0	0	0
12.70	23154691	4	0	0	0	0	0	0	0	0	0
12.80	23027115	4	0	0	0	0	0	0	0	0	0
12.90	22900065	4	0	0	0	0	0	0	0	0	0
13.00	22773539	4	0	0	0	0	0	0	0	0	0
13.10	22647537	4	0	0	0	0	0	0	0	0	0
13.20	22522057	4	0	0	0	0	0	0	0	0	0
13.30	22397097	4	0	0	0	0	0	0	0	0	0
13.40	22272656	4	0	0	0	0	0	0	0	0	0
13.50	22148732	4	0	0	0	0	0	0	0	0	0
13.60	22025325	4	0	0	0	0	0	0	0	0	0
13.70	21902432	4	0	0	0	0	0	0	0	0	0
13.80	21780052	4	0	0	0	0	0	0	0	0	0
13.90	21658184	4	0	0	0	0	0	0	0	0	0
14.00	21536826	4	0	0	0	0	0	0	0	0	0
14.10	21415978	4	0	0	0	0	0	0	0	0	0
14.20	21295637	4	0	0	0	0	0	0	0	0	0
14.30	21175802	4	0	0	0	0	0	0	0	0	0
14.40	21056471	4	0	0	0	0	0	0	0	0	0
14.50	20937644	4	0	0	0	0	0	0	0	0	0
14.60	20819319	4	0	0	0	0	0	0	0	0	0
14.70	20701494	4	0	0	0	0	0	0	0	0	0
14.80	20584169	4	0	0	0	0	0	0	0	0	0
14.90	20467341	4	0	0	0	0	0	0	0	0	0
15.00	20351009	4	0	0	0	0	0	0	0	0	0
15.10	20235173	4	0	0	0	0	0	0	0	0	0
15.20	20119829	4	0	0	0	0	0	0	0	0	0
15.30	20004978	4	0	0	0	0	0	0	0	0	0
15.40	19890618	4	0	0	0	0	0	0	0	0	0
15.50	19776746	4	0	0	0	0	0	0	0	0	0
15.60	19663363	4	0	0	0	0	0	0	0	0	0
15.70	19550466	4	0	0	0	0	0	0	0	0	0
15.80	19438055	4	0	0	0	0	0	0	0	0	0
15.90	19326127	4	0	0	0	0	0	0	0	0	0
16.00	19214682	4	0	0	0	0	0	0	0	0	0
16.10	19103717	4	0	0	0	0	0	0	0	0	0
16.20	18993232	4	0	0	0	0	0	0	0	0	0
16.30	18883226	4	0	0	0	0	0	0	0	0	0
16.40	18773696	4	0	0	0	0	0	0	0	0	0
16.50	18664642	4	0	0	0	0	0	0	0	0	0
16.60	18556062	4	0	0	0	0	0	0	0	0	0
16.70	18447955	4	0	0	0	0	0	0	0	0	0
16.80	18340319	4	0	0	0	0	0	0	0	0	0
16.90	18233154	4	0	0	0	0	0	0	0	0	0
17.00	18126457	4	0	0	0	0	0	0	0	0	0
17.10	18020227	4	0	0	0	0	0	0	0	0	0
17.20	17914463	4	0	0	0	0	0	0	0	0	0
17.30	17809164	4	0	0	0	0	0	0	0	0	0
17.40	17704328	4	0	0	0	0	0	0	0	0	0
17.50	17599954	4	0	0	0	0	0	0	0	0	0
17.60	17496041	4	0	0	0	0	0	0	0	0	0
17.70	17392587	4	0	0	0	0	0	0	0	0	0
17.80	17289591	4	0	0	0	0	0	0	0	0	0
17.90	17187051	4	0	0	0	0	0	0	0	0	0
18.00	17084966	4	0	0	0	0	0	0	0	0	0
18.10	16983336	4	0	0	0	0	0	0	0	0	0
18.20	16882157	4	0	0	0	0	0	0	0	0	0
18.30	16781430	4	0	0	0	0	0	0	0	0	0
18.40	16681153	4	0	0	0	0	0	0	0	0	0
18.50	16581325	4	0	0	0	0	0	0	0	0	0
18.60	16481943	4	0	0	0	0	0	0	0	0	0
18.70	16383007	4	0	0	0	0	0	0	0	0	0
18.80	16284516	4	0	0	0	0	0	0	0	0	0
18.90	16186468	4	0	0	0	0	0	0	0	0	0
19.00	16088862	4	0	0	0	0	0	0	0	0	0
19.10	15991697	4	0	0	0	0	0	0	0	0	0
19.20	15894971	4	0	0	0	0	0	0	0	0	0
19.30	15798683	4	0	0	0	0	0	0	0	0	0
19.40	15702831	4	0	0	0	0	0	0	0	0	0
19.50	15607414	4	0	0	0	0	0	0	0	0	0
19.60	15512432	4	0	0	0	0	0	0	0	0	0
19.70	15417882	4	0	0	0	0	0	0	0	0	0
19.80	15323764	4	0	0	0	0	0	0	0	0	0
19.90	15230076	4	0	0	0	0	0	0	0	0	0
20.00	15136816	4	0	0	0	0	0	0	0	0	0
20.10	15043984	4	0	0	0	0	0	0	0	0	0
20.20	14951578	4	0	0	0	0	0	0	0	0	0
20.30	14859597	4	0	0	0	0	0	0	0	0	0
20.40	14768040	4	0	0	0	0	0	0	0	0	0
20.50	14676905	4	0	0	0	0	0	0	0	0	0
20.60	14586190	4	0	0	0	0	0	0	0	0	0
20.70	14495896	4	0	0	0	0	0	0	0	0	0
20.80	14406020	4	0	0	0	0	0	0	0	0	0
20.90	14316561	4	0	0	0	0	0	0	0	0	0
21.00	14227518	4	0	0	0	0	0	0	0	0	0
21.10	14138889	4	0	0	0	0	0	0	0	0	0
21.20	14050674	4	0	0	0	0	0	0	0	0	0
21.30	13962871	4	0	0	0	0	0	0	0	0	0
21.40	13875478	4	0	0	0	0	0	0	0	0	0
21.50	13788495	4	0	0	0	0	0	0	0	0	0
21.60	13701920	4	0	0	0	0	0	0	0	0	0
21.70	13615752	4	0	0	0	0	0	0	0	0	0
21.80	13529989	4	0	0	0	0	0	0	0	0	0
21.90	13444631	4	0	0	0	0	0	0	0	0	0
22.00	13359677	4	0	0	0	0	0	0	0	0	0
22.10	13275124	4	0	0	0	0	0	0	0	0	0
22.20	13190971	4	0	0	0	0	0	0	0	0	0
22.30	13107218	4	0	0	0	0	0	0	0	0	0
22.40	13023863	4	0	0	0	0	0	0	0	0	0
22.50	12940905	4	0	0	0	0	0	0	0	0	0
22.60	12858342	4	0	0	0	0	0	0	0	0	0
22.70	12776174	4	0	0	0	0	0	0	0	0	0
22.80	12694398	4	0	0	0	0	0	0	0	0	0
22.90	12613015	4	0	0	0	0	0	0	0	0	0
23.00	12532022	4	0	0	0	0	0	0	0	0	0
23.10	12451418	4	0	0	0	0	0	0	0	0	0
23.20	12371203	4	0	0	0	0	0	0	0	0	0
23.30	12291374	4	0	0	0	0	0	0	0	0	0
23.40	12211931	4	0	0	0	0	0	0	0	0	0
23.50	12132873	4	0	0	0	0	0	0	0	0	0
23.60	12054197	4	0	0	0	0	0	0	0	0	0
23.70	11975904	4	0	0	0	0	0	0	0	0	0
23.80	11897991	4	0	0	0	0	0	0	0	0	0
23.90	11820457	4	0	0	0	0	0	0	0	0	0
24.00	11743302	4	0	0	0	0	0	0	0	0	0
24.10	11666524	4	0	0	0	0	0	0	0	0	0
24.20	11590122	4	0	0	0	0	0	0	0	0	0
24.30	11514094	4	0	0	0	0	0	0	0	0	0
24.40	11438439	4	0	0	0	0	0	0	0	0	0
24.50	11363157	4	0	0	0	0	0	0	0	0	0
24.60	11288246	4	0	0	0	0	0	0	0	0	0
24.70	11213704	4	0	0	0	0	0	0	0	0	0
24.80	11139531	4	0	0	0	0	0	0	0	0	0
24.90	11065725	4	0	0	0	0	0	0	0	0	0
25.00	10992285	4	0	0	0	0	0	0	0	0	0
25.10	10919210	4	0	0	0	0	0	0	0	0	0
25.20	10846499	4	0	0	0	0	0	0	0	0	0
25.30	10774150	4	0	0	0	0	0	0	0	0	0
25.40	10702163	4	0	0	0	0	0	0	0	0	0
25.50	10630535	4	0	0	0	0	0	0	0	0	0
25.60	10559267	4	0	0	0	0	0	0	0	0	0
25.70	10488356	4	0	0	0	0	0	0	0	0	0
25.80	10417802	4	0	0	0	0	0	0	0	0	0
25.90	10347603	4	0	0	0	0	0	0	0	0	0
26.00	10277758	4	0	0	0	0	0	0	0	0	0
26.10	10208266	4	0	0	0	0	0	0	0	0	0
26.20	10139126	4	0	0	0	0	0	0	0	0	0
26.30	10070336	4	0	0	0	0	0	0	0	0	0
26.40	10001896	4	0	0	0	0	0	0	0	0	0
26.50	9933804	4	0	0	0	0	0	0	0	0	0
26.60	9866059	4	0	0	0	0	0	0	0	0	0
26.70	9798660	4	0	0	0	0	0	0	0	0	0
26.80	9731606	4	0	0	0	0	0	0	0	0	0
26.90	9664895	4	0	0	0	0	0	0	0	0	0
27.00	9598527	4	0	0	0	0	0	0	0	0	0
27.10	9532500	4	0	0	0	0	0	0	0	0	0
27.20	9466813	4	0	0	0	0	0	0	0	0	0
27.30	9401465	4	0	0	0	0	0	0	0	0	0
27.40	9336454	4	0	0	0	0	0	0	0	0	0
27.50	9271780	4	0	0	0	0	0	0	0	0	0
27.60	9207442	4	0	0	0	0	0	0	0	0	0
27.70	9143437	4	0	0	0	0	0	0	0	0	0
27.80	9079766	4	0	0	0	0	0	0	0	0	0
27.90	9016427	4	0	0	0	0	0	0	0	0	0
28.00	8953419	4	0	0	0	0	0	0	0	0	0
28.10	8890740	4	0	0	0	0	0	0	0	0	0
28.20	8828390	4	0	0	0	0	0	0	0	0	0
28.30	8766367	4	0	0	0	0	0	0	0	0	0
28.40	8704670	4	0	0	0	0	0	0	0	0	0
28.50	8643299	4	0	0	0	0	0	0	0	0	0
28.60	8582251	4	0	0	0	0	0	0	0	0	0
28.70	8521527	4	0	0	0	0	0	0	0	0	0
28.80	8461124	4	0	0	0	0	0	0	0	0	0
28.90	8401041	4	0	0	0	0	0	0	0	0	0
29.00	8341278	4	0	0	0	0	0	0	0	0	0
29.10	8281834	4	0	0	0	0	0	0	0	0	0
29.20	8222706	4	0	0	0	0	0	0	0	0	0
29.30	8163895	4	0	0	0	0	0	0	0	0	0
29.40	8105398	4	0	0	0	0	0	0	0	0	0
29.50	8047216	4	0	0	0	0	0	0	0	0	0
29.60	7989346	4	0	0	0	0	0	0	0	0	0
29.70	7931787	4	0	0	0	0	0	0	0	0	0
29.80	7874539	4	0	0	0	0	0	0	0	0	0
29.90	7817601	4	0	0	0	0	0	0	0	0	0
30.00	7760971	4	0	0	0	0	0	0	0	0	0
30.10	7704648	4	0	0	0	0	0	0	0	0	0
30.20	7648631	4	0	0	0	0	0	0	0	0	0
30.30	7592919	4	0	0	0	0	0	0	0	0	0
30.40	7537510	4	0	0	0	0	0	0	0	0	0
30.50	7482405	4	0	0	0	0	0	0	0	0	0
30.60	7427601	4	0	0	0	0	0	0	0	0	0
30.70	7373098	4	0	0	0	0	0	0	0	0	0
30.80	7318894	4	0	0	0	0	0	0	0	0	0
30.90	7264988	4	0	0	0	0	0	0	0	0	0
31.00	7211380	4	0	0	0	0	0	0	0	0	0
31.10	7158068	4	0	0	0	0	0	0	0	0	0
31.20	7105052	4	0	0	0	0	0	0	0	0	0
31.30	7052329	4	0	0	0	0	0	0	0	0	0
31.40	6999899	4	0	0	0	0	0	0	0	0	0
31.50	6947761	4	0	0	0	0	0	0	0	0	0
31.60	6895914	4	0	0	0	0	0	0	0	0	0
31.70	6844356	4	0	0	0	0	0	0	0	0	0
31.80	6793087	4	0	0	0	0	0	0	0	0	0
31.90	6742106	4	0	0	0	0	0	0	0	0	0
32.00	6691411	4	0	0	0	0	0	0	0	0	0
32.10	6641002	4	0	0	0	0	0	0	0	0	0
32.20	6590877	4	0	0	0	0	0	0	0	0	0
32.30	6541035	4	0	0	0	0	0	0	0	0	0
32.40	6491476	4	0	0	0	0	0	0	0	0	0
32.50	6442197	4	0	0	0	0	0	0	0	0	0
32.60	6393199	4	0	0	0	0	0	0	0	0	0
32.70	6344480	4	0	0	0	0	0	0	0	0	0
32.80	6296039	4	0	0	0	0	0	0	0	0	0
32.90	6247875	4	0	0	0	0	0	0	0	0	0
33.00	6199986	4	0	0	0	0	0	0	0	0	0
33.10	6152373	4	0	0	0	0	0	0	0	0	0
33.20	6105033	4	0	0	0	0	0	0	0	0	0
33.30	6057967	4	0	0	0	0	0	0	0	0	0
33.40	6011172	4	0	0	0	0	0	0	0	0	0
33.50	5964647	4	0	0	0	0	0	0	0	0	0
33.60	5918392	4	0	0	0	0	0	0	0	0	0
33.70	5872406	4	0	0	0	0	0	0	0	0	0
33.80	5826688	4	0	0	0	0	0	0	0	0	0
33.90	5781236	4	0	0	0	0	0	0	0	0	0
34.00	5736049	4	0	0	0	0	0	0	0	0	0
34.10	5691127	4	0	0	0	0	0	0	0	0	0
34.20	5646468	4	0	0	0	0	0	0	0	0	0
34.30	5602072	4	0	0	0	0	0	0	0	0	0
34.40	5557938	4	0	0	0	0	0	0	0	0	0
34.50	5514063	4	0	0	0	0	0	0	0	0	0
34.60	5470448	4	0	0	0	0	0	0	0	0	0
34.70	5427092	4	0	0	0	0	0	0	0	0	0
34.80	5383992	4	0	0	0	0	0	0	0	0	0
34.90	5341149	4	0	0	0	0	0	0	0	0	0
35.00	5298562	4	0	0	0	0	0	0	0	0	0
35.10	5256228	4	0	0	0	0	0	0	0	0	0
35.20	5214148	4	0	0	0	0	0	0	0	0	0
35.30	5172320	4	0	0	0	0	0	0	0	0	0
35.40	5130744	4	0	0	0	0	0	0	0	0	0
35.50	5089418	4	0	0	0	0	0	0	0	0	0
35.60	5048341	4	0	0	0	0	0	0	0	0	0
35.70	5007512	4	0	0	0	0	0	0	0	0	0
35.80	4966931	4	0	0	0	0	0	0	0	0	0
35.90	4926596	4	0	0	0	0	0	0	0	0	0
36.00	4886506	4	0	0	0	0	0	0	0	0	0
36.10	4846661	4	0	0	0	0	0	0	0	0	0
36.20	4807058	4	0	0	0	0	0	0	0	0	0
36.30	4767699	4	0	0	0	0	0	0	0	0	0
36.40	4728580	4	0	0	0	0	0	0	0	0	0
36.50	4689702	4	0	0	0	0	0	0	0	0	0
36.60	4651064	4	0	0	0	0	0	0	0	0	0
36.70	4612664	4	0	0	0	0	0	0	0	0	0
36.80	4574501	4	0	0	0	0	0	0	0	0	0
36.90	4536574	4	0	0	0	0	0	0	0	0	0
37.00	4498884	4	0	0	0	0	0	0	0	0	0
37.10	4461427	4	0	0	0	0	0	0	0	0	0
37.20	4424205	4	0	0	0	0	0	0	0	0	0
37.30	4387215	4	0	0	0	0	0	0	0	0	0
37.40	4350456	4	0	0	0	0	0	0	0	0	0
37.50	4313928	4	0	0	0	0	0	0	0	0	0
37.60	4277630	4	0	0	0	0	0	0	0	0	0
37.70	4241561	4	0	0	0	0	0	0	0	0	0
37.80	4205719	4	0	0	0	0	0	0	0	0	0
37.90	4170105	4	0	0	0	0	0	0	0	0	0
38.00	4134716	4	0	0	0	0	0	0	0	0	0
38.10	4099552	4	0	0	0	0	0	0	0	0	0
38.20	4064612	4	0	0	0	0	0	0	0	0	0
38.30	4029895	4	0	0	0	0	0	0	0	0	0
38.40	3995401	4	0	0	0	0	0	0	0	0	0
38.50	3961127	4	0	0	0	0	0	0	0	0	0
38.60	3927073	4	0	0	0	0	0	0	0	0	0
38.70	3893239	4	0	0	0	0	0	0	0	0	0
38.80	3859624	4	0	0	0	0	0	0	0	0	0
38.90	3826225	4	0	0	0	0	0	0	0	0	0
39.00	3793043	4	0	0	0	0	0	0	0	0	0
39.10	3760077	4	0	0	0	0	0	0	0	0	0
39.20	3727325	4	0	0	0	0	0	0	0	0	0
39.30	3694787	4	0	0	0	0	0	0	0	0	0
39.40	3662462	4	0	0	0	0	0	0	0	0	0
39.50	3630348	4	0	0	0	0	0	0	0	0	0
39.60	3598446	4	0	0	0	0	0	0	0	0	0
39.70	3566753	4	0	0	0	0	0	0	0	0	0
39.80	3535270	4	0	0	0	0	0	0	0	0	0
39.90	3503994	4	0	0	0	0	0	0	0	0	0
40.00	3472926	4	0	0	0	0	0	0	0	0	0
40.10	3442064	4	0	0	0	0	0	0	0	0	0
40.20	3411408	4	0	0	0	0	0	0	0	0	0
40.30	3380956	4	0	0	0	0	0	0	0	0	0
40.40	3350708	4	0	0	0	0	0	0	0	0	0
40.50	3320663	4	0	0	0	0	0	0	0	0	0
40.60	3290819	4	0	0	0	0	0	0	0	0	0
40.70	3261176	4	0	0	0	0	0	0	0	0	0
40.80	3231734	4	0	0	0	0	0	0	0	0	0
40.90	3202490	4	0	0	0	0	0	0	0	0	0
41.00	3173445	4	0	0	0	0	0	0	0	0	0
41.10	3144597	4	0	0	0	0	0	0	0	0	0
41.20	3115945	4	0	0	0	0	0	0	0	0	0
41.30	3087489	4	0	0	0	0	0	0	0	0	0
41.40	3059228	4	0	0	0	0	0	0	0	0	0
41.50	3031160	4	0	0	0	0	0	0	0	0	0
41.60	3003285	4	0	0	0	0	0	0	0	0	0
41.70	2975603	4	0	0	0	0	0	0	0	0	0
41.80	2948111	4	0	0	0	0	0	0	0	0	0
41.90	2920810	4	0	0	0	0	0	0	0	0	0
42.00	2893698	4	0	0	0	0	0	0	0	0	0
42.10	2866775	4	0	0	0	0	0	0	0	0	0
42.20	2840039	4	0	0	0	0	0	0	0	0	0
42.30	2813490	4	0	0	0	0	0	0	0	0	0
42.40	2787127	4	0	0	0	0	0	0	0	0	0
42.50	2760950	4	0	0	0	0	0	0	0	0	0
42.60	2734956	4	0	0	0	0	0	0	0	0	0
42.70	2709146	4	0	0	0	0	0	0	0	0	0
42.80	2683518	4	0	0	0	0	0	0	0	0	0
42.90	2658071	4	0	0	0	0	0	0	0	0	0
43.00	2632806	4	0	0	0	0	0	0	0	0	0
43.10	2607720	4	0	0	0	0	0	0	0	0	0
43.20	2582814	4	0	0	0	0	0	0	0	0	0
43.30	2558086	4	0	0	0	0	0	0	0	0	0
43.40	2533535	4	0	0	0	0	0	0	0	0	0
43.50	2509161	4	0	0	0	0	0	0	0	0	0
43.60	2484962	4	0	0	0	0	0	0	0	0	0
43.70	2460938	4	0	0	0	0	0	0	0	0	0
43.80	2437088	4	0	0	0	0	0	0	0	0	0
43.90	2413412	4	0	0	0	0	0	0	0	0	0
44.00	2389907	4	0	0	0	0	0	0	0	0	0
44.10	2366574	4	0	0	0	0	0	0	0	0	0
44.20	2343412	4	0	0	0	0	0	0	0	0	0
44.30	2320420	4	0	0	0	0	0	0	0	0	0
44.40	2297597	4	0	0	0	0	0	0	0	0	0
44.50	2274942	4	0	0	0	0	0	0	0	0	0
44.60	2252454	4	0	0	0	0	0	0	0	0	0
44.70	2230133	4	0	0	0	0	0	0	0	0	0
44.80	2207977	4	0	0	0	0	0	0	0	0	0
44.90	2185987	4	0	0	0	0	0	0	0	0	0
45.00	2164161	4	0	0	0	0	0	0	0	0	0
45.10	2142497	4	0	0	0	0	0	0	0	0	0
45.20	2120997	4	0	0	0	0	0	0	0	0	0
45.30	2099658	4	0	0	0	0	0	0	0	0	0
45.40	2078480	4	0	0	0	0	0	0	0	0	0
45.50	2057462	4	0	0	0	0	0	0	0	0	0
45.60	2036603	4	0	0	0	0	0	0	0	0	0
45.70	2015903	4	0	0	0	0	0	0	0	0	0
45.80	1995360	4	0	0	0	0	0	0	0	0	0
45.90	1974974	4	0	0	0	0	0	0	0	0	0
46.00	1954744	4	0	0	0	0	0	0	0	0	0
46.10	1934670	4	0	0	0	0	0	0	0	0	0
46.20	1914750	4	0	0	0	0	0	0	0	0	0
46.30	1894984	4	0	0	0	0	0	0	0	0	0
46.40	1875370	4	0	0	0	0	0	0	0	0	0
46.50	1855909	4	0	0	0	0	0	0	0	0	0
46.60	1836599	4	0	0	0	0	0	0	0	0	0
46.70	1817439	4	0	0	0	0	0	0	0	0	0
46.80	1798430	4	0	0	0	0	0	0	0	0	0
46.90	1779569	4	0	0	0	0	0	0	0	0	0
47.00	1760857	4	0	0	0	0	0	0	0	0	0
47.10	1742292	4	0	0	0	0	0	0	0	0	0
47.20	1723873	4	0	0	0	0	0	0	0	0	0
47.30	1705601	4	0	0	0	0	0	0	0	0	0
47.40	1687474	4	0	0	0	0	0	0	0	0	0
47.50	1669491	4	0	0	0	0	0	0	0	0	0
47.60	1651652	4	0	0	0	0	0	0	0	0	0
47.70	1633955	4	0	0	0	0	0	0	0	0	0
47.80	1616401	4	0	0	0	0	0	0	0	0	0
47.90	1598988	4	0	0	0	0	0	0	0	0	0
48.00	1581716	4	0	0	0	0	0	0	0	0	0
48.10	1564583	4	0	0	0	0	0	0	0	0	0
48.20	1547590	4	0	0	0	0	0	0	0	0	0
48.30	1530734	4	0	0	0	0	0	0	0	0	0
48.40	1514017	4	0	0	0	0	0	0	0	0	0
48.50	1497436	4	0	0	0	0	0	0	0	0	0
48.60	1480991	4	0	0	0	0	0	0	0	0	0
48.70	1464682	4	0	0	0	0	0	0	0	0	0
48.80	1448507	4	0	0	0	0	0	0	0	0	0
48.90	1432466	4	0	0	0	0	0	0	0	0	0
49.00	1416559	4	0	0	0	0	0	0	0	0	0
49.10	1400783	4	0	0	0	0	0	0	0	0	0
49.20	1385140	4	0	0	0	0	0	0	0	0	0
49.30	1369627	4	0	0	0	0	0	0	0	0	0
49.40	1354245	4	0	0	0	0	0	0	0	0	0
49.50	1338992	4	0	0	0	0	0	0	0	0	0
49.60	1323867	4	0	0	0	0	0	0	0	0	0
49.70	1308871	4	0	0	0	0	0	0	0	0	0
49.80	1294002	4	0	0	0	0	0	0	0	0	0
49.90	1279260	4	0	0	0	0	0	0	0	0	0
50.00	1264644	4	0	0	0	0	0	0	0	0	0
50.10	1250153	4	0	0	0	0	0	0	0	0	0
50.20	1235786	4	0	0	0	0	0	0	0	0	0
50.30	1221543	4	0	0	0	0	0	0	0	0	0
50.40	1207423	4	0	0	0	0	0	0	0	0	0
50.50	1193425	4	0	0	0	0	0	0	0	0	0
50.60	1179549	4	0	0	0	0	0	0	0	0	0
50.70	1165794	4	0	0	0	0	0	0	0	0	0
50.80	1152159	4	0	0	0	0	0	0	0	0	0
50.90	1138644	4	0	0	0	0	0	0	0	0	0
51.00	1125248	4	0	0	0	0	0	0	0	0	0
51.10	1111970	4	0	0	0	0	0	0	0	0	0
51.20	1098809	4	0	0	0	0	0	0	0	0	0
51.30	1085765	4	0	0	0	0	0	0	0	0	0
51.40	1072837	4	0	0	0	0	0	0	0	0	0
51.50	1060024	4	0	0	0	0	0	0	0	0	0
51.60	1047326	4	0	0	0	0	0	0	0	0	0
51.70	1034742	4	0	0	0	0	0	0	0	0	0
51.80	1022272	4	0	0	0	0	0	0	0	0	0
51.90	1009914	4	0	0	0	0	0	0	0	0	0
52.00	997668	4	0	0	0	0	0	0	0	0	0
52.10	985534	4	0	0	0	0	0	0	0	0	0
52.20	973510	4	0	0	0	0	0	0	0	0	0
52.30	961596	4	0	0	0	0	0	0	0	0	0
52.40	949791	4	0	0	0	0	0	0	0	0	0
52.50	938095	4	0	0	0	0	0	0	0	0	0
52.60	926507	4	0	0	0	0	0	0	0	0	0
52.70	915027	4	0	0	0	0	0	0	0	0	0
52.80	903653	4	0	0	0	0	0	0	0	0	0
52.90	892385	4	0	0	0	0	0	0	0	0	0
53.00	881222	4	0	0	0	0	0	0	0	0	0
53.10	870164	4	0	0	0	0	0	0	0	0	0
53.20	859210	4	0	0	0	0	0	0	0	0	0
53.30	848360	4	0	0	0	0	0	0	0	0	0
53.40	837612	4	0	0	0	0	0	0	0	0	0
53.50	826966	4	0	0	0	0	0	0	0	0	0
53.60	816422	4	0	0	0	0	0	0	0	0	0
53.70	805979	4	0	0	0	0	0	0	0	0	0
53.80	795635	4	0	0	0	0	0	0	0	0	0
53.90	785391	4	0	0	0	0	0	0	0	0	0
54.00	775247	4	0	0	0	0	0	0	0	0	0
54.10	765200	4	0	0	0	0	0	0	0	0	0
54.20	755251	4	0	0	0	0	0	0	0	0	0
54.30	745399	4	0	0	0	0	0	0	0	0	0
54.40	735643	4	0	0	0	0	0	0	0	0	0
54.50	725984	4	0	0	0	0	0	0	0	0	0
54.60	716419	4	0	0	0	0	0	0	0	0	0
54.70	706948	4	0	0	0	0	0	0	0	0	0
54.80	697572	4	0	0	0	0	0	0	0	0	0
54.90	688289	4	0	0	0	0	0	0	0	0	0
55.00	679098	4	0	0	0	0	0	0	0	0	0
55.10	670000	4	0	0	0	0	0	0	0	0	0
55.20	660993	4	0	0	0	0	0	0	0	0	0
55.30	652077	4	0	0	0	0	0	0	0	0	0
55.40	643251	4	0	0	0	0	0	0	0	0	0
55.50	634514	4	0	0	0	0	0	0	0	0	0
55.60	625867	4	0	0	0	0	0	0	0	0	0
55.70	617308	4	0	0	0	0	0	0	0	0	0
55.80	608836	4	0	0	0	0	0	0	0	0	0
55.90	600452	4	0	0	0	0	0	0	0	0	0
56.00	592155	4	0	0	0	0	0	0	0	0	0
56.10	583943	4	0	0	0	0	0	0	0	0	0
56.20	575817	4	0	0	0	0	0	0	0	0	0
56.30	567776	4	0	0	0	0	0	0	0	0	0
56.40	559819	4	0	0	0	0	0	0	0	0	0
56.50	551945	4	0	0	0	0	0	0	0	0	0
56.60	544155	4	0	0	0	0	0	0	0	0	0
56.70	536447	4	0	0	0	0	0	0	0	0	0
56.80	528821	4	0	0	0	0	0	0	0	0	0
56.90	521276	4	0	0	0	0	0	0	0	0	0
57.00	513812	4	0	0	0	0	0	0	0	0	0
57.10	506428	4	0	0	0	0	0	0	0	0	0
57.20	499124	4	0	0	0	0	0	0	0	0	0
57.30	491899	4	0	0	0	0	0	0	0	0	0
57.40	484752	4	0	0	0	0	0	0	0	0	0
57.50	477684	4	0	0	0	0	0	0	0	0	0
57.60	470692	4	0	0	0	0	0	0	0	0	0
57.70	463777	4	0	0	0	0	0	0	0	0	0
57.80	456939	4	0	0	0	0	0	0	0	0	0
57.90	450176	4	0	0	0	0	0	0	0	0	0
58.00	443488	4	0	0	0	0	0	0	0	0	0
58.10	436875	4	0	0	0	0	0	0	0	0	0
58.20	430335	4	0	0	0	0	0	0	0	0	0
58.30	423870	4	0	0	0	0	0	0	0	0	0
58.40	417477	4	0	0	0	0	0	0	0	0	0
58.50	411156	4	0	0	0	0	0	0	0	0	0
58.60	404907	4	0	0	0	0	0	0	0	0	0
58.70	398730	4	0	0	0	0	0	0	0	0	0
58.80	392623	4	0	0	0	0	0	0	0	0	0
58.90	386586	4	0	0	0	0	0	0	0	0	0
59.00	380619	4	0	0	0	0	0	0	0	0	0
59.10	374721	4	0	0	0	0	0	0	0	0	0
59.20	368892	4	0	0	0	0	0	0	0	0	0
59.30	363130	4	0	0	0	0	0	0	0	0	0
59.40	357436	4	0	0	0	0	0	0	0	0	0
59.50	351810	4	0	0	0	0	0	0	0	0	0
59.60	346249	4	0	0	0	0	0	0	0	0	0
59.70	340755	4	0	0	0	0	0	0	0	0	0
59.80	335326	4	0	0	0	0	0	0	0	0	0
59.90	329962	4	0	0	0	0	0	0	0	0	0
60.00	324662	4	0	0	0	0	0	0	0	0	0
60.10	319426	4	0	0	0	0	0	0	0	0	0
60.20	314254	4	0	0	0	0	0	0	0	0	0
60.30	309144	4	0	0	0	0	0	0	0	0	0
60.40	304097	4	0	0	0	0	0	0	0	0	0
60.50	299112	4	0	0	0	0	0	0	0	0	0
60.60	294188	4	0	0	0	0	0	0	0	0	0
60.70	289324	4	0	0	0	0	0	0	0	0	0
60.80	284521	4	0	0	0	0	0	0	0	0	0
60.90	279778	4	0	0	0	0	0	0	0	0	0
61.00	275095	4	0	0	0	0	0	0	0	0	0
61.10	270470	4	0	0	0	0	0	0	0	0	0
61.20	265903	4	0	0	0	0	0	0	0	0	0
61.30	261395	4	0	0	0	0	0	0	0	0	0
61.40	256943	4	0	0	0	0	0	0	0	0	0
61.50	252549	4	0	0	0	0	0	0	0	0	0
61.60	248211	4	0	0	0	0	0	0	0	0	0
61.70	243929	4	0	0	0	0	0	0	0	0	0
61.80	239703	4	0	0	0	0	0	0	0	0	0
61.90	235531	4	0	0	0	0	0	0	0	0	0
62.00	231414	4	0	0	0	0	0	0	0	0	0
62.10	227351	4	0	0	0	0	0	0	0	0	0
62.20	223341	4	0	0	0	0	0	0	0	0	0
62.30	219385	4	0	0	0	0	0	0	0	0	0
62.40	215481	4	0	0	0	0	0	0	0	0	0
62.50	211629	4	0	0	0	0	0	0	0	0	0
62.60	207830	4	0	0	0	0	0	0	0	0	0
62.70	204081	4	0	0	0	0	0	0	0	0	0
62.80	200383	4	0	0	0	0	0	0	0	0	0
62.90	196735	4	0	0	0	0	0	0	0	0	0
63.00	193137	4	0	0	0	0	0	0	0	0	0
63.10	189589	4	0	0	0	0	0	0	0	0	0
63.20	186090	4	0	0	0	0	0	0	0	0	0
63.30	182639	4	0	0	0	0	0	0	0	0	0
63.40	179236	4	0	0	0	0	0	0	0	0	0
63.50	175880	4	0	0	0	0	0	0	0	0	0
63.60	172572	4	0	0	0	0	0	0	0	0	0
63.70	169311	4	0	0	0	0	0	0	0	0	0
63.80	166096	4	0	0	0	0	0	0	0	0	0
63.90	162927	4	0	0	0	0	0	0	0	0	0
64.00	159803	4	0	0	0	0	0	0	0	0	0
64.10	156724	4	0	0	0	0	0	0	0	0	0
64.20	153690	4	0	0	0	0	0	0	0	0	0
64.30	150699	4	0	0	0	0	0	0	0	0	0
64.40	147753	4	0	0	0	0	0	0	0	0	0
64.50	144850	4	0	0	0	0	0	0	0	0	0
64.60	141989	4	0	0	0	0	0	0	0	0	0
64.70	139171	4	0	0	0	0	0	0	0	0	0
64.80	136395	4	0	0	0	0	0	0	0	0	0
64.90	133661	4	0	0	0	0	0	0	0	0	0
65.00	130968	4	0	0	0	0	0	0	0	0	0
65.10	128316	4	0	0	0	0	0	0	0	0	0
65.20	125703	4	0	0	0	0	0	0	0	0	0
65.30	123131	4	0	0	0	0	0	0	0	0	0
65.40	120599	4	0	0	0	0	0	0	0	0	0
65.50	118105	4	0	0	0	0	0	0	0	0	0
65.60	115651	4	0	0	0	0	0	0	0	0	0
65.70	113234	4	0	0	0	0	0	0	0	0	0
65.80	110856	4	0	0	0	0	0	0	0	0	0
65.90	108515	4	0	0	0	0	0	0	0	0	0
66.00	106211	4	0	0	0	0	0	0	0	0	0
66.10	103944	4	0	0	0	0	0	0	0	0	0
66.20	101714	4	0	0	0	0	0	0	0	0	0
66.30	99519	4	0	0	0	0	0	0	0	0	0
66.40	97360	4	0	0	0	0	0	0	0	0	0
66.50	95236	4	0	0	0	0	0	0	0	0	0
66.60	93147	4	0	0	0	0	0	0	0	0	0
66.70	91092	4	0	0	0	0	0	0	0	0	0
66.80	89072	4	0	0	0	0	0	0	0	0	0
66.90	87085	4	0	0	0	0	0	0	0	0	0
67.00	85131	4	0	0	0	0	0	0	0	0	0
67.10	83211	4	0	0	0	0	0	0	0	0	0
67.20	81323	4	0	0	0	0	0	0	0	0	0
67.30	79467	4	0	0	0	0	0	0	0	0	0
67.40	77643	4	0	0	0	0	0	0	0	0	0
67.50	75850	4	0	0	0	0	0	0	0	0	0
67.60	74089	4	0	0	0	0	0	0	0	0	0
67.70	72358	4	0	0	0	0	0	0	0	0	0
67.80	70658	4	0	0	0	0	0	0	0	0	0
67.90	68988	4	0	0	0	0	0	0	0	0	0
68.00	67347	4	0	0	0	0	0	0	0	0	0
68.10	65736	4	0	0	0	0	0	0	0	0	0
68.20	64154	4	0	0	0	0	0	0	0	0	0
68.30	62600	4	0	0	0	0	0	0	0	0	0
68.40	61075	4	0	0	0	0	0	0	0	0	0
68.50	59577	4	0	0	0	0	0	0	0	0	0
68.60	58108	4	0	0	0	0	0	0	0	0	0
68.70	56665	4	0	0	0	0	0	0	0	0	0
68.80	55250	4	0	0	0	0	0	0	0	0	0
68.90	53861	4	0	0	0	0	0	0	0	0	0
69.00	52498	4	0	0	0	0	0	0	0	0	0
69.10	51161	4	0	0	0	0	0	0	0	0	0
69.20	49850	4	0	0	0	0	0	0	0	0	0
69.30	48564	4	0	0	0	0	0	0	0	0	0
69.40	47303	4	0	0	0	0	0	0	0	0	0
69.50	46067	4	0	0	0	0	0	0	0	0	0
69.60	44855	4	0	0	0	0	0	0	0	0	0
69.70	43667	4	0	0	0	0	0	0	0	0	0
69.80	42503	4	0	0	0	0	0	0	0	0	0
69.90	41362	4	0	0	0	0	0	0	0	0	0
70.00	40244	4	0	0	0	0	0	0	0	0	0
70.10	39149	4	0	0	0	0	0	0	0	0	0
70.20	38076	4	0	0	0	0	0	0	0	0	0
70.30	37025	4	0	0	0	0	0	0	0	0	0
70.40	35996	4	0	0	0	0	0	0	0	0	0
70.50	34989	4	0	0	0	0	0	0	0	0	0
70.60	34003	4	0	0	0	0	0	0	0	0	0
70.70	33038	4	0	0	0	0	0	0	0	0	0
70.80	32093	4	0	0	0	0	0	0	0	0	0
70.90	31169	4	0	0	0	0	0	0	0	0	0
71.00	30265	4	0	0	0	0	0	0	0	0	0
71.10	29381	4	0	0	0	0	0	0	0	0	0
71.20	28516	4	0	0	0	0	0	0	0	0	0
71.30	27670	4	0	0	0	0	0	0	0	0	0
71.40	26843	4	0	0	0	0	0	0	0	0	0
71.50	26035	4	0	0	0	0	0	0	0	0	0
71.60	25245	4	0	0	0	0	0	0	0	0	0
71.70	24473	4	0	0	0	0	0	0	0	0	0
71.80	23719	4	0	0	0	0	0	0	0	0	0
71.90	22982	4	0	0	0	0	0	0	0	0	0
72.00	22263	4	0	0	0	0	0	0	0	0	0
72.10	21560	4	0	0	0	0	0	0	0	0	0
72.20	20875	4	0	0	0	0	0	0	0	0	0
72.30	20205	4	0	0	0	0	0	0	0	0	0
72.40	19552	4	0	0	0	0	0	0	0	0	0
72.50	18915	4	0	0	0	0	0	0	0	0	0
72.60	18294	4	0	0	0	0	0	0	0	0	0
72.70	17687	4	0	0	0	0	0	0	0	0	0
72.80	17096	4	0	0	0	0	0	0	0	0	0
72.90	16520	4	0	0	0	0	0	0	0	0	0
73.00	15959	4	0	0	0	0	0	0	0	0	0
73.10	15412	4	0	0	0	0	0	0	0	0	0
73.20	14879	4	0	0	0	0	0	0	0	0	0
73.30	14359	4	0	0	0	0	0	0	0	0	0
73.40	13854	4	0	0	0	0	0	0	0	0	0
73.50	13362	4	0	0	0	0	0	0	0	0	0
73.60	12883	4	0	0	0	0	0	0	0	0	0
73.70	12417	4	0	0	0	0	0	0	0	0	0
73.80	11964	4	0	0	0	0	0	0	0	0	0
73.90	11523	4	0	0	0	0	0	0	0	0	0
74.00	11095	4	0	0	0	0	0	0	0	0	0
74.10	10679	4	0	0	0	0	0	0	0	0	0
74.20	10274	4	0	0	0	0	0	0	0	0	0
74.30	9881	4	0	0	0	0	0	0	0	0	0
74.40	9499	4	0	0	0	0	0	0	0	0	0
74.50	9129	4	0	0	0	0	0	0	0	0	0
74.60	8769	4	0	0	0	0	0	0	0	0	0
74.70	8420	4	0	0	0	0	0	0	0	0	0
74.80	8081	4	0	0	0	0	0	0	0	0	0
74.90	7753	4	0	0	0	0	0	0	0	0	0
75.00	7435	4	0	0	0	0	0	0	0	0	0
75.10	7127	4	0	0	0	0	0	0	0	0	0
75.20	6828	4	0	0	0	0	0	0	0	0	0
75.30	6539	4	0	0	0	0	0	0	0	0	0
75.40	6259	4	0	0	0	0	0	0	0	0	0
75.50	5988	4	0	0	0	0	0	0	0	0	0
75.60	5726	4	0	0	0	0	0	0	0	0	0
75.70	5473	4	0	0	0	0	0	0	0	0	0
75.80	5228	4	0	0	0	0	0	0	0	0	0
75.90	4991	4	0	0	0	0	0	0	0	0	0
76.00	4763	4	0	0	0	0	0	0	0	0	0
76.10	4542	4	0	0	0	0	0	0	0	0	0
76.20	4329	4	0	0	0	0	0	0	0	0	0
76.30	4124	4	0	0	0	0	0	0	0	0	0
76.40	3926	4	0	0	0	0	0	0	0	0	0
76.50	3735	4	0	0	0	0	0	0	0	0	0
76.60	3551	4	0	0	0	0	0	0	0	0	0
76.70	3375	4	0	0	0	0	0	0	0	0	0
76.80	3204	4	0	0	0	0	0	0	0	0	0
76.90	3041	4	0	0	0	0	0	0	0	0	0
77.00	2883	4	0	0	0	0	0	0	0	0	0
77.10	2732	4	0	0	0	0	0	0	0	0	0
77.20	2587	4	0	0	0	0	0	0	0	0	0
77.30	2447	4	0	0	0	0	0	0	0	0	0
77.40	2314	4	0	0	0	0	0	0	0	0	0
77.50	2186	4	0	0	0	0	0	0	0	0	0
77.60	2063	4	0	0	0	0	0	0	0	0	0
77.70	1945	4	0	0	0	0	0	0	0	0	0
77.80	1833	4	0	0	0	0	0	0	0	0	0
77.90	1725	4	0	0	0	0	0	0	0	0	0
78.00	1623	4	0	0	0	0	0	0	0	0	0
78.10	1524	4	0	0	0	0	0	0	0	0	0
78.20	1431	4	0	0	0	0	0	0	0	0	0
78.30	1342	4	0	0	0	0	0	0	0	0	0
78.40	1257	4	0	0	0	0	0	0	0	0	0
78.50	1176	4	0	0	0	0	0	0	0	0	0
78.60	1099	4	0	0	0	0	0	0	0	0	0
78.70	1026	4	0	0	0	0	0	0	0	0	0
78.80	956	4	0	0	0	0	0	0	0	0	0
78.90	890	4	0	0	0	0	0	0	0	0	0
79.00	828	4	0	0	0	0	0	0	0	0	0
79.10	769	4	0	0	0	0	0	0	0	0	0
79.20	713	4	0	0	0	0	0	0	0	0	0
79.30	660	4	0	0	0	0	0	0	0	0	0
79.40	610	4	0	0	0	0	0	0	0	0	0
79.50	563	4	0	0	0	0	0	0	0	0	0
79.60	519	4	0	0	0	0	0	0	0	0	0
79.70	478	4	0	0	0	0	0	0	0	0	0
79.80	439	4	0	0	0	0	0	0	0	0	0
79.90	402	4	0	0	0	0	0	0	0	0	0
80.00	368	4	0	0	0	0	0	0	0	0	0
80.10	336	4	0	0	0	0	0	0	0	0	0
80.20	306	4	0	0	0	0	0	0	0	0	0
80.30	278	4	0	0	0	0	0	0	0	0	0
80.40	252	4	0	0	0	0	0	0	0	0	0
80.50	228	4	0	0	0	0	0	0	0	0	0
80.60	206	4	0	0	0	0	0	0	0	0	0
80.70	185	4	0	0	0	0	0	0	0	0	0
80.80	166	4	0	0	0	0	0	0	0	0	0
80.90	149	4	0	0	0	0	0	0	0	0	0
81.00	132	4	0	0	0	0	0	0	0	0	0
81.10	118	4	0	0	0	0	0	0	0	0	0
81.20	104	4	0	0	0	0	0	0	0	0	0
81.30	92	4	0	0	0	0	0	0	0	0	0
81.40	81	4	0	0	0	0	0	0	0	0	0
81.50	71	4	0	0	0	0	0	0	0	0	0
81.60	61	4	0	0	0	0	0	0	0	0	0
81.70	53	4	0	0	0	0	0	0	0	0	0
81.80	46	4	0	0	0	0	0	0	0	0	0
81.90	39	4	0	0	0	0	0	0	0	0	0
82.00	33	4	0	0	0	0	0	0	0	0	0
82.10	28	4	0	0	0	0	0	0	0	0	0
82.20	24	4	0	0	0	0	0	0	0	0	0
82.30	20	4	0	0	0	0	0	0	0	0	0
82.40	16	4	0	0	0	0	0	0	0	0	0
82.50	13	4	0	0	0	0	0	0	0	0	0
82.60	11	4	0	0	0	0	0	0	0	0	0
82.70	8	4	0	0	0	0	0	0	0	0	0
82.80	7	4	0	0	0	0	0	0	0	0	0
82.90	5	4	0	0	0	0	0	0	0	0	0
83.00	4	4	0	0	0	0	0	0	0	0	0
83.10	3	4	0	0	0	0	0	0	0	0	0
83.20	2	4	0	0	0	0	0	0	0	0	0
83.30	2	4	0	0	0	0	0	0	0	0	0
83.40	1	4	0	0	0	0	0	0	0	0	0
83.50	1	4	0	0	0	0	0	0	0	0	0
83.60	0	4	0	0	0	0	0	0	0	0	0
83.70	0	4	0	0	0	0	0	0	0	0	0
83.80	0	4	0	0	0	0	0	0	0	0	0
83.90	0	4	0	0	0	0	0	0	0	0	0
84.00	0	4	0	0	0	0	0	0	0	0	0
84.10	0	4	0	0	0	0	0	0	0	0	0
84.20	0	4	0	0	0	0	0	0	0	0	0
84.30	0	4	0	0	0	0	0	0	0	0	0
84.40	0	4	0	0	0	0	0	0	0	0	0