-999	"MyLake init"
Z (m)	Az (m2)	Tz (deg C)	Cz	Sz (kg/m3)	TPz (mg/m3)	DOPz (mg/m3)	Chlaz (mg/m3)	DOCz (mg/m3)	TPz_sed (mg/m3)	Chlaz_sed (mg/m3)	"Fvol_IM (m3/m3	 dry w.)"	Hice (m)	Hsnow (m)
0.00	1230520	4	0	0	0	0	0	0	0	0	0	0	0
0.10	1223009	4	0	0	0	0	0	0	0	0	0
0.20	1215503	4	0	0	0	0	0	0	0	0	0
0.30	1208000	4	0	0	0	0	0	0	0	0	0
0.40	1200500	4	0	0	0	0	0	0	0	0	0
0.50	1193004	4	0	0	0	0	0	0	0	0	0
0.60	1185512	4	0	0	0	0	0	0	0	0	0
0.70	1178023	4	0	0	0	0	0	0	0	0	0
0.80	1170539	4	0	0	0	0	0	0	0	0	0
0.90	1163057	4	0	0	0	0	0	0	0	0	0
1.00	1155580	4	0	0	0	0	0	0	0	0	0
1.10	1148106	4	0	0	0	0	0	0	0	0	0
1.20	1140636	4	0	0	0	0	0	0	0	0	0
1.30	1133170	4	0	0	0	0	0	0	0	0	0
1.40	1125708	4	0	0	0	0	0	0	0	0	0
1.50	1118249	4	0	0	0	0	0	0	0	0	0
1.60	1110795	4	0	0	0	0	0	0	0	0	0
1.70	1103344	4	0	0	0	0	0	0	0	0	0
1.80	1095897	4	0	0	0	0	0	0	0	0	0
1.90	1088454	4	0	0	0	0	0	0	0	0	0
2.00	1081015	4	0	0	0	0	0	0	0	0	0
2.10	1073580	4	0	0	0	0	0	0	0	0	0
2.20	1066149	4	0	0	0	0	0	0	0	0	0
2.30	1058722	4	0	0	0	0	0	0	0	0	0
2.40	1051299	4	0	0	0	0	0	0	0	0	0
2.50	1043880	4	0	0	0	0	0	0	0	0	0
2.60	1036465	4	0	0	0	0	0	0	0	0	0
2.70	1029054	4	0	0	0	0	0	0	0	0	0
2.80	1021647	4	0	0	0	0	0	0	0	0	0
2.90	1014245	4	0	0	0	0	0	0	0	0	0
3.00	1006847	4	0	0	0	0	0	0	0	0	0
3.10	999453	4	0	0	0	0	0	0	0	0	0
3.20	992063	4	0	0	0	0	0	0	0	0	0
3.30	984677	4	0	0	0	0	0	0	0	0	0
3.40	977296	4	0	0	0	0	0	0	0	0	0
3.50	969919	4	0	0	0	0	0	0	0	0	0
3.60	962546	4	0	0	0	0	0	0	0	0	0
3.70	955178	4	0	0	0	0	0	0	0	0	0
3.80	947814	4	0	0	0	0	0	0	0	0	0
3.90	940455	4	0	0	0	0	0	0	0	0	0
4.00	933100	4	0	0	0	0	0	0	0	0	0
4.10	925749	4	0	0	0	0	0	0	0	0	0
4.20	918403	4	0	0	0	0	0	0	0	0	0
4.30	911062	4	0	0	0	0	0	0	0	0	0
4.40	903725	4	0	0	0	0	0	0	0	0	0
4.50	896393	4	0	0	0	0	0	0	0	0	0
4.60	889065	4	0	0	0	0	0	0	0	0	0
4.70	881742	4	0	0	0	0	0	0	0	0	0
4.80	874424	4	0	0	0	0	0	0	0	0	0
4.90	867110	4	0	0	0	0	0	0	0	0	0
5.00	859802	4	0	0	0	0	0	0	0	0	0
5.10	852498	4	0	0	0	0	0	0	0	0	0
5.20	845199	4	0	0	0	0	0	0	0	0	0
5.30	837905	4	0	0	0	0	0	0	0	0	0
5.40	830615	4	0	0	0	0	0	0	0	0	0
5.50	823331	4	0	0	0	0	0	0	0	0	0
5.60	816052	4	0	0	0	0	0	0	0	0	0
5.70	808778	4	0	0	0	0	0	0	0	0	0
5.80	801508	4	0	0	0	0	0	0	0	0	0
5.90	794244	4	0	0	0	0	0	0	0	0	0
6.00	786985	4	0	0	0	0	0	0	0	0	0
6.10	779732	4	0	0	0	0	0	0	0	0	0
6.20	772483	4	0	0	0	0	0	0	0	0	0
6.30	765240	4	0	0	0	0	0	0	0	0	0
6.40	758002	4	0	0	0	0	0	0	0	0	0
6.50	750769	4	0	0	0	0	0	0	0	0	0
6.60	743542	4	0	0	0	0	0	0	0	0	0
6.70	736320	4	0	0	0	0	0	0	0	0	0
6.80	729104	4	0	0	0	0	0	0	0	0	0
6.90	721893	4	0	0	0	0	0	0	0	0	0
7.00	714688	4	0	0	0	0	0	0	0	0	0
7.10	707488	4	0	0	0	0	0	0	0	0	0
7.20	700295	4	0	0	0	0	0	0	0	0	0
7.30	693106	4	0	0	0	0	0	0	0	0	0
7.40	685924	4	0	0	0	0	0	0	0	0	0
7.50	678747	4	0	0	0	0	0	0	0	0	0
7.60	671577	4	0	0	0	0	0	0	0	0	0
7.70	664412	4	0	0	0	0	0	0	0	0	0
7.80	657253	4	0	0	0	0	0	0	0	0	0
7.90	650100	4	0	0	0	0	0	0	0	0	0
8.00	642954	4	0	0	0	0	0	0	0	0	0
8.10	635813	4	0	0	0	0	0	0	0	0	0
8.20	628679	4	0	0	0	0	0	0	0	0	0
8.30	621551	4	0	0	0	0	0	0	0	0	0
8.40	614429	4	0	0	0	0	0	0	0	0	0
8.50	607314	4	0	0	0	0	0	0	0	0	0
8.60	600205	4	0	0	0	0	0	0	0	0	0
8.70	593103	4	0	0	0	0	0	0	0	0	0
8.80	586007	4	0	0	0	0	0	0	0	0	0
8.90	578918	4	0	0	0	0	0	0	0	0	0
9.00	571835	4	0	0	0	0	0	0	0	0	0
9.10	564760	4	0	0	0	0	0	0	0	0	0
9.20	557691	4	0	0	0	0	0	0	0	0	0
9.30	550629	4	0	0	0	0	0	0	0	0	0
9.40	543574	4	0	0	0	0	0	0	0	0	0
9.50	536527	4	0	0	0	0	0	0	0	0	0
9.60	529486	4	0	0	0	0	0	0	0	0	0
9.70	522453	4	0	0	0	0	0	0	0	0	0
9.80	515427	4	0	0	0	0	0	0	0	0	0
9.90	508408	4	0	0	0	0	0	0	0	0	0
10.00	501397	4	0	0	0	0	0	0	0	0	0
10.10	494394	4	0	0	0	0	0	0	0	0	0
10.20	487398	4	0	0	0	0	0	0	0	0	0
10.30	480410	4	0	0	0	0	0	0	0	0	0
10.40	473430	4	0	0	0	0	0	0	0	0	0
10.50	466457	4	0	0	0	0	0	0	0	0	0
10.60	459493	4	0	0	0	0	0	0	0	0	0
10.70	452537	4	0	0	0	0	0	0	0	0	0
10.80	445590	4	0	0	0	0	0	0	0	0	0
10.90	438650	4	0	0	0	0	0	0	0	0	0
11.00	431720	4	0	0	0	0	0	0	0	0	0
11.10	424797	4	0	0	0	0	0	0	0	0	0
11.20	417884	4	0	0	0	0	0	0	0	0	0
11.30	410979	4	0	0	0	0	0	0	0	0	0
11.40	404084	4	0	0	0	0	0	0	0	0	0
11.50	397197	4	0	0	0	0	0	0	0	0	0
11.60	390320	4	0	0	0	0	0	0	0	0	0
11.70	383452	4	0	0	0	0	0	0	0	0	0
11.80	376594	4	0	0	0	0	0	0	0	0	0
11.90	369745	4	0	0	0	0	0	0	0	0	0
12.00	362906	4	0	0	0	0	0	0	0	0	0
12.10	356077	4	0	0	0	0	0	0	0	0	0
12.20	349258	4	0	0	0	0	0	0	0	0	0
12.30	342450	4	0	0	0	0	0	0	0	0	0
12.40	335652	4	0	0	0	0	0	0	0	0	0
12.50	328864	4	0	0	0	0	0	0	0	0	0
12.60	322088	4	0	0	0	0	0	0	0	0	0
12.70	315322	4	0	0	0	0	0	0	0	0	0
12.80	308568	4	0	0	0	0	0	0	0	0	0
12.90	301825	4	0	0	0	0	0	0	0	0	0
13.00	295094	4	0	0	0	0	0	0	0	0	0
13.10	288374	4	0	0	0	0	0	0	0	0	0
13.20	281667	4	0	0	0	0	0	0	0	0	0
13.30	274972	4	0	0	0	0	0	0	0	0	0
13.40	268290	4	0	0	0	0	0	0	0	0	0
13.50	261621	4	0	0	0	0	0	0	0	0	0
13.60	254964	4	0	0	0	0	0	0	0	0	0
13.70	248322	4	0	0	0	0	0	0	0	0	0
13.80	241693	4	0	0	0	0	0	0	0	0	0
13.90	235078	4	0	0	0	0	0	0	0	0	0
14.00	228477	4	0	0	0	0	0	0	0	0	0
14.10	221891	4	0	0	0	0	0	0	0	0	0
14.20	215320	4	0	0	0	0	0	0	0	0	0
14.30	208765	4	0	0	0	0	0	0	0	0	0
14.40	202226	4	0	0	0	0	0	0	0	0	0
14.50	195703	4	0	0	0	0	0	0	0	0	0
14.60	189196	4	0	0	0	0	0	0	0	0	0
14.70	182708	4	0	0	0	0	0	0	0	0	0
14.80	176236	4	0	0	0	0	0	0	0	0	0
14.90	169784	4	0	0	0	0	0	0	0	0	0
15.00	163350	4	0	0	0	0	0	0	0	0	0
15.10	156936	4	0	0	0	0	0	0	0	0	0
15.20	150542	4	0	0	0	0	0	0	0	0	0
15.30	144169	4	0	0	0	0	0	0	0	0	0
15.40	137818	4	0	0	0	0	0	0	0	0	0
15.50	131489	4	0	0	0	0	0	0	0	0	0
15.60	125184	4	0	0	0	0	0	0	0	0	0
15.70	118903	4	0	0	0	0	0	0	0	0	0
15.80	112648	4	0	0	0	0	0	0	0	0	0
15.90	106420	4	0	0	0	0	0	0	0	0	0
16.00	100220	4	0	0	0	0	0	0	0	0	0
16.10	94050	4	0	0	0	0	0	0	0	0	0
16.20	87911	4	0	0	0	0	0	0	0	0	0
16.30	81804	4	0	0	0	0	0	0	0	0	0
16.40	75733	4	0	0	0	0	0	0	0	0	0
16.50	69700	4	0	0	0	0	0	0	0	0	0
16.60	63707	4	0	0	0	0	0	0	0	0	0
16.70	57757	4	0	0	0	0	0	0	0	0	0
16.80	51854	4	0	0	0	0	0	0	0	0	0
16.90	46003	4	0	0	0	0	0	0	0	0	0
17.00	40210	4	0	0	0	0	0	0	0	0	0
17.10	34480	4	0	0	0	0	0	0	0	0	0
17.20	28824	4	0	0	0	0	0	0	0	0	0
17.30	23252	4	0	0	0	0	0	0	0	0	0
17.40	17783	4	0	0	0	0	0	0	0	0	0
17.50	12444	4	0	0	0	0	0	0	0	0	0
17.60	7280	4	0	0	0	0	0	0	0	0	0
17.70	2408	4	0	0	0	0	0	0	0	0	0
17.76	0	4	0	0	0	0	0	0	0	0	0