-999	"MyLake init"
Z (m)	Az (m2)	Tz (deg C)	Cz	Sz (kg/m3)	TPz (mg/m3)	DOPz (mg/m3)	Chlaz (mg/m3)	DOCz (mg/m3)	TPz_sed (mg/m3)	Chlaz_sed (mg/m3)	"Fvol_IM (m3/m3	 dry w.)"	Hice (m)	Hsnow (m)
0.00	1892757	4	0	0	0	0	0	0	0	0	0	0	0
0.10	1882968	4	0	0	0	0	0	0	0	0	0
0.20	1873174	4	0	0	0	0	0	0	0	0	0
0.30	1863375	4	0	0	0	0	0	0	0	0	0
0.40	1853572	4	0	0	0	0	0	0	0	0	0
0.50	1843764	4	0	0	0	0	0	0	0	0	0
0.60	1833951	4	0	0	0	0	0	0	0	0	0
0.70	1824133	4	0	0	0	0	0	0	0	0	0
0.80	1814310	4	0	0	0	0	0	0	0	0	0
0.90	1804482	4	0	0	0	0	0	0	0	0	0
1.00	1794649	4	0	0	0	0	0	0	0	0	0
1.10	1784811	4	0	0	0	0	0	0	0	0	0
1.20	1774968	4	0	0	0	0	0	0	0	0	0
1.30	1765120	4	0	0	0	0	0	0	0	0	0
1.40	1755267	4	0	0	0	0	0	0	0	0	0
1.50	1745408	4	0	0	0	0	0	0	0	0	0
1.60	1735545	4	0	0	0	0	0	0	0	0	0
1.70	1725676	4	0	0	0	0	0	0	0	0	0
1.80	1715802	4	0	0	0	0	0	0	0	0	0
1.90	1705922	4	0	0	0	0	0	0	0	0	0
2.00	1696038	4	0	0	0	0	0	0	0	0	0
2.10	1686148	4	0	0	0	0	0	0	0	0	0
2.20	1676252	4	0	0	0	0	0	0	0	0	0
2.30	1666351	4	0	0	0	0	0	0	0	0	0
2.40	1656445	4	0	0	0	0	0	0	0	0	0
2.50	1646533	4	0	0	0	0	0	0	0	0	0
2.60	1636615	4	0	0	0	0	0	0	0	0	0
2.70	1626692	4	0	0	0	0	0	0	0	0	0
2.80	1616763	4	0	0	0	0	0	0	0	0	0
2.90	1606829	4	0	0	0	0	0	0	0	0	0
3.00	1596888	4	0	0	0	0	0	0	0	0	0
3.10	1586942	4	0	0	0	0	0	0	0	0	0
3.20	1576991	4	0	0	0	0	0	0	0	0	0
3.30	1567033	4	0	0	0	0	0	0	0	0	0
3.40	1557069	4	0	0	0	0	0	0	0	0	0
3.50	1547100	4	0	0	0	0	0	0	0	0	0
3.60	1537124	4	0	0	0	0	0	0	0	0	0
3.70	1527143	4	0	0	0	0	0	0	0	0	0
3.80	1517155	4	0	0	0	0	0	0	0	0	0
3.90	1507161	4	0	0	0	0	0	0	0	0	0
4.00	1497161	4	0	0	0	0	0	0	0	0	0
4.10	1487155	4	0	0	0	0	0	0	0	0	0
4.20	1477142	4	0	0	0	0	0	0	0	0	0
4.30	1467123	4	0	0	0	0	0	0	0	0	0
4.40	1457098	4	0	0	0	0	0	0	0	0	0
4.50	1447066	4	0	0	0	0	0	0	0	0	0
4.60	1437028	4	0	0	0	0	0	0	0	0	0
4.70	1426984	4	0	0	0	0	0	0	0	0	0
4.80	1416932	4	0	0	0	0	0	0	0	0	0
4.90	1406874	4	0	0	0	0	0	0	0	0	0
5.00	1396810	4	0	0	0	0	0	0	0	0	0
5.10	1386738	4	0	0	0	0	0	0	0	0	0
5.20	1376660	4	0	0	0	0	0	0	0	0	0
5.30	1366575	4	0	0	0	0	0	0	0	0	0
5.40	1356482	4	0	0	0	0	0	0	0	0	0
5.50	1346383	4	0	0	0	0	0	0	0	0	0
5.60	1336277	4	0	0	0	0	0	0	0	0	0
5.70	1326164	4	0	0	0	0	0	0	0	0	0
5.80	1316043	4	0	0	0	0	0	0	0	0	0
5.90	1305915	4	0	0	0	0	0	0	0	0	0
6.00	1295780	4	0	0	0	0	0	0	0	0	0
6.10	1285638	4	0	0	0	0	0	0	0	0	0
6.20	1275488	4	0	0	0	0	0	0	0	0	0
6.30	1265330	4	0	0	0	0	0	0	0	0	0
6.40	1255165	4	0	0	0	0	0	0	0	0	0
6.50	1244992	4	0	0	0	0	0	0	0	0	0
6.60	1234811	4	0	0	0	0	0	0	0	0	0
6.70	1224623	4	0	0	0	0	0	0	0	0	0
6.80	1214426	4	0	0	0	0	0	0	0	0	0
6.90	1204222	4	0	0	0	0	0	0	0	0	0
7.00	1194010	4	0	0	0	0	0	0	0	0	0
7.10	1183789	4	0	0	0	0	0	0	0	0	0
7.20	1173560	4	0	0	0	0	0	0	0	0	0
7.30	1163323	4	0	0	0	0	0	0	0	0	0
7.40	1153077	4	0	0	0	0	0	0	0	0	0
7.50	1142823	4	0	0	0	0	0	0	0	0	0
7.60	1132561	4	0	0	0	0	0	0	0	0	0
7.70	1122289	4	0	0	0	0	0	0	0	0	0
7.80	1112009	4	0	0	0	0	0	0	0	0	0
7.90	1101720	4	0	0	0	0	0	0	0	0	0
8.00	1091422	4	0	0	0	0	0	0	0	0	0
8.10	1081115	4	0	0	0	0	0	0	0	0	0
8.20	1070799	4	0	0	0	0	0	0	0	0	0
8.30	1060473	4	0	0	0	0	0	0	0	0	0
8.40	1050139	4	0	0	0	0	0	0	0	0	0
8.50	1039794	4	0	0	0	0	0	0	0	0	0
8.60	1029440	4	0	0	0	0	0	0	0	0	0
8.70	1019076	4	0	0	0	0	0	0	0	0	0
8.80	1008703	4	0	0	0	0	0	0	0	0	0
8.90	998319	4	0	0	0	0	0	0	0	0	0
9.00	987926	4	0	0	0	0	0	0	0	0	0
9.10	977522	4	0	0	0	0	0	0	0	0	0
9.20	967108	4	0	0	0	0	0	0	0	0	0
9.30	956683	4	0	0	0	0	0	0	0	0	0
9.40	946248	4	0	0	0	0	0	0	0	0	0
9.50	935802	4	0	0	0	0	0	0	0	0	0
9.60	925345	4	0	0	0	0	0	0	0	0	0
9.70	914877	4	0	0	0	0	0	0	0	0	0
9.80	904398	4	0	0	0	0	0	0	0	0	0
9.90	893907	4	0	0	0	0	0	0	0	0	0
10.00	883405	4	0	0	0	0	0	0	0	0	0
10.10	872892	4	0	0	0	0	0	0	0	0	0
10.20	862366	4	0	0	0	0	0	0	0	0	0
10.30	851829	4	0	0	0	0	0	0	0	0	0
10.40	841279	4	0	0	0	0	0	0	0	0	0
10.50	830717	4	0	0	0	0	0	0	0	0	0
10.60	820143	4	0	0	0	0	0	0	0	0	0
10.70	809556	4	0	0	0	0	0	0	0	0	0
10.80	798955	4	0	0	0	0	0	0	0	0	0
10.90	788342	4	0	0	0	0	0	0	0	0	0
11.00	777715	4	0	0	0	0	0	0	0	0	0
11.10	767075	4	0	0	0	0	0	0	0	0	0
11.20	756421	4	0	0	0	0	0	0	0	0	0
11.30	745753	4	0	0	0	0	0	0	0	0	0
11.40	735071	4	0	0	0	0	0	0	0	0	0
11.50	724374	4	0	0	0	0	0	0	0	0	0
11.60	713662	4	0	0	0	0	0	0	0	0	0
11.70	702936	4	0	0	0	0	0	0	0	0	0
11.80	692194	4	0	0	0	0	0	0	0	0	0
11.90	681436	4	0	0	0	0	0	0	0	0	0
12.00	670663	4	0	0	0	0	0	0	0	0	0
12.10	659874	4	0	0	0	0	0	0	0	0	0
12.20	649068	4	0	0	0	0	0	0	0	0	0
12.30	638245	4	0	0	0	0	0	0	0	0	0
12.40	627405	4	0	0	0	0	0	0	0	0	0
12.50	616548	4	0	0	0	0	0	0	0	0	0
12.60	605672	4	0	0	0	0	0	0	0	0	0
12.70	594779	4	0	0	0	0	0	0	0	0	0
12.80	583867	4	0	0	0	0	0	0	0	0	0
12.90	572935	4	0	0	0	0	0	0	0	0	0
13.00	561985	4	0	0	0	0	0	0	0	0	0
13.10	551014	4	0	0	0	0	0	0	0	0	0
13.20	540023	4	0	0	0	0	0	0	0	0	0
13.30	529011	4	0	0	0	0	0	0	0	0	0
13.40	517977	4	0	0	0	0	0	0	0	0	0
13.50	506922	4	0	0	0	0	0	0	0	0	0
13.60	495844	4	0	0	0	0	0	0	0	0	0
13.70	484743	4	0	0	0	0	0	0	0	0	0
13.80	473618	4	0	0	0	0	0	0	0	0	0
13.90	462469	4	0	0	0	0	0	0	0	0	0
14.00	451294	4	0	0	0	0	0	0	0	0	0
14.10	440094	4	0	0	0	0	0	0	0	0	0
14.20	428867	4	0	0	0	0	0	0	0	0	0
14.30	417612	4	0	0	0	0	0	0	0	0	0
14.40	406329	4	0	0	0	0	0	0	0	0	0
14.50	395017	4	0	0	0	0	0	0	0	0	0
14.60	383675	4	0	0	0	0	0	0	0	0	0
14.70	372301	4	0	0	0	0	0	0	0	0	0
14.80	360895	4	0	0	0	0	0	0	0	0	0
14.90	349454	4	0	0	0	0	0	0	0	0	0
15.00	337979	4	0	0	0	0	0	0	0	0	0
15.10	326468	4	0	0	0	0	0	0	0	0	0
15.20	314918	4	0	0	0	0	0	0	0	0	0
15.30	303329	4	0	0	0	0	0	0	0	0	0
15.40	291698	4	0	0	0	0	0	0	0	0	0
15.50	280024	4	0	0	0	0	0	0	0	0	0
15.60	268304	4	0	0	0	0	0	0	0	0	0
15.70	256536	4	0	0	0	0	0	0	0	0	0
15.80	244718	4	0	0	0	0	0	0	0	0	0
15.90	232846	4	0	0	0	0	0	0	0	0	0
16.00	220917	4	0	0	0	0	0	0	0	0	0
16.10	208928	4	0	0	0	0	0	0	0	0	0
16.20	196875	4	0	0	0	0	0	0	0	0	0
16.30	184752	4	0	0	0	0	0	0	0	0	0
16.40	172554	4	0	0	0	0	0	0	0	0	0
16.50	160275	4	0	0	0	0	0	0	0	0	0
16.60	147908	4	0	0	0	0	0	0	0	0	0
16.70	135443	4	0	0	0	0	0	0	0	0	0
16.80	122871	4	0	0	0	0	0	0	0	0	0
16.90	110177	4	0	0	0	0	0	0	0	0	0
17.00	97344	4	0	0	0	0	0	0	0	0	0
17.10	84351	4	0	0	0	0	0	0	0	0	0
17.20	71168	4	0	0	0	0	0	0	0	0	0
17.30	57752	4	0	0	0	0	0	0	0	0	0
17.40	44035	4	0	0	0	0	0	0	0	0	0
17.50	29899	4	0	0	0	0	0	0	0	0	0
17.60	15076	4	0	0	0	0	0	0	0	0	0
17.69	0	4	0	0	0	0	0	0	0	0	0