-999	"MyLake init"
Z (m)	Az (m2)	Tz (deg C)	Cz	Sz (kg/m3)	TPz (mg/m3)	DOPz (mg/m3)	Chlaz (mg/m3)	DOCz (mg/m3)	TPz_sed (mg/m3)	Chlaz_sed (mg/m3)	"Fvol_IM (m3/m3	 dry w.)"	Hice (m)	Hsnow (m)
0.00	26952995	4	0	0	0	0	0	0	0	0	0	0	0
0.10	26790955	4	0	0	0	0	0	0	0	0	0
0.20	26629834	4	0	0	0	0	0	0	0	0	0
0.30	26469629	4	0	0	0	0	0	0	0	0	0
0.40	26310334	4	0	0	0	0	0	0	0	0	0
0.50	26151944	4	0	0	0	0	0	0	0	0	0
0.60	25994454	4	0	0	0	0	0	0	0	0	0
0.70	25837859	4	0	0	0	0	0	0	0	0	0
0.80	25682155	4	0	0	0	0	0	0	0	0	0
0.90	25527338	4	0	0	0	0	0	0	0	0	0
1.00	25373401	4	0	0	0	0	0	0	0	0	0
1.10	25220341	4	0	0	0	0	0	0	0	0	0
1.20	25068152	4	0	0	0	0	0	0	0	0	0
1.30	24916831	4	0	0	0	0	0	0	0	0	0
1.40	24766372	4	0	0	0	0	0	0	0	0	0
1.50	24616771	4	0	0	0	0	0	0	0	0	0
1.60	24468023	4	0	0	0	0	0	0	0	0	0
1.70	24320124	4	0	0	0	0	0	0	0	0	0
1.80	24173069	4	0	0	0	0	0	0	0	0	0
1.90	24026853	4	0	0	0	0	0	0	0	0	0
2.00	23881472	4	0	0	0	0	0	0	0	0	0
2.10	23736922	4	0	0	0	0	0	0	0	0	0
2.20	23593199	4	0	0	0	0	0	0	0	0	0
2.30	23450296	4	0	0	0	0	0	0	0	0	0
2.40	23308211	4	0	0	0	0	0	0	0	0	0
2.50	23166939	4	0	0	0	0	0	0	0	0	0
2.60	23026475	4	0	0	0	0	0	0	0	0	0
2.70	22886816	4	0	0	0	0	0	0	0	0	0
2.80	22747956	4	0	0	0	0	0	0	0	0	0
2.90	22609891	4	0	0	0	0	0	0	0	0	0
3.00	22472618	4	0	0	0	0	0	0	0	0	0
3.10	22336132	4	0	0	0	0	0	0	0	0	0
3.20	22200428	4	0	0	0	0	0	0	0	0	0
3.30	22065503	4	0	0	0	0	0	0	0	0	0
3.40	21931352	4	0	0	0	0	0	0	0	0	0
3.50	21797971	4	0	0	0	0	0	0	0	0	0
3.60	21665356	4	0	0	0	0	0	0	0	0	0
3.70	21533503	4	0	0	0	0	0	0	0	0	0
3.80	21402407	4	0	0	0	0	0	0	0	0	0
3.90	21272065	4	0	0	0	0	0	0	0	0	0
4.00	21142473	4	0	0	0	0	0	0	0	0	0
4.10	21013626	4	0	0	0	0	0	0	0	0	0
4.20	20885520	4	0	0	0	0	0	0	0	0	0
4.30	20758152	4	0	0	0	0	0	0	0	0	0
4.40	20631517	4	0	0	0	0	0	0	0	0	0
4.50	20505611	4	0	0	0	0	0	0	0	0	0
4.60	20380431	4	0	0	0	0	0	0	0	0	0
4.70	20255973	4	0	0	0	0	0	0	0	0	0
4.80	20132232	4	0	0	0	0	0	0	0	0	0
4.90	20009205	4	0	0	0	0	0	0	0	0	0
5.00	19886887	4	0	0	0	0	0	0	0	0	0
5.10	19765276	4	0	0	0	0	0	0	0	0	0
5.20	19644367	4	0	0	0	0	0	0	0	0	0
5.30	19524156	4	0	0	0	0	0	0	0	0	0
5.40	19404639	4	0	0	0	0	0	0	0	0	0
5.50	19285814	4	0	0	0	0	0	0	0	0	0
5.60	19167675	4	0	0	0	0	0	0	0	0	0
5.70	19050220	4	0	0	0	0	0	0	0	0	0
5.80	18933444	4	0	0	0	0	0	0	0	0	0
5.90	18817345	4	0	0	0	0	0	0	0	0	0
6.00	18701917	4	0	0	0	0	0	0	0	0	0
6.10	18587158	4	0	0	0	0	0	0	0	0	0
6.20	18473064	4	0	0	0	0	0	0	0	0	0
6.30	18359631	4	0	0	0	0	0	0	0	0	0
6.40	18246855	4	0	0	0	0	0	0	0	0	0
6.50	18134734	4	0	0	0	0	0	0	0	0	0
6.60	18023263	4	0	0	0	0	0	0	0	0	0
6.70	17912440	4	0	0	0	0	0	0	0	0	0
6.80	17802259	4	0	0	0	0	0	0	0	0	0
6.90	17692719	4	0	0	0	0	0	0	0	0	0
7.00	17583815	4	0	0	0	0	0	0	0	0	0
7.10	17475543	4	0	0	0	0	0	0	0	0	0
7.20	17367902	4	0	0	0	0	0	0	0	0	0
7.30	17260886	4	0	0	0	0	0	0	0	0	0
7.40	17154493	4	0	0	0	0	0	0	0	0	0
7.50	17048719	4	0	0	0	0	0	0	0	0	0
7.60	16943561	4	0	0	0	0	0	0	0	0	0
7.70	16839015	4	0	0	0	0	0	0	0	0	0
7.80	16735078	4	0	0	0	0	0	0	0	0	0
7.90	16631747	4	0	0	0	0	0	0	0	0	0
8.00	16529019	4	0	0	0	0	0	0	0	0	0
8.10	16426889	4	0	0	0	0	0	0	0	0	0
8.20	16325356	4	0	0	0	0	0	0	0	0	0
8.30	16224415	4	0	0	0	0	0	0	0	0	0
8.40	16124063	4	0	0	0	0	0	0	0	0	0
8.50	16024297	4	0	0	0	0	0	0	0	0	0
8.60	15925114	4	0	0	0	0	0	0	0	0	0
8.70	15826511	4	0	0	0	0	0	0	0	0	0
8.80	15728484	4	0	0	0	0	0	0	0	0	0
8.90	15631031	4	0	0	0	0	0	0	0	0	0
9.00	15534147	4	0	0	0	0	0	0	0	0	0
9.10	15437831	4	0	0	0	0	0	0	0	0	0
9.20	15342078	4	0	0	0	0	0	0	0	0	0
9.30	15246886	4	0	0	0	0	0	0	0	0	0
9.40	15152252	4	0	0	0	0	0	0	0	0	0
9.50	15058173	4	0	0	0	0	0	0	0	0	0
9.60	14964645	4	0	0	0	0	0	0	0	0	0
9.70	14871665	4	0	0	0	0	0	0	0	0	0
9.80	14779231	4	0	0	0	0	0	0	0	0	0
9.90	14687339	4	0	0	0	0	0	0	0	0	0
10.00	14595987	4	0	0	0	0	0	0	0	0	0
10.10	14505171	4	0	0	0	0	0	0	0	0	0
10.20	14414889	4	0	0	0	0	0	0	0	0	0
10.30	14325138	4	0	0	0	0	0	0	0	0	0
10.40	14235914	4	0	0	0	0	0	0	0	0	0
10.50	14147214	4	0	0	0	0	0	0	0	0	0
10.60	14059037	4	0	0	0	0	0	0	0	0	0
10.70	13971378	4	0	0	0	0	0	0	0	0	0
10.80	13884236	4	0	0	0	0	0	0	0	0	0
10.90	13797606	4	0	0	0	0	0	0	0	0	0
11.00	13711487	4	0	0	0	0	0	0	0	0	0
11.10	13625876	4	0	0	0	0	0	0	0	0	0
11.20	13540769	4	0	0	0	0	0	0	0	0	0
11.30	13456164	4	0	0	0	0	0	0	0	0	0
11.40	13372059	4	0	0	0	0	0	0	0	0	0
11.50	13288449	4	0	0	0	0	0	0	0	0	0
11.60	13205334	4	0	0	0	0	0	0	0	0	0
11.70	13122709	4	0	0	0	0	0	0	0	0	0
11.80	13040572	4	0	0	0	0	0	0	0	0	0
11.90	12958920	4	0	0	0	0	0	0	0	0	0
12.00	12877752	4	0	0	0	0	0	0	0	0	0
12.10	12797063	4	0	0	0	0	0	0	0	0	0
12.20	12716852	4	0	0	0	0	0	0	0	0	0
12.30	12637115	4	0	0	0	0	0	0	0	0	0
12.40	12557851	4	0	0	0	0	0	0	0	0	0
12.50	12479056	4	0	0	0	0	0	0	0	0	0
12.60	12400727	4	0	0	0	0	0	0	0	0	0
12.70	12322863	4	0	0	0	0	0	0	0	0	0
12.80	12245461	4	0	0	0	0	0	0	0	0	0
12.90	12168517	4	0	0	0	0	0	0	0	0	0
13.00	12092030	4	0	0	0	0	0	0	0	0	0
13.10	12015997	4	0	0	0	0	0	0	0	0	0
13.20	11940416	4	0	0	0	0	0	0	0	0	0
13.30	11865283	4	0	0	0	0	0	0	0	0	0
13.40	11790597	4	0	0	0	0	0	0	0	0	0
13.50	11716354	4	0	0	0	0	0	0	0	0	0
13.60	11642553	4	0	0	0	0	0	0	0	0	0
13.70	11569191	4	0	0	0	0	0	0	0	0	0
13.80	11496265	4	0	0	0	0	0	0	0	0	0
13.90	11423774	4	0	0	0	0	0	0	0	0	0
14.00	11351714	4	0	0	0	0	0	0	0	0	0
14.10	11280083	4	0	0	0	0	0	0	0	0	0
14.20	11208879	4	0	0	0	0	0	0	0	0	0
14.30	11138099	4	0	0	0	0	0	0	0	0	0
14.40	11067741	4	0	0	0	0	0	0	0	0	0
14.50	10997803	4	0	0	0	0	0	0	0	0	0
14.60	10928282	4	0	0	0	0	0	0	0	0	0
14.70	10859176	4	0	0	0	0	0	0	0	0	0
14.80	10790483	4	0	0	0	0	0	0	0	0	0
14.90	10722200	4	0	0	0	0	0	0	0	0	0
15.00	10654325	4	0	0	0	0	0	0	0	0	0
15.10	10586856	4	0	0	0	0	0	0	0	0	0
15.20	10519790	4	0	0	0	0	0	0	0	0	0
15.30	10453125	4	0	0	0	0	0	0	0	0	0
15.40	10386860	4	0	0	0	0	0	0	0	0	0
15.50	10320990	4	0	0	0	0	0	0	0	0	0
15.60	10255515	4	0	0	0	0	0	0	0	0	0
15.70	10190433	4	0	0	0	0	0	0	0	0	0
15.80	10125740	4	0	0	0	0	0	0	0	0	0
15.90	10061435	4	0	0	0	0	0	0	0	0	0
16.00	9997516	4	0	0	0	0	0	0	0	0	0
16.10	9933980	4	0	0	0	0	0	0	0	0	0
16.20	9870825	4	0	0	0	0	0	0	0	0	0
16.30	9808050	4	0	0	0	0	0	0	0	0	0
16.40	9745651	4	0	0	0	0	0	0	0	0	0
16.50	9683628	4	0	0	0	0	0	0	0	0	0
16.60	9621976	4	0	0	0	0	0	0	0	0	0
16.70	9560696	4	0	0	0	0	0	0	0	0	0
16.80	9499784	4	0	0	0	0	0	0	0	0	0
16.90	9439239	4	0	0	0	0	0	0	0	0	0
17.00	9379057	4	0	0	0	0	0	0	0	0	0
17.10	9319238	4	0	0	0	0	0	0	0	0	0
17.20	9259780	4	0	0	0	0	0	0	0	0	0
17.30	9200679	4	0	0	0	0	0	0	0	0	0
17.40	9141935	4	0	0	0	0	0	0	0	0	0
17.50	9083545	4	0	0	0	0	0	0	0	0	0
17.60	9025507	4	0	0	0	0	0	0	0	0	0
17.70	8967819	4	0	0	0	0	0	0	0	0	0
17.80	8910479	4	0	0	0	0	0	0	0	0	0
17.90	8853485	4	0	0	0	0	0	0	0	0	0
18.00	8796836	4	0	0	0	0	0	0	0	0	0
18.10	8740529	4	0	0	0	0	0	0	0	0	0
18.20	8684562	4	0	0	0	0	0	0	0	0	0
18.30	8628933	4	0	0	0	0	0	0	0	0	0
18.40	8573641	4	0	0	0	0	0	0	0	0	0
18.50	8518684	4	0	0	0	0	0	0	0	0	0
18.60	8464059	4	0	0	0	0	0	0	0	0	0
18.70	8409764	4	0	0	0	0	0	0	0	0	0
18.80	8355799	4	0	0	0	0	0	0	0	0	0
18.90	8302161	4	0	0	0	0	0	0	0	0	0
19.00	8248847	4	0	0	0	0	0	0	0	0	0
19.10	8195857	4	0	0	0	0	0	0	0	0	0
19.20	8143189	4	0	0	0	0	0	0	0	0	0
19.30	8090840	4	0	0	0	0	0	0	0	0	0
19.40	8038808	4	0	0	0	0	0	0	0	0	0
19.50	7987093	4	0	0	0	0	0	0	0	0	0
19.60	7935692	4	0	0	0	0	0	0	0	0	0
19.70	7884603	4	0	0	0	0	0	0	0	0	0
19.80	7833825	4	0	0	0	0	0	0	0	0	0
19.90	7783355	4	0	0	0	0	0	0	0	0	0
20.00	7733192	4	0	0	0	0	0	0	0	0	0
20.10	7683335	4	0	0	0	0	0	0	0	0	0
20.20	7633781	4	0	0	0	0	0	0	0	0	0
20.30	7584529	4	0	0	0	0	0	0	0	0	0
20.40	7535577	4	0	0	0	0	0	0	0	0	0
20.50	7486923	4	0	0	0	0	0	0	0	0	0
20.60	7438566	4	0	0	0	0	0	0	0	0	0
20.70	7390504	4	0	0	0	0	0	0	0	0	0
20.80	7342735	4	0	0	0	0	0	0	0	0	0
20.90	7295258	4	0	0	0	0	0	0	0	0	0
21.00	7248070	4	0	0	0	0	0	0	0	0	0
21.10	7201171	4	0	0	0	0	0	0	0	0	0
21.20	7154558	4	0	0	0	0	0	0	0	0	0
21.30	7108230	4	0	0	0	0	0	0	0	0	0
21.40	7062185	4	0	0	0	0	0	0	0	0	0
21.50	7016422	4	0	0	0	0	0	0	0	0	0
21.60	6970939	4	0	0	0	0	0	0	0	0	0
21.70	6925734	4	0	0	0	0	0	0	0	0	0
21.80	6880806	4	0	0	0	0	0	0	0	0	0
21.90	6836153	4	0	0	0	0	0	0	0	0	0
22.00	6791774	4	0	0	0	0	0	0	0	0	0
22.10	6747667	4	0	0	0	0	0	0	0	0	0
22.20	6703830	4	0	0	0	0	0	0	0	0	0
22.30	6660263	4	0	0	0	0	0	0	0	0	0
22.40	6616962	4	0	0	0	0	0	0	0	0	0
22.50	6573928	4	0	0	0	0	0	0	0	0	0
22.60	6531157	4	0	0	0	0	0	0	0	0	0
22.70	6488650	4	0	0	0	0	0	0	0	0	0
22.80	6446403	4	0	0	0	0	0	0	0	0	0
22.90	6404417	4	0	0	0	0	0	0	0	0	0
23.00	6362688	4	0	0	0	0	0	0	0	0	0
23.10	6321216	4	0	0	0	0	0	0	0	0	0
23.20	6280000	4	0	0	0	0	0	0	0	0	0
23.30	6239037	4	0	0	0	0	0	0	0	0	0
23.40	6198326	4	0	0	0	0	0	0	0	0	0
23.50	6157867	4	0	0	0	0	0	0	0	0	0
23.60	6117656	4	0	0	0	0	0	0	0	0	0
23.70	6077694	4	0	0	0	0	0	0	0	0	0
23.80	6037978	4	0	0	0	0	0	0	0	0	0
23.90	5998507	4	0	0	0	0	0	0	0	0	0
24.00	5959280	4	0	0	0	0	0	0	0	0	0
24.10	5920295	4	0	0	0	0	0	0	0	0	0
24.20	5881551	4	0	0	0	0	0	0	0	0	0
24.30	5843046	4	0	0	0	0	0	0	0	0	0
24.40	5804779	4	0	0	0	0	0	0	0	0	0
24.50	5766749	4	0	0	0	0	0	0	0	0	0
24.60	5728954	4	0	0	0	0	0	0	0	0	0
24.70	5691393	4	0	0	0	0	0	0	0	0	0
24.80	5654064	4	0	0	0	0	0	0	0	0	0
24.90	5616967	4	0	0	0	0	0	0	0	0	0
25.00	5580099	4	0	0	0	0	0	0	0	0	0
25.10	5543460	4	0	0	0	0	0	0	0	0	0
25.20	5507048	4	0	0	0	0	0	0	0	0	0
25.30	5470862	4	0	0	0	0	0	0	0	0	0
25.40	5434901	4	0	0	0	0	0	0	0	0	0
25.50	5399162	4	0	0	0	0	0	0	0	0	0
25.60	5363646	4	0	0	0	0	0	0	0	0	0
25.70	5328350	4	0	0	0	0	0	0	0	0	0
25.80	5293273	4	0	0	0	0	0	0	0	0	0
25.90	5258415	4	0	0	0	0	0	0	0	0	0
26.00	5223773	4	0	0	0	0	0	0	0	0	0
26.10	5189347	4	0	0	0	0	0	0	0	0	0
26.20	5155135	4	0	0	0	0	0	0	0	0	0
26.30	5121136	4	0	0	0	0	0	0	0	0	0
26.40	5087348	4	0	0	0	0	0	0	0	0	0
26.50	5053771	4	0	0	0	0	0	0	0	0	0
26.60	5020404	4	0	0	0	0	0	0	0	0	0
26.70	4987244	4	0	0	0	0	0	0	0	0	0
26.80	4954291	4	0	0	0	0	0	0	0	0	0
26.90	4921544	4	0	0	0	0	0	0	0	0	0
27.00	4889001	4	0	0	0	0	0	0	0	0	0
27.10	4856661	4	0	0	0	0	0	0	0	0	0
27.20	4824523	4	0	0	0	0	0	0	0	0	0
27.30	4792586	4	0	0	0	0	0	0	0	0	0
27.40	4760849	4	0	0	0	0	0	0	0	0	0
27.50	4729310	4	0	0	0	0	0	0	0	0	0
27.60	4697969	4	0	0	0	0	0	0	0	0	0
27.70	4666823	4	0	0	0	0	0	0	0	0	0
27.80	4635873	4	0	0	0	0	0	0	0	0	0
27.90	4605116	4	0	0	0	0	0	0	0	0	0
28.00	4574552	4	0	0	0	0	0	0	0	0	0
28.10	4544179	4	0	0	0	0	0	0	0	0	0
28.20	4513997	4	0	0	0	0	0	0	0	0	0
28.30	4484004	4	0	0	0	0	0	0	0	0	0
28.40	4454200	4	0	0	0	0	0	0	0	0	0
28.50	4424582	4	0	0	0	0	0	0	0	0	0
28.60	4395151	4	0	0	0	0	0	0	0	0	0
28.70	4365904	4	0	0	0	0	0	0	0	0	0
28.80	4336841	4	0	0	0	0	0	0	0	0	0
28.90	4307960	4	0	0	0	0	0	0	0	0	0
29.00	4279262	4	0	0	0	0	0	0	0	0	0
29.10	4250743	4	0	0	0	0	0	0	0	0	0
29.20	4222405	4	0	0	0	0	0	0	0	0	0
29.30	4194244	4	0	0	0	0	0	0	0	0	0
29.40	4166261	4	0	0	0	0	0	0	0	0	0
29.50	4138454	4	0	0	0	0	0	0	0	0	0
29.60	4110823	4	0	0	0	0	0	0	0	0	0
29.70	4083365	4	0	0	0	0	0	0	0	0	0
29.80	4056081	4	0	0	0	0	0	0	0	0	0
29.90	4028969	4	0	0	0	0	0	0	0	0	0
30.00	4002028	4	0	0	0	0	0	0	0	0	0
30.10	3975257	4	0	0	0	0	0	0	0	0	0
30.20	3948655	4	0	0	0	0	0	0	0	0	0
30.30	3922222	4	0	0	0	0	0	0	0	0	0
30.40	3895955	4	0	0	0	0	0	0	0	0	0
30.50	3869855	4	0	0	0	0	0	0	0	0	0
30.60	3843919	4	0	0	0	0	0	0	0	0	0
30.70	3818148	4	0	0	0	0	0	0	0	0	0
30.80	3792540	4	0	0	0	0	0	0	0	0	0
30.90	3767094	4	0	0	0	0	0	0	0	0	0
31.00	3741809	4	0	0	0	0	0	0	0	0	0
31.10	3716685	4	0	0	0	0	0	0	0	0	0
31.20	3691719	4	0	0	0	0	0	0	0	0	0
31.30	3666912	4	0	0	0	0	0	0	0	0	0
31.40	3642263	4	0	0	0	0	0	0	0	0	0
31.50	3617770	4	0	0	0	0	0	0	0	0	0
31.60	3593432	4	0	0	0	0	0	0	0	0	0
31.70	3569249	4	0	0	0	0	0	0	0	0	0
31.80	3545220	4	0	0	0	0	0	0	0	0	0
31.90	3521344	4	0	0	0	0	0	0	0	0	0
32.00	3497619	4	0	0	0	0	0	0	0	0	0
32.10	3474045	4	0	0	0	0	0	0	0	0	0
32.20	3450621	4	0	0	0	0	0	0	0	0	0
32.30	3427347	4	0	0	0	0	0	0	0	0	0
32.40	3404220	4	0	0	0	0	0	0	0	0	0
32.50	3381241	4	0	0	0	0	0	0	0	0	0
32.60	3358409	4	0	0	0	0	0	0	0	0	0
32.70	3335722	4	0	0	0	0	0	0	0	0	0
32.80	3313179	4	0	0	0	0	0	0	0	0	0
32.90	3290781	4	0	0	0	0	0	0	0	0	0
33.00	3268525	4	0	0	0	0	0	0	0	0	0
33.10	3246412	4	0	0	0	0	0	0	0	0	0
33.20	3224440	4	0	0	0	0	0	0	0	0	0
33.30	3202608	4	0	0	0	0	0	0	0	0	0
33.40	3180916	4	0	0	0	0	0	0	0	0	0
33.50	3159363	4	0	0	0	0	0	0	0	0	0
33.60	3137947	4	0	0	0	0	0	0	0	0	0
33.70	3116669	4	0	0	0	0	0	0	0	0	0
33.80	3095527	4	0	0	0	0	0	0	0	0	0
33.90	3074520	4	0	0	0	0	0	0	0	0	0
34.00	3053648	4	0	0	0	0	0	0	0	0	0
34.10	3032909	4	0	0	0	0	0	0	0	0	0
34.20	3012304	4	0	0	0	0	0	0	0	0	0
34.30	2991831	4	0	0	0	0	0	0	0	0	0
34.40	2971489	4	0	0	0	0	0	0	0	0	0
34.50	2951278	4	0	0	0	0	0	0	0	0	0
34.60	2931196	4	0	0	0	0	0	0	0	0	0
34.70	2911244	4	0	0	0	0	0	0	0	0	0
34.80	2891420	4	0	0	0	0	0	0	0	0	0
34.90	2871723	4	0	0	0	0	0	0	0	0	0
35.00	2852153	4	0	0	0	0	0	0	0	0	0
35.10	2832709	4	0	0	0	0	0	0	0	0	0
35.20	2813390	4	0	0	0	0	0	0	0	0	0
35.30	2794195	4	0	0	0	0	0	0	0	0	0
35.40	2775124	4	0	0	0	0	0	0	0	0	0
35.50	2756176	4	0	0	0	0	0	0	0	0	0
35.60	2737351	4	0	0	0	0	0	0	0	0	0
35.70	2718646	4	0	0	0	0	0	0	0	0	0
35.80	2700062	4	0	0	0	0	0	0	0	0	0
35.90	2681599	4	0	0	0	0	0	0	0	0	0
36.00	2663254	4	0	0	0	0	0	0	0	0	0
36.10	2645028	4	0	0	0	0	0	0	0	0	0
36.20	2626920	4	0	0	0	0	0	0	0	0	0
36.30	2608928	4	0	0	0	0	0	0	0	0	0
36.40	2591054	4	0	0	0	0	0	0	0	0	0
36.50	2573294	4	0	0	0	0	0	0	0	0	0
36.60	2555650	4	0	0	0	0	0	0	0	0	0
36.70	2538120	4	0	0	0	0	0	0	0	0	0
36.80	2520703	4	0	0	0	0	0	0	0	0	0
36.90	2503400	4	0	0	0	0	0	0	0	0	0
37.00	2486208	4	0	0	0	0	0	0	0	0	0
37.10	2469128	4	0	0	0	0	0	0	0	0	0
37.20	2452159	4	0	0	0	0	0	0	0	0	0
37.30	2435300	4	0	0	0	0	0	0	0	0	0
37.40	2418550	4	0	0	0	0	0	0	0	0	0
37.50	2401909	4	0	0	0	0	0	0	0	0	0
37.60	2385376	4	0	0	0	0	0	0	0	0	0
37.70	2368951	4	0	0	0	0	0	0	0	0	0
37.80	2352632	4	0	0	0	0	0	0	0	0	0
37.90	2336420	4	0	0	0	0	0	0	0	0	0
38.00	2320313	4	0	0	0	0	0	0	0	0	0
38.10	2304311	4	0	0	0	0	0	0	0	0	0
38.20	2288413	4	0	0	0	0	0	0	0	0	0
38.30	2272618	4	0	0	0	0	0	0	0	0	0
38.40	2256927	4	0	0	0	0	0	0	0	0	0
38.50	2241338	4	0	0	0	0	0	0	0	0	0
38.60	2225850	4	0	0	0	0	0	0	0	0	0
38.70	2210464	4	0	0	0	0	0	0	0	0	0
38.80	2195178	4	0	0	0	0	0	0	0	0	0
38.90	2179992	4	0	0	0	0	0	0	0	0	0
39.00	2164905	4	0	0	0	0	0	0	0	0	0
39.10	2149916	4	0	0	0	0	0	0	0	0	0
39.20	2135026	4	0	0	0	0	0	0	0	0	0
39.30	2120233	4	0	0	0	0	0	0	0	0	0
39.40	2105537	4	0	0	0	0	0	0	0	0	0
39.50	2090937	4	0	0	0	0	0	0	0	0	0
39.60	2076432	4	0	0	0	0	0	0	0	0	0
39.70	2062023	4	0	0	0	0	0	0	0	0	0
39.80	2047708	4	0	0	0	0	0	0	0	0	0
39.90	2033487	4	0	0	0	0	0	0	0	0	0
40.00	2019359	4	0	0	0	0	0	0	0	0	0
40.10	2005323	4	0	0	0	0	0	0	0	0	0
40.20	1991380	4	0	0	0	0	0	0	0	0	0
40.30	1977529	4	0	0	0	0	0	0	0	0	0
40.40	1963768	4	0	0	0	0	0	0	0	0	0
40.50	1950098	4	0	0	0	0	0	0	0	0	0
40.60	1936517	4	0	0	0	0	0	0	0	0	0
40.70	1923026	4	0	0	0	0	0	0	0	0	0
40.80	1909624	4	0	0	0	0	0	0	0	0	0
40.90	1896310	4	0	0	0	0	0	0	0	0	0
41.00	1883083	4	0	0	0	0	0	0	0	0	0
41.10	1869944	4	0	0	0	0	0	0	0	0	0
41.20	1856891	4	0	0	0	0	0	0	0	0	0
41.30	1843924	4	0	0	0	0	0	0	0	0	0
41.40	1831043	4	0	0	0	0	0	0	0	0	0
41.50	1818247	4	0	0	0	0	0	0	0	0	0
41.60	1805535	4	0	0	0	0	0	0	0	0	0
41.70	1792907	4	0	0	0	0	0	0	0	0	0
41.80	1780363	4	0	0	0	0	0	0	0	0	0
41.90	1767901	4	0	0	0	0	0	0	0	0	0
42.00	1755522	4	0	0	0	0	0	0	0	0	0
42.10	1743224	4	0	0	0	0	0	0	0	0	0
42.20	1731008	4	0	0	0	0	0	0	0	0	0
42.30	1718873	4	0	0	0	0	0	0	0	0	0
42.40	1706818	4	0	0	0	0	0	0	0	0	0
42.50	1694842	4	0	0	0	0	0	0	0	0	0
42.60	1682947	4	0	0	0	0	0	0	0	0	0
42.70	1671130	4	0	0	0	0	0	0	0	0	0
42.80	1659391	4	0	0	0	0	0	0	0	0	0
42.90	1647730	4	0	0	0	0	0	0	0	0	0
43.00	1636147	4	0	0	0	0	0	0	0	0	0
43.10	1624640	4	0	0	0	0	0	0	0	0	0
43.20	1613210	4	0	0	0	0	0	0	0	0	0
43.30	1601856	4	0	0	0	0	0	0	0	0	0
43.40	1590577	4	0	0	0	0	0	0	0	0	0
43.50	1579374	4	0	0	0	0	0	0	0	0	0
43.60	1568244	4	0	0	0	0	0	0	0	0	0
43.70	1557189	4	0	0	0	0	0	0	0	0	0
43.80	1546208	4	0	0	0	0	0	0	0	0	0
43.90	1535299	4	0	0	0	0	0	0	0	0	0
44.00	1524463	4	0	0	0	0	0	0	0	0	0
44.10	1513700	4	0	0	0	0	0	0	0	0	0
44.20	1503008	4	0	0	0	0	0	0	0	0	0
44.30	1492388	4	0	0	0	0	0	0	0	0	0
44.40	1481838	4	0	0	0	0	0	0	0	0	0
44.50	1471359	4	0	0	0	0	0	0	0	0	0
44.60	1460949	4	0	0	0	0	0	0	0	0	0
44.70	1450610	4	0	0	0	0	0	0	0	0	0
44.80	1440339	4	0	0	0	0	0	0	0	0	0
44.90	1430137	4	0	0	0	0	0	0	0	0	0
45.00	1420003	4	0	0	0	0	0	0	0	0	0
45.10	1409937	4	0	0	0	0	0	0	0	0	0
45.20	1399939	4	0	0	0	0	0	0	0	0	0
45.30	1390007	4	0	0	0	0	0	0	0	0	0
45.40	1380142	4	0	0	0	0	0	0	0	0	0
45.50	1370343	4	0	0	0	0	0	0	0	0	0
45.60	1360610	4	0	0	0	0	0	0	0	0	0
45.70	1350942	4	0	0	0	0	0	0	0	0	0
45.80	1341339	4	0	0	0	0	0	0	0	0	0
45.90	1331800	4	0	0	0	0	0	0	0	0	0
46.00	1322326	4	0	0	0	0	0	0	0	0	0
46.10	1312915	4	0	0	0	0	0	0	0	0	0
46.20	1303567	4	0	0	0	0	0	0	0	0	0
46.30	1294282	4	0	0	0	0	0	0	0	0	0
46.40	1285060	4	0	0	0	0	0	0	0	0	0
46.50	1275899	4	0	0	0	0	0	0	0	0	0
46.60	1266800	4	0	0	0	0	0	0	0	0	0
46.70	1257763	4	0	0	0	0	0	0	0	0	0
46.80	1248786	4	0	0	0	0	0	0	0	0	0
46.90	1239870	4	0	0	0	0	0	0	0	0	0
47.00	1231014	4	0	0	0	0	0	0	0	0	0
47.10	1222218	4	0	0	0	0	0	0	0	0	0
47.20	1213481	4	0	0	0	0	0	0	0	0	0
47.30	1204803	4	0	0	0	0	0	0	0	0	0
47.40	1196184	4	0	0	0	0	0	0	0	0	0
47.50	1187623	4	0	0	0	0	0	0	0	0	0
47.60	1179119	4	0	0	0	0	0	0	0	0	0
47.70	1170674	4	0	0	0	0	0	0	0	0	0
47.80	1162285	4	0	0	0	0	0	0	0	0	0
47.90	1153953	4	0	0	0	0	0	0	0	0	0
48.00	1145678	4	0	0	0	0	0	0	0	0	0
48.10	1137458	4	0	0	0	0	0	0	0	0	0
48.20	1129294	4	0	0	0	0	0	0	0	0	0
48.30	1121186	4	0	0	0	0	0	0	0	0	0
48.40	1113132	4	0	0	0	0	0	0	0	0	0
48.50	1105134	4	0	0	0	0	0	0	0	0	0
48.60	1097189	4	0	0	0	0	0	0	0	0	0
48.70	1089298	4	0	0	0	0	0	0	0	0	0
48.80	1081461	4	0	0	0	0	0	0	0	0	0
48.90	1073677	4	0	0	0	0	0	0	0	0	0
49.00	1065946	4	0	0	0	0	0	0	0	0	0
49.10	1058268	4	0	0	0	0	0	0	0	0	0
49.20	1050642	4	0	0	0	0	0	0	0	0	0
49.30	1043068	4	0	0	0	0	0	0	0	0	0
49.40	1035545	4	0	0	0	0	0	0	0	0	0
49.50	1028073	4	0	0	0	0	0	0	0	0	0
49.60	1020653	4	0	0	0	0	0	0	0	0	0
49.70	1013283	4	0	0	0	0	0	0	0	0	0
49.80	1005963	4	0	0	0	0	0	0	0	0	0
49.90	998693	4	0	0	0	0	0	0	0	0	0
50.00	991473	4	0	0	0	0	0	0	0	0	0
50.10	984302	4	0	0	0	0	0	0	0	0	0
50.20	977180	4	0	0	0	0	0	0	0	0	0
50.30	970107	4	0	0	0	0	0	0	0	0	0
50.40	963082	4	0	0	0	0	0	0	0	0	0
50.50	956105	4	0	0	0	0	0	0	0	0	0
50.60	949176	4	0	0	0	0	0	0	0	0	0
50.70	942294	4	0	0	0	0	0	0	0	0	0
50.80	935460	4	0	0	0	0	0	0	0	0	0
50.90	928672	4	0	0	0	0	0	0	0	0	0
51.00	921930	4	0	0	0	0	0	0	0	0	0
51.10	915235	4	0	0	0	0	0	0	0	0	0
51.20	908586	4	0	0	0	0	0	0	0	0	0
51.30	901982	4	0	0	0	0	0	0	0	0	0
51.40	895424	4	0	0	0	0	0	0	0	0	0
51.50	888911	4	0	0	0	0	0	0	0	0	0
51.60	882442	4	0	0	0	0	0	0	0	0	0
51.70	876018	4	0	0	0	0	0	0	0	0	0
51.80	869638	4	0	0	0	0	0	0	0	0	0
51.90	863302	4	0	0	0	0	0	0	0	0	0
52.00	857010	4	0	0	0	0	0	0	0	0	0
52.10	850761	4	0	0	0	0	0	0	0	0	0
52.20	844554	4	0	0	0	0	0	0	0	0	0
52.30	838391	4	0	0	0	0	0	0	0	0	0
52.40	832270	4	0	0	0	0	0	0	0	0	0
52.50	826191	4	0	0	0	0	0	0	0	0	0
52.60	820155	4	0	0	0	0	0	0	0	0	0
52.70	814160	4	0	0	0	0	0	0	0	0	0
52.80	808206	4	0	0	0	0	0	0	0	0	0
52.90	802293	4	0	0	0	0	0	0	0	0	0
53.00	796421	4	0	0	0	0	0	0	0	0	0
53.10	790590	4	0	0	0	0	0	0	0	0	0
53.20	784799	4	0	0	0	0	0	0	0	0	0
53.30	779048	4	0	0	0	0	0	0	0	0	0
53.40	773337	4	0	0	0	0	0	0	0	0	0
53.50	767666	4	0	0	0	0	0	0	0	0	0
53.60	762033	4	0	0	0	0	0	0	0	0	0
53.70	756440	4	0	0	0	0	0	0	0	0	0
53.80	750886	4	0	0	0	0	0	0	0	0	0
53.90	745370	4	0	0	0	0	0	0	0	0	0
54.00	739892	4	0	0	0	0	0	0	0	0	0
54.10	734452	4	0	0	0	0	0	0	0	0	0
54.20	729050	4	0	0	0	0	0	0	0	0	0
54.30	723686	4	0	0	0	0	0	0	0	0	0
54.40	718359	4	0	0	0	0	0	0	0	0	0
54.50	713069	4	0	0	0	0	0	0	0	0	0
54.60	707815	4	0	0	0	0	0	0	0	0	0
54.70	702599	4	0	0	0	0	0	0	0	0	0
54.80	697418	4	0	0	0	0	0	0	0	0	0
54.90	692274	4	0	0	0	0	0	0	0	0	0
55.00	687165	4	0	0	0	0	0	0	0	0	0
55.10	682092	4	0	0	0	0	0	0	0	0	0
55.20	677055	4	0	0	0	0	0	0	0	0	0
55.30	672052	4	0	0	0	0	0	0	0	0	0
55.40	667085	4	0	0	0	0	0	0	0	0	0
55.50	662152	4	0	0	0	0	0	0	0	0	0
55.60	657253	4	0	0	0	0	0	0	0	0	0
55.70	652389	4	0	0	0	0	0	0	0	0	0
55.80	647559	4	0	0	0	0	0	0	0	0	0
55.90	642762	4	0	0	0	0	0	0	0	0	0
56.00	637999	4	0	0	0	0	0	0	0	0	0
56.10	633270	4	0	0	0	0	0	0	0	0	0
56.20	628573	4	0	0	0	0	0	0	0	0	0
56.30	623909	4	0	0	0	0	0	0	0	0	0
56.40	619278	4	0	0	0	0	0	0	0	0	0
56.50	614680	4	0	0	0	0	0	0	0	0	0
56.60	610114	4	0	0	0	0	0	0	0	0	0
56.70	605579	4	0	0	0	0	0	0	0	0	0
56.80	601077	4	0	0	0	0	0	0	0	0	0
56.90	596606	4	0	0	0	0	0	0	0	0	0
57.00	592167	4	0	0	0	0	0	0	0	0	0
57.10	587759	4	0	0	0	0	0	0	0	0	0
57.20	583381	4	0	0	0	0	0	0	0	0	0
57.30	579035	4	0	0	0	0	0	0	0	0	0
57.40	574719	4	0	0	0	0	0	0	0	0	0
57.50	570434	4	0	0	0	0	0	0	0	0	0
57.60	566178	4	0	0	0	0	0	0	0	0	0
57.70	561953	4	0	0	0	0	0	0	0	0	0
57.80	557757	4	0	0	0	0	0	0	0	0	0
57.90	553591	4	0	0	0	0	0	0	0	0	0
58.00	549455	4	0	0	0	0	0	0	0	0	0
58.10	545347	4	0	0	0	0	0	0	0	0	0
58.20	541269	4	0	0	0	0	0	0	0	0	0
58.30	537219	4	0	0	0	0	0	0	0	0	0
58.40	533198	4	0	0	0	0	0	0	0	0	0
58.50	529206	4	0	0	0	0	0	0	0	0	0
58.60	525241	4	0	0	0	0	0	0	0	0	0
58.70	521305	4	0	0	0	0	0	0	0	0	0
58.80	517397	4	0	0	0	0	0	0	0	0	0
58.90	513516	4	0	0	0	0	0	0	0	0	0
59.00	509663	4	0	0	0	0	0	0	0	0	0
59.10	505837	4	0	0	0	0	0	0	0	0	0
59.20	502038	4	0	0	0	0	0	0	0	0	0
59.30	498266	4	0	0	0	0	0	0	0	0	0
59.40	494521	4	0	0	0	0	0	0	0	0	0
59.50	490802	4	0	0	0	0	0	0	0	0	0
59.60	487110	4	0	0	0	0	0	0	0	0	0
59.70	483444	4	0	0	0	0	0	0	0	0	0
59.80	479804	4	0	0	0	0	0	0	0	0	0
59.90	476190	4	0	0	0	0	0	0	0	0	0
60.00	472601	4	0	0	0	0	0	0	0	0	0
60.10	469039	4	0	0	0	0	0	0	0	0	0
60.20	465501	4	0	0	0	0	0	0	0	0	0
60.30	461989	4	0	0	0	0	0	0	0	0	0
60.40	458502	4	0	0	0	0	0	0	0	0	0
60.50	455039	4	0	0	0	0	0	0	0	0	0
60.60	451602	4	0	0	0	0	0	0	0	0	0
60.70	448188	4	0	0	0	0	0	0	0	0	0
60.80	444800	4	0	0	0	0	0	0	0	0	0
60.90	441435	4	0	0	0	0	0	0	0	0	0
61.00	438094	4	0	0	0	0	0	0	0	0	0
61.10	434778	4	0	0	0	0	0	0	0	0	0
61.20	431485	4	0	0	0	0	0	0	0	0	0
61.30	428215	4	0	0	0	0	0	0	0	0	0
61.40	424969	4	0	0	0	0	0	0	0	0	0
61.50	421746	4	0	0	0	0	0	0	0	0	0
61.60	418547	4	0	0	0	0	0	0	0	0	0
61.70	415370	4	0	0	0	0	0	0	0	0	0
61.80	412216	4	0	0	0	0	0	0	0	0	0
61.90	409084	4	0	0	0	0	0	0	0	0	0
62.00	405975	4	0	0	0	0	0	0	0	0	0
62.10	402889	4	0	0	0	0	0	0	0	0	0
62.20	399824	4	0	0	0	0	0	0	0	0	0
62.30	396782	4	0	0	0	0	0	0	0	0	0
62.40	393761	4	0	0	0	0	0	0	0	0	0
62.50	390762	4	0	0	0	0	0	0	0	0	0
62.60	387785	4	0	0	0	0	0	0	0	0	0
62.70	384829	4	0	0	0	0	0	0	0	0	0
62.80	381894	4	0	0	0	0	0	0	0	0	0
62.90	378981	4	0	0	0	0	0	0	0	0	0
63.00	376088	4	0	0	0	0	0	0	0	0	0
63.10	373217	4	0	0	0	0	0	0	0	0	0
63.20	370366	4	0	0	0	0	0	0	0	0	0
63.30	367535	4	0	0	0	0	0	0	0	0	0
63.40	364725	4	0	0	0	0	0	0	0	0	0
63.50	361935	4	0	0	0	0	0	0	0	0	0
63.60	359166	4	0	0	0	0	0	0	0	0	0
63.70	356416	4	0	0	0	0	0	0	0	0	0
63.80	353687	4	0	0	0	0	0	0	0	0	0
63.90	350977	4	0	0	0	0	0	0	0	0	0
64.00	348286	4	0	0	0	0	0	0	0	0	0
64.10	345616	4	0	0	0	0	0	0	0	0	0
64.20	342964	4	0	0	0	0	0	0	0	0	0
64.30	340332	4	0	0	0	0	0	0	0	0	0
64.40	337719	4	0	0	0	0	0	0	0	0	0
64.50	335124	4	0	0	0	0	0	0	0	0	0
64.60	332549	4	0	0	0	0	0	0	0	0	0
64.70	329992	4	0	0	0	0	0	0	0	0	0
64.80	327454	4	0	0	0	0	0	0	0	0	0
64.90	324934	4	0	0	0	0	0	0	0	0	0
65.00	322433	4	0	0	0	0	0	0	0	0	0
65.10	319949	4	0	0	0	0	0	0	0	0	0
65.20	317484	4	0	0	0	0	0	0	0	0	0
65.30	315037	4	0	0	0	0	0	0	0	0	0
65.40	312607	4	0	0	0	0	0	0	0	0	0
65.50	310196	4	0	0	0	0	0	0	0	0	0
65.60	307801	4	0	0	0	0	0	0	0	0	0
65.70	305425	4	0	0	0	0	0	0	0	0	0
65.80	303065	4	0	0	0	0	0	0	0	0	0
65.90	300723	4	0	0	0	0	0	0	0	0	0
66.00	298398	4	0	0	0	0	0	0	0	0	0
66.10	296090	4	0	0	0	0	0	0	0	0	0
66.20	293798	4	0	0	0	0	0	0	0	0	0
66.30	291524	4	0	0	0	0	0	0	0	0	0
66.40	289266	4	0	0	0	0	0	0	0	0	0
66.50	287024	4	0	0	0	0	0	0	0	0	0
66.60	284799	4	0	0	0	0	0	0	0	0	0
66.70	282591	4	0	0	0	0	0	0	0	0	0
66.80	280398	4	0	0	0	0	0	0	0	0	0
66.90	278222	4	0	0	0	0	0	0	0	0	0
67.00	276061	4	0	0	0	0	0	0	0	0	0
67.10	273916	4	0	0	0	0	0	0	0	0	0
67.20	271787	4	0	0	0	0	0	0	0	0	0
67.30	269674	4	0	0	0	0	0	0	0	0	0
67.40	267576	4	0	0	0	0	0	0	0	0	0
67.50	265494	4	0	0	0	0	0	0	0	0	0
67.60	263427	4	0	0	0	0	0	0	0	0	0
67.70	261375	4	0	0	0	0	0	0	0	0	0
67.80	259338	4	0	0	0	0	0	0	0	0	0
67.90	257316	4	0	0	0	0	0	0	0	0	0
68.00	255309	4	0	0	0	0	0	0	0	0	0
68.10	253317	4	0	0	0	0	0	0	0	0	0
68.20	251340	4	0	0	0	0	0	0	0	0	0
68.30	249377	4	0	0	0	0	0	0	0	0	0
68.40	247428	4	0	0	0	0	0	0	0	0	0
68.50	245494	4	0	0	0	0	0	0	0	0	0
68.60	243575	4	0	0	0	0	0	0	0	0	0
68.70	241669	4	0	0	0	0	0	0	0	0	0
68.80	239777	4	0	0	0	0	0	0	0	0	0
68.90	237900	4	0	0	0	0	0	0	0	0	0
69.00	236036	4	0	0	0	0	0	0	0	0	0
69.10	234186	4	0	0	0	0	0	0	0	0	0
69.20	232350	4	0	0	0	0	0	0	0	0	0
69.30	230528	4	0	0	0	0	0	0	0	0	0
69.40	228718	4	0	0	0	0	0	0	0	0	0
69.50	226923	4	0	0	0	0	0	0	0	0	0
69.60	225140	4	0	0	0	0	0	0	0	0	0
69.70	223371	4	0	0	0	0	0	0	0	0	0
69.80	221615	4	0	0	0	0	0	0	0	0	0
69.90	219872	4	0	0	0	0	0	0	0	0	0
70.00	218142	4	0	0	0	0	0	0	0	0	0
70.10	216425	4	0	0	0	0	0	0	0	0	0
70.20	214721	4	0	0	0	0	0	0	0	0	0
70.30	213029	4	0	0	0	0	0	0	0	0	0
70.40	211350	4	0	0	0	0	0	0	0	0	0
70.50	209683	4	0	0	0	0	0	0	0	0	0
70.60	208029	4	0	0	0	0	0	0	0	0	0
70.70	206387	4	0	0	0	0	0	0	0	0	0
70.80	204757	4	0	0	0	0	0	0	0	0	0
70.90	203139	4	0	0	0	0	0	0	0	0	0
71.00	201534	4	0	0	0	0	0	0	0	0	0
71.10	199941	4	0	0	0	0	0	0	0	0	0
71.20	198359	4	0	0	0	0	0	0	0	0	0
71.30	196789	4	0	0	0	0	0	0	0	0	0
71.40	195231	4	0	0	0	0	0	0	0	0	0
71.50	193685	4	0	0	0	0	0	0	0	0	0
71.60	192150	4	0	0	0	0	0	0	0	0	0
71.70	190626	4	0	0	0	0	0	0	0	0	0
71.80	189115	4	0	0	0	0	0	0	0	0	0
71.90	187614	4	0	0	0	0	0	0	0	0	0
72.00	186124	4	0	0	0	0	0	0	0	0	0
72.10	184646	4	0	0	0	0	0	0	0	0	0
72.20	183179	4	0	0	0	0	0	0	0	0	0
72.30	181723	4	0	0	0	0	0	0	0	0	0
72.40	180278	4	0	0	0	0	0	0	0	0	0
72.50	178843	4	0	0	0	0	0	0	0	0	0
72.60	177420	4	0	0	0	0	0	0	0	0	0
72.70	176007	4	0	0	0	0	0	0	0	0	0
72.80	174605	4	0	0	0	0	0	0	0	0	0
72.90	173213	4	0	0	0	0	0	0	0	0	0
73.00	171832	4	0	0	0	0	0	0	0	0	0
73.10	170461	4	0	0	0	0	0	0	0	0	0
73.20	169101	4	0	0	0	0	0	0	0	0	0
73.30	167750	4	0	0	0	0	0	0	0	0	0
73.40	166410	4	0	0	0	0	0	0	0	0	0
73.50	165080	4	0	0	0	0	0	0	0	0	0
73.60	163760	4	0	0	0	0	0	0	0	0	0
73.70	162450	4	0	0	0	0	0	0	0	0	0
73.80	161150	4	0	0	0	0	0	0	0	0	0
73.90	159860	4	0	0	0	0	0	0	0	0	0
74.00	158580	4	0	0	0	0	0	0	0	0	0
74.10	157309	4	0	0	0	0	0	0	0	0	0
74.20	156048	4	0	0	0	0	0	0	0	0	0
74.30	154796	4	0	0	0	0	0	0	0	0	0
74.40	153554	4	0	0	0	0	0	0	0	0	0
74.50	152321	4	0	0	0	0	0	0	0	0	0
74.60	151098	4	0	0	0	0	0	0	0	0	0
74.70	149884	4	0	0	0	0	0	0	0	0	0
74.80	148679	4	0	0	0	0	0	0	0	0	0
74.90	147483	4	0	0	0	0	0	0	0	0	0
75.00	146296	4	0	0	0	0	0	0	0	0	0
75.10	145119	4	0	0	0	0	0	0	0	0	0
75.20	143950	4	0	0	0	0	0	0	0	0	0
75.30	142790	4	0	0	0	0	0	0	0	0	0
75.40	141639	4	0	0	0	0	0	0	0	0	0
75.50	140497	4	0	0	0	0	0	0	0	0	0
75.60	139363	4	0	0	0	0	0	0	0	0	0
75.70	138239	4	0	0	0	0	0	0	0	0	0
75.80	137122	4	0	0	0	0	0	0	0	0	0
75.90	136014	4	0	0	0	0	0	0	0	0	0
76.00	134915	4	0	0	0	0	0	0	0	0	0
76.10	133824	4	0	0	0	0	0	0	0	0	0
76.20	132741	4	0	0	0	0	0	0	0	0	0
76.30	131667	4	0	0	0	0	0	0	0	0	0
76.40	130601	4	0	0	0	0	0	0	0	0	0
76.50	129543	4	0	0	0	0	0	0	0	0	0
76.60	128493	4	0	0	0	0	0	0	0	0	0
76.70	127451	4	0	0	0	0	0	0	0	0	0
76.80	126417	4	0	0	0	0	0	0	0	0	0
76.90	125391	4	0	0	0	0	0	0	0	0	0
77.00	124373	4	0	0	0	0	0	0	0	0	0
77.10	123363	4	0	0	0	0	0	0	0	0	0
77.20	122360	4	0	0	0	0	0	0	0	0	0
77.30	121365	4	0	0	0	0	0	0	0	0	0
77.40	120378	4	0	0	0	0	0	0	0	0	0
77.50	119399	4	0	0	0	0	0	0	0	0	0
77.60	118426	4	0	0	0	0	0	0	0	0	0
77.70	117462	4	0	0	0	0	0	0	0	0	0
77.80	116505	4	0	0	0	0	0	0	0	0	0
77.90	115555	4	0	0	0	0	0	0	0	0	0
78.00	114612	4	0	0	0	0	0	0	0	0	0
78.10	113677	4	0	0	0	0	0	0	0	0	0
78.20	112749	4	0	0	0	0	0	0	0	0	0
78.30	111828	4	0	0	0	0	0	0	0	0	0
78.40	110914	4	0	0	0	0	0	0	0	0	0
78.50	110007	4	0	0	0	0	0	0	0	0	0
78.60	109108	4	0	0	0	0	0	0	0	0	0
78.70	108215	4	0	0	0	0	0	0	0	0	0
78.80	107329	4	0	0	0	0	0	0	0	0	0
78.90	106450	4	0	0	0	0	0	0	0	0	0
79.00	105577	4	0	0	0	0	0	0	0	0	0
79.10	104712	4	0	0	0	0	0	0	0	0	0
79.20	103853	4	0	0	0	0	0	0	0	0	0
79.30	103001	4	0	0	0	0	0	0	0	0	0
79.40	102155	4	0	0	0	0	0	0	0	0	0
79.50	101316	4	0	0	0	0	0	0	0	0	0
79.60	100484	4	0	0	0	0	0	0	0	0	0
79.70	99658	4	0	0	0	0	0	0	0	0	0
79.80	98838	4	0	0	0	0	0	0	0	0	0
79.90	98025	4	0	0	0	0	0	0	0	0	0
80.00	97218	4	0	0	0	0	0	0	0	0	0
80.10	96417	4	0	0	0	0	0	0	0	0	0
80.20	95623	4	0	0	0	0	0	0	0	0	0
80.30	94835	4	0	0	0	0	0	0	0	0	0
80.40	94052	4	0	0	0	0	0	0	0	0	0
80.50	93276	4	0	0	0	0	0	0	0	0	0
80.60	92506	4	0	0	0	0	0	0	0	0	0
80.70	91742	4	0	0	0	0	0	0	0	0	0
80.80	90984	4	0	0	0	0	0	0	0	0	0
80.90	90232	4	0	0	0	0	0	0	0	0	0
81.00	89486	4	0	0	0	0	0	0	0	0	0
81.10	88746	4	0	0	0	0	0	0	0	0	0
81.20	88011	4	0	0	0	0	0	0	0	0	0
81.30	87282	4	0	0	0	0	0	0	0	0	0
81.40	86559	4	0	0	0	0	0	0	0	0	0
81.50	85841	4	0	0	0	0	0	0	0	0	0
81.60	85129	4	0	0	0	0	0	0	0	0	0
81.70	84423	4	0	0	0	0	0	0	0	0	0
81.80	83722	4	0	0	0	0	0	0	0	0	0
81.90	83027	4	0	0	0	0	0	0	0	0	0
82.00	82337	4	0	0	0	0	0	0	0	0	0
82.10	81653	4	0	0	0	0	0	0	0	0	0
82.20	80974	4	0	0	0	0	0	0	0	0	0
82.30	80300	4	0	0	0	0	0	0	0	0	0
82.40	79631	4	0	0	0	0	0	0	0	0	0
82.50	78968	4	0	0	0	0	0	0	0	0	0
82.60	78310	4	0	0	0	0	0	0	0	0	0
82.70	77657	4	0	0	0	0	0	0	0	0	0
82.80	77010	4	0	0	0	0	0	0	0	0	0
82.90	76367	4	0	0	0	0	0	0	0	0	0
83.00	75730	4	0	0	0	0	0	0	0	0	0
83.10	75097	4	0	0	0	0	0	0	0	0	0
83.20	74470	4	0	0	0	0	0	0	0	0	0
83.30	73847	4	0	0	0	0	0	0	0	0	0
83.40	73230	4	0	0	0	0	0	0	0	0	0
83.50	72617	4	0	0	0	0	0	0	0	0	0
83.60	72009	4	0	0	0	0	0	0	0	0	0
83.70	71406	4	0	0	0	0	0	0	0	0	0
83.80	70807	4	0	0	0	0	0	0	0	0	0
83.90	70214	4	0	0	0	0	0	0	0	0	0
84.00	69625	4	0	0	0	0	0	0	0	0	0
84.10	69041	4	0	0	0	0	0	0	0	0	0
84.20	68461	4	0	0	0	0	0	0	0	0	0
84.30	67886	4	0	0	0	0	0	0	0	0	0
84.40	67316	4	0	0	0	0	0	0	0	0	0
84.50	66750	4	0	0	0	0	0	0	0	0	0
84.60	66188	4	0	0	0	0	0	0	0	0	0
84.70	65631	4	0	0	0	0	0	0	0	0	0
84.80	65079	4	0	0	0	0	0	0	0	0	0
84.90	64531	4	0	0	0	0	0	0	0	0	0
85.00	63987	4	0	0	0	0	0	0	0	0	0
85.10	63447	4	0	0	0	0	0	0	0	0	0
85.20	62912	4	0	0	0	0	0	0	0	0	0
85.30	62381	4	0	0	0	0	0	0	0	0	0
85.40	61855	4	0	0	0	0	0	0	0	0	0
85.50	61332	4	0	0	0	0	0	0	0	0	0
85.60	60814	4	0	0	0	0	0	0	0	0	0
85.70	60300	4	0	0	0	0	0	0	0	0	0
85.80	59790	4	0	0	0	0	0	0	0	0	0
85.90	59284	4	0	0	0	0	0	0	0	0	0
86.00	58782	4	0	0	0	0	0	0	0	0	0
86.10	58284	4	0	0	0	0	0	0	0	0	0
86.20	57790	4	0	0	0	0	0	0	0	0	0
86.30	57300	4	0	0	0	0	0	0	0	0	0
86.40	56814	4	0	0	0	0	0	0	0	0	0
86.50	56332	4	0	0	0	0	0	0	0	0	0
86.60	55853	4	0	0	0	0	0	0	0	0	0
86.70	55379	4	0	0	0	0	0	0	0	0	0
86.80	54908	4	0	0	0	0	0	0	0	0	0
86.90	54441	4	0	0	0	0	0	0	0	0	0
87.00	53978	4	0	0	0	0	0	0	0	0	0
87.10	53519	4	0	0	0	0	0	0	0	0	0
87.20	53063	4	0	0	0	0	0	0	0	0	0
87.30	52611	4	0	0	0	0	0	0	0	0	0
87.40	52162	4	0	0	0	0	0	0	0	0	0
87.50	51718	4	0	0	0	0	0	0	0	0	0
87.60	51276	4	0	0	0	0	0	0	0	0	0
87.70	50839	4	0	0	0	0	0	0	0	0	0
87.80	50404	4	0	0	0	0	0	0	0	0	0
87.90	49974	4	0	0	0	0	0	0	0	0	0
88.00	49547	4	0	0	0	0	0	0	0	0	0
88.10	49123	4	0	0	0	0	0	0	0	0	0
88.20	48703	4	0	0	0	0	0	0	0	0	0
88.30	48286	4	0	0	0	0	0	0	0	0	0
88.40	47872	4	0	0	0	0	0	0	0	0	0
88.50	47462	4	0	0	0	0	0	0	0	0	0
88.60	47055	4	0	0	0	0	0	0	0	0	0
88.70	46651	4	0	0	0	0	0	0	0	0	0
88.80	46251	4	0	0	0	0	0	0	0	0	0
88.90	45854	4	0	0	0	0	0	0	0	0	0
89.00	45460	4	0	0	0	0	0	0	0	0	0
89.10	45069	4	0	0	0	0	0	0	0	0	0
89.20	44682	4	0	0	0	0	0	0	0	0	0
89.30	44298	4	0	0	0	0	0	0	0	0	0
89.40	43916	4	0	0	0	0	0	0	0	0	0
89.50	43538	4	0	0	0	0	0	0	0	0	0
89.60	43163	4	0	0	0	0	0	0	0	0	0
89.70	42791	4	0	0	0	0	0	0	0	0	0
89.80	42422	4	0	0	0	0	0	0	0	0	0
89.90	42056	4	0	0	0	0	0	0	0	0	0
90.00	41693	4	0	0	0	0	0	0	0	0	0
90.10	41333	4	0	0	0	0	0	0	0	0	0
90.20	40976	4	0	0	0	0	0	0	0	0	0
90.30	40622	4	0	0	0	0	0	0	0	0	0
90.40	40271	4	0	0	0	0	0	0	0	0	0
90.50	39922	4	0	0	0	0	0	0	0	0	0
90.60	39577	4	0	0	0	0	0	0	0	0	0
90.70	39234	4	0	0	0	0	0	0	0	0	0
90.80	38894	4	0	0	0	0	0	0	0	0	0
90.90	38557	4	0	0	0	0	0	0	0	0	0
91.00	38222	4	0	0	0	0	0	0	0	0	0
91.10	37891	4	0	0	0	0	0	0	0	0	0
91.20	37562	4	0	0	0	0	0	0	0	0	0
91.30	37236	4	0	0	0	0	0	0	0	0	0
91.40	36912	4	0	0	0	0	0	0	0	0	0
91.50	36591	4	0	0	0	0	0	0	0	0	0
91.60	36273	4	0	0	0	0	0	0	0	0	0
91.70	35957	4	0	0	0	0	0	0	0	0	0
91.80	35644	4	0	0	0	0	0	0	0	0	0
91.90	35334	4	0	0	0	0	0	0	0	0	0
92.00	35026	4	0	0	0	0	0	0	0	0	0
92.10	34720	4	0	0	0	0	0	0	0	0	0
92.20	34417	4	0	0	0	0	0	0	0	0	0
92.30	34117	4	0	0	0	0	0	0	0	0	0
92.40	33819	4	0	0	0	0	0	0	0	0	0
92.50	33523	4	0	0	0	0	0	0	0	0	0
92.60	33230	4	0	0	0	0	0	0	0	0	0
92.70	32940	4	0	0	0	0	0	0	0	0	0
92.80	32652	4	0	0	0	0	0	0	0	0	0
92.90	32366	4	0	0	0	0	0	0	0	0	0
93.00	32082	4	0	0	0	0	0	0	0	0	0
93.10	31801	4	0	0	0	0	0	0	0	0	0
93.20	31522	4	0	0	0	0	0	0	0	0	0
93.30	31246	4	0	0	0	0	0	0	0	0	0
93.40	30972	4	0	0	0	0	0	0	0	0	0
93.50	30700	4	0	0	0	0	0	0	0	0	0
93.60	30430	4	0	0	0	0	0	0	0	0	0
93.70	30163	4	0	0	0	0	0	0	0	0	0
93.80	29897	4	0	0	0	0	0	0	0	0	0
93.90	29634	4	0	0	0	0	0	0	0	0	0
94.00	29374	4	0	0	0	0	0	0	0	0	0
94.10	29115	4	0	0	0	0	0	0	0	0	0
94.20	28858	4	0	0	0	0	0	0	0	0	0
94.30	28604	4	0	0	0	0	0	0	0	0	0
94.40	28352	4	0	0	0	0	0	0	0	0	0
94.50	28102	4	0	0	0	0	0	0	0	0	0
94.60	27854	4	0	0	0	0	0	0	0	0	0
94.70	27608	4	0	0	0	0	0	0	0	0	0
94.80	27364	4	0	0	0	0	0	0	0	0	0
94.90	27122	4	0	0	0	0	0	0	0	0	0
95.00	26882	4	0	0	0	0	0	0	0	0	0
95.10	26644	4	0	0	0	0	0	0	0	0	0
95.20	26408	4	0	0	0	0	0	0	0	0	0
95.30	26174	4	0	0	0	0	0	0	0	0	0
95.40	25942	4	0	0	0	0	0	0	0	0	0
95.50	25712	4	0	0	0	0	0	0	0	0	0
95.60	25484	4	0	0	0	0	0	0	0	0	0
95.70	25258	4	0	0	0	0	0	0	0	0	0
95.80	25033	4	0	0	0	0	0	0	0	0	0
95.90	24811	4	0	0	0	0	0	0	0	0	0
96.00	24590	4	0	0	0	0	0	0	0	0	0
96.10	24372	4	0	0	0	0	0	0	0	0	0
96.20	24155	4	0	0	0	0	0	0	0	0	0
96.30	23940	4	0	0	0	0	0	0	0	0	0
96.40	23727	4	0	0	0	0	0	0	0	0	0
96.50	23515	4	0	0	0	0	0	0	0	0	0
96.60	23305	4	0	0	0	0	0	0	0	0	0
96.70	23098	4	0	0	0	0	0	0	0	0	0
96.80	22891	4	0	0	0	0	0	0	0	0	0
96.90	22687	4	0	0	0	0	0	0	0	0	0
97.00	22484	4	0	0	0	0	0	0	0	0	0
97.10	22283	4	0	0	0	0	0	0	0	0	0
97.20	22084	4	0	0	0	0	0	0	0	0	0
97.30	21886	4	0	0	0	0	0	0	0	0	0
97.40	21691	4	0	0	0	0	0	0	0	0	0
97.50	21496	4	0	0	0	0	0	0	0	0	0
97.60	21304	4	0	0	0	0	0	0	0	0	0
97.70	21113	4	0	0	0	0	0	0	0	0	0
97.80	20923	4	0	0	0	0	0	0	0	0	0
97.90	20735	4	0	0	0	0	0	0	0	0	0
98.00	20549	4	0	0	0	0	0	0	0	0	0
98.10	20365	4	0	0	0	0	0	0	0	0	0
98.20	20182	4	0	0	0	0	0	0	0	0	0
98.30	20000	4	0	0	0	0	0	0	0	0	0
98.40	19820	4	0	0	0	0	0	0	0	0	0
98.50	19642	4	0	0	0	0	0	0	0	0	0
98.60	19465	4	0	0	0	0	0	0	0	0	0
98.70	19289	4	0	0	0	0	0	0	0	0	0
98.80	19116	4	0	0	0	0	0	0	0	0	0
98.90	18943	4	0	0	0	0	0	0	0	0	0
99.00	18772	4	0	0	0	0	0	0	0	0	0
99.10	18603	4	0	0	0	0	0	0	0	0	0
99.20	18435	4	0	0	0	0	0	0	0	0	0
99.30	18268	4	0	0	0	0	0	0	0	0	0
99.40	18103	4	0	0	0	0	0	0	0	0	0
99.50	17939	4	0	0	0	0	0	0	0	0	0
99.60	17777	4	0	0	0	0	0	0	0	0	0
99.70	17616	4	0	0	0	0	0	0	0	0	0
99.80	17456	4	0	0	0	0	0	0	0	0	0
99.90	17298	4	0	0	0	0	0	0	0	0	0
100.00	17141	4	0	0	0	0	0	0	0	0	0
100.10	16985	4	0	0	0	0	0	0	0	0	0
100.20	16831	4	0	0	0	0	0	0	0	0	0
100.30	16678	4	0	0	0	0	0	0	0	0	0
100.40	16527	4	0	0	0	0	0	0	0	0	0
100.50	16376	4	0	0	0	0	0	0	0	0	0
100.60	16227	4	0	0	0	0	0	0	0	0	0
100.70	16080	4	0	0	0	0	0	0	0	0	0
100.80	15933	4	0	0	0	0	0	0	0	0	0
100.90	15788	4	0	0	0	0	0	0	0	0	0
101.00	15644	4	0	0	0	0	0	0	0	0	0
101.10	15501	4	0	0	0	0	0	0	0	0	0
101.20	15360	4	0	0	0	0	0	0	0	0	0
101.30	15220	4	0	0	0	0	0	0	0	0	0
101.40	15081	4	0	0	0	0	0	0	0	0	0
101.50	14943	4	0	0	0	0	0	0	0	0	0
101.60	14806	4	0	0	0	0	0	0	0	0	0
101.70	14671	4	0	0	0	0	0	0	0	0	0
101.80	14536	4	0	0	0	0	0	0	0	0	0
101.90	14403	4	0	0	0	0	0	0	0	0	0
102.00	14271	4	0	0	0	0	0	0	0	0	0
102.10	14140	4	0	0	0	0	0	0	0	0	0
102.20	14011	4	0	0	0	0	0	0	0	0	0
102.30	13882	4	0	0	0	0	0	0	0	0	0
102.40	13755	4	0	0	0	0	0	0	0	0	0
102.50	13628	4	0	0	0	0	0	0	0	0	0
102.60	13503	4	0	0	0	0	0	0	0	0	0
102.70	13379	4	0	0	0	0	0	0	0	0	0
102.80	13256	4	0	0	0	0	0	0	0	0	0
102.90	13134	4	0	0	0	0	0	0	0	0	0
103.00	13013	4	0	0	0	0	0	0	0	0	0
103.10	12893	4	0	0	0	0	0	0	0	0	0
103.20	12774	4	0	0	0	0	0	0	0	0	0
103.30	12656	4	0	0	0	0	0	0	0	0	0
103.40	12539	4	0	0	0	0	0	0	0	0	0
103.50	12423	4	0	0	0	0	0	0	0	0	0
103.60	12309	4	0	0	0	0	0	0	0	0	0
103.70	12195	4	0	0	0	0	0	0	0	0	0
103.80	12082	4	0	0	0	0	0	0	0	0	0
103.90	11970	4	0	0	0	0	0	0	0	0	0
104.00	11859	4	0	0	0	0	0	0	0	0	0
104.10	11749	4	0	0	0	0	0	0	0	0	0
104.20	11641	4	0	0	0	0	0	0	0	0	0
104.30	11533	4	0	0	0	0	0	0	0	0	0
104.40	11426	4	0	0	0	0	0	0	0	0	0
104.50	11320	4	0	0	0	0	0	0	0	0	0
104.60	11214	4	0	0	0	0	0	0	0	0	0
104.70	11110	4	0	0	0	0	0	0	0	0	0
104.80	11007	4	0	0	0	0	0	0	0	0	0
104.90	10904	4	0	0	0	0	0	0	0	0	0
105.00	10803	4	0	0	0	0	0	0	0	0	0
105.10	10702	4	0	0	0	0	0	0	0	0	0
105.20	10603	4	0	0	0	0	0	0	0	0	0
105.30	10504	4	0	0	0	0	0	0	0	0	0
105.40	10406	4	0	0	0	0	0	0	0	0	0
105.50	10309	4	0	0	0	0	0	0	0	0	0
105.60	10212	4	0	0	0	0	0	0	0	0	0
105.70	10117	4	0	0	0	0	0	0	0	0	0
105.80	10023	4	0	0	0	0	0	0	0	0	0
105.90	9929	4	0	0	0	0	0	0	0	0	0
106.00	9836	4	0	0	0	0	0	0	0	0	0
106.10	9744	4	0	0	0	0	0	0	0	0	0
106.20	9653	4	0	0	0	0	0	0	0	0	0
106.30	9562	4	0	0	0	0	0	0	0	0	0
106.40	9472	4	0	0	0	0	0	0	0	0	0
106.50	9384	4	0	0	0	0	0	0	0	0	0
106.60	9296	4	0	0	0	0	0	0	0	0	0
106.70	9208	4	0	0	0	0	0	0	0	0	0
106.80	9122	4	0	0	0	0	0	0	0	0	0
106.90	9036	4	0	0	0	0	0	0	0	0	0
107.00	8951	4	0	0	0	0	0	0	0	0	0
107.10	8867	4	0	0	0	0	0	0	0	0	0
107.20	8783	4	0	0	0	0	0	0	0	0	0
107.30	8700	4	0	0	0	0	0	0	0	0	0
107.40	8618	4	0	0	0	0	0	0	0	0	0
107.50	8537	4	0	0	0	0	0	0	0	0	0
107.60	8457	4	0	0	0	0	0	0	0	0	0
107.70	8377	4	0	0	0	0	0	0	0	0	0
107.80	8298	4	0	0	0	0	0	0	0	0	0
107.90	8219	4	0	0	0	0	0	0	0	0	0
108.00	8142	4	0	0	0	0	0	0	0	0	0
108.10	8065	4	0	0	0	0	0	0	0	0	0
108.20	7988	4	0	0	0	0	0	0	0	0	0
108.30	7913	4	0	0	0	0	0	0	0	0	0
108.40	7838	4	0	0	0	0	0	0	0	0	0
108.50	7763	4	0	0	0	0	0	0	0	0	0
108.60	7690	4	0	0	0	0	0	0	0	0	0
108.70	7617	4	0	0	0	0	0	0	0	0	0
108.80	7544	4	0	0	0	0	0	0	0	0	0
108.90	7473	4	0	0	0	0	0	0	0	0	0
109.00	7402	4	0	0	0	0	0	0	0	0	0
109.10	7331	4	0	0	0	0	0	0	0	0	0
109.20	7261	4	0	0	0	0	0	0	0	0	0
109.30	7192	4	0	0	0	0	0	0	0	0	0
109.40	7124	4	0	0	0	0	0	0	0	0	0
109.50	7056	4	0	0	0	0	0	0	0	0	0
109.60	6989	4	0	0	0	0	0	0	0	0	0
109.70	6922	4	0	0	0	0	0	0	0	0	0
109.80	6856	4	0	0	0	0	0	0	0	0	0
109.90	6790	4	0	0	0	0	0	0	0	0	0
110.00	6725	4	0	0	0	0	0	0	0	0	0
110.10	6661	4	0	0	0	0	0	0	0	0	0
110.20	6597	4	0	0	0	0	0	0	0	0	0
110.30	6534	4	0	0	0	0	0	0	0	0	0
110.40	6472	4	0	0	0	0	0	0	0	0	0
110.50	6410	4	0	0	0	0	0	0	0	0	0
110.60	6348	4	0	0	0	0	0	0	0	0	0
110.70	6287	4	0	0	0	0	0	0	0	0	0
110.80	6227	4	0	0	0	0	0	0	0	0	0
110.90	6167	4	0	0	0	0	0	0	0	0	0
111.00	6108	4	0	0	0	0	0	0	0	0	0
111.10	6049	4	0	0	0	0	0	0	0	0	0
111.20	5991	4	0	0	0	0	0	0	0	0	0
111.30	5933	4	0	0	0	0	0	0	0	0	0
111.40	5876	4	0	0	0	0	0	0	0	0	0
111.50	5820	4	0	0	0	0	0	0	0	0	0
111.60	5763	4	0	0	0	0	0	0	0	0	0
111.70	5708	4	0	0	0	0	0	0	0	0	0
111.80	5653	4	0	0	0	0	0	0	0	0	0
111.90	5598	4	0	0	0	0	0	0	0	0	0
112.00	5544	4	0	0	0	0	0	0	0	0	0
112.10	5491	4	0	0	0	0	0	0	0	0	0
112.20	5437	4	0	0	0	0	0	0	0	0	0
112.30	5385	4	0	0	0	0	0	0	0	0	0
112.40	5333	4	0	0	0	0	0	0	0	0	0
112.50	5281	4	0	0	0	0	0	0	0	0	0
112.60	5230	4	0	0	0	0	0	0	0	0	0
112.70	5179	4	0	0	0	0	0	0	0	0	0
112.80	5129	4	0	0	0	0	0	0	0	0	0
112.90	5079	4	0	0	0	0	0	0	0	0	0
113.00	5030	4	0	0	0	0	0	0	0	0	0
113.10	4981	4	0	0	0	0	0	0	0	0	0
113.20	4932	4	0	0	0	0	0	0	0	0	0
113.30	4884	4	0	0	0	0	0	0	0	0	0
113.40	4837	4	0	0	0	0	0	0	0	0	0
113.50	4790	4	0	0	0	0	0	0	0	0	0
113.60	4743	4	0	0	0	0	0	0	0	0	0
113.70	4697	4	0	0	0	0	0	0	0	0	0
113.80	4651	4	0	0	0	0	0	0	0	0	0
113.90	4606	4	0	0	0	0	0	0	0	0	0
114.00	4561	4	0	0	0	0	0	0	0	0	0
114.10	4516	4	0	0	0	0	0	0	0	0	0
114.20	4472	4	0	0	0	0	0	0	0	0	0
114.30	4428	4	0	0	0	0	0	0	0	0	0
114.40	4385	4	0	0	0	0	0	0	0	0	0
114.50	4342	4	0	0	0	0	0	0	0	0	0
114.60	4299	4	0	0	0	0	0	0	0	0	0
114.70	4257	4	0	0	0	0	0	0	0	0	0
114.80	4215	4	0	0	0	0	0	0	0	0	0
114.90	4174	4	0	0	0	0	0	0	0	0	0
115.00	4133	4	0	0	0	0	0	0	0	0	0
115.10	4092	4	0	0	0	0	0	0	0	0	0
115.20	4052	4	0	0	0	0	0	0	0	0	0
115.30	4012	4	0	0	0	0	0	0	0	0	0
115.40	3973	4	0	0	0	0	0	0	0	0	0
115.50	3934	4	0	0	0	0	0	0	0	0	0
115.60	3895	4	0	0	0	0	0	0	0	0	0
115.70	3857	4	0	0	0	0	0	0	0	0	0
115.80	3818	4	0	0	0	0	0	0	0	0	0
115.90	3781	4	0	0	0	0	0	0	0	0	0
116.00	3743	4	0	0	0	0	0	0	0	0	0
116.10	3706	4	0	0	0	0	0	0	0	0	0
116.20	3670	4	0	0	0	0	0	0	0	0	0
116.30	3634	4	0	0	0	0	0	0	0	0	0
116.40	3598	4	0	0	0	0	0	0	0	0	0
116.50	3562	4	0	0	0	0	0	0	0	0	0
116.60	3527	4	0	0	0	0	0	0	0	0	0
116.70	3492	4	0	0	0	0	0	0	0	0	0
116.80	3457	4	0	0	0	0	0	0	0	0	0
116.90	3423	4	0	0	0	0	0	0	0	0	0
117.00	3389	4	0	0	0	0	0	0	0	0	0
117.10	3355	4	0	0	0	0	0	0	0	0	0
117.20	3322	4	0	0	0	0	0	0	0	0	0
117.30	3289	4	0	0	0	0	0	0	0	0	0
117.40	3256	4	0	0	0	0	0	0	0	0	0
117.50	3224	4	0	0	0	0	0	0	0	0	0
117.60	3191	4	0	0	0	0	0	0	0	0	0
117.70	3160	4	0	0	0	0	0	0	0	0	0
117.80	3128	4	0	0	0	0	0	0	0	0	0
117.90	3097	4	0	0	0	0	0	0	0	0	0
118.00	3066	4	0	0	0	0	0	0	0	0	0
118.10	3035	4	0	0	0	0	0	0	0	0	0
118.20	3005	4	0	0	0	0	0	0	0	0	0
118.30	2975	4	0	0	0	0	0	0	0	0	0
118.40	2945	4	0	0	0	0	0	0	0	0	0
118.50	2916	4	0	0	0	0	0	0	0	0	0
118.60	2886	4	0	0	0	0	0	0	0	0	0
118.70	2857	4	0	0	0	0	0	0	0	0	0
118.80	2829	4	0	0	0	0	0	0	0	0	0
118.90	2800	4	0	0	0	0	0	0	0	0	0
119.00	2772	4	0	0	0	0	0	0	0	0	0
119.10	2744	4	0	0	0	0	0	0	0	0	0
119.20	2717	4	0	0	0	0	0	0	0	0	0
119.30	2690	4	0	0	0	0	0	0	0	0	0
119.40	2662	4	0	0	0	0	0	0	0	0	0
119.50	2636	4	0	0	0	0	0	0	0	0	0
119.60	2609	4	0	0	0	0	0	0	0	0	0
119.70	2583	4	0	0	0	0	0	0	0	0	0
119.80	2557	4	0	0	0	0	0	0	0	0	0
119.90	2531	4	0	0	0	0	0	0	0	0	0
120.00	2505	4	0	0	0	0	0	0	0	0	0
120.10	2480	4	0	0	0	0	0	0	0	0	0
120.20	2455	4	0	0	0	0	0	0	0	0	0
120.30	2430	4	0	0	0	0	0	0	0	0	0
120.40	2406	4	0	0	0	0	0	0	0	0	0
120.50	2381	4	0	0	0	0	0	0	0	0	0
120.60	2357	4	0	0	0	0	0	0	0	0	0
120.70	2333	4	0	0	0	0	0	0	0	0	0
120.80	2309	4	0	0	0	0	0	0	0	0	0
120.90	2286	4	0	0	0	0	0	0	0	0	0
121.00	2263	4	0	0	0	0	0	0	0	0	0
121.10	2240	4	0	0	0	0	0	0	0	0	0
121.20	2217	4	0	0	0	0	0	0	0	0	0
121.30	2194	4	0	0	0	0	0	0	0	0	0
121.40	2172	4	0	0	0	0	0	0	0	0	0
121.50	2150	4	0	0	0	0	0	0	0	0	0
121.60	2128	4	0	0	0	0	0	0	0	0	0
121.70	2106	4	0	0	0	0	0	0	0	0	0
121.80	2085	4	0	0	0	0	0	0	0	0	0
121.90	2064	4	0	0	0	0	0	0	0	0	0
122.00	2043	4	0	0	0	0	0	0	0	0	0
122.10	2022	4	0	0	0	0	0	0	0	0	0
122.20	2001	4	0	0	0	0	0	0	0	0	0
122.30	1981	4	0	0	0	0	0	0	0	0	0
122.40	1960	4	0	0	0	0	0	0	0	0	0
122.50	1940	4	0	0	0	0	0	0	0	0	0
122.60	1920	4	0	0	0	0	0	0	0	0	0
122.70	1901	4	0	0	0	0	0	0	0	0	0
122.80	1881	4	0	0	0	0	0	0	0	0	0
122.90	1862	4	0	0	0	0	0	0	0	0	0
123.00	1843	4	0	0	0	0	0	0	0	0	0
123.10	1824	4	0	0	0	0	0	0	0	0	0
123.20	1805	4	0	0	0	0	0	0	0	0	0
123.30	1786	4	0	0	0	0	0	0	0	0	0
123.40	1768	4	0	0	0	0	0	0	0	0	0
123.50	1750	4	0	0	0	0	0	0	0	0	0
123.60	1732	4	0	0	0	0	0	0	0	0	0
123.70	1714	4	0	0	0	0	0	0	0	0	0
123.80	1696	4	0	0	0	0	0	0	0	0	0
123.90	1679	4	0	0	0	0	0	0	0	0	0
124.00	1661	4	0	0	0	0	0	0	0	0	0
124.10	1644	4	0	0	0	0	0	0	0	0	0
124.20	1627	4	0	0	0	0	0	0	0	0	0
124.30	1610	4	0	0	0	0	0	0	0	0	0
124.40	1594	4	0	0	0	0	0	0	0	0	0
124.50	1577	4	0	0	0	0	0	0	0	0	0
124.60	1561	4	0	0	0	0	0	0	0	0	0
124.70	1545	4	0	0	0	0	0	0	0	0	0
124.80	1528	4	0	0	0	0	0	0	0	0	0
124.90	1513	4	0	0	0	0	0	0	0	0	0
125.00	1497	4	0	0	0	0	0	0	0	0	0
125.10	1481	4	0	0	0	0	0	0	0	0	0
125.20	1466	4	0	0	0	0	0	0	0	0	0
125.30	1451	4	0	0	0	0	0	0	0	0	0
125.40	1436	4	0	0	0	0	0	0	0	0	0
125.50	1421	4	0	0	0	0	0	0	0	0	0
125.60	1406	4	0	0	0	0	0	0	0	0	0
125.70	1391	4	0	0	0	0	0	0	0	0	0
125.80	1377	4	0	0	0	0	0	0	0	0	0
125.90	1362	4	0	0	0	0	0	0	0	0	0
126.00	1348	4	0	0	0	0	0	0	0	0	0
126.10	1334	4	0	0	0	0	0	0	0	0	0
126.20	1320	4	0	0	0	0	0	0	0	0	0
126.30	1306	4	0	0	0	0	0	0	0	0	0
126.40	1292	4	0	0	0	0	0	0	0	0	0
126.50	1279	4	0	0	0	0	0	0	0	0	0
126.60	1265	4	0	0	0	0	0	0	0	0	0
126.70	1252	4	0	0	0	0	0	0	0	0	0
126.80	1239	4	0	0	0	0	0	0	0	0	0
126.90	1226	4	0	0	0	0	0	0	0	0	0
127.00	1213	4	0	0	0	0	0	0	0	0	0
127.10	1200	4	0	0	0	0	0	0	0	0	0
127.20	1188	4	0	0	0	0	0	0	0	0	0
127.30	1175	4	0	0	0	0	0	0	0	0	0
127.40	1163	4	0	0	0	0	0	0	0	0	0
127.50	1150	4	0	0	0	0	0	0	0	0	0
127.60	1138	4	0	0	0	0	0	0	0	0	0
127.70	1126	4	0	0	0	0	0	0	0	0	0
127.80	1114	4	0	0	0	0	0	0	0	0	0
127.90	1103	4	0	0	0	0	0	0	0	0	0
128.00	1091	4	0	0	0	0	0	0	0	0	0
128.10	1079	4	0	0	0	0	0	0	0	0	0
128.20	1068	4	0	0	0	0	0	0	0	0	0
128.30	1057	4	0	0	0	0	0	0	0	0	0
128.40	1045	4	0	0	0	0	0	0	0	0	0
128.50	1034	4	0	0	0	0	0	0	0	0	0
128.60	1023	4	0	0	0	0	0	0	0	0	0
128.70	1013	4	0	0	0	0	0	0	0	0	0
128.80	1002	4	0	0	0	0	0	0	0	0	0
128.90	991	4	0	0	0	0	0	0	0	0	0
129.00	981	4	0	0	0	0	0	0	0	0	0
129.10	970	4	0	0	0	0	0	0	0	0	0
129.20	960	4	0	0	0	0	0	0	0	0	0
129.30	950	4	0	0	0	0	0	0	0	0	0
129.40	939	4	0	0	0	0	0	0	0	0	0
129.50	929	4	0	0	0	0	0	0	0	0	0
129.60	919	4	0	0	0	0	0	0	0	0	0
129.70	910	4	0	0	0	0	0	0	0	0	0
129.80	900	4	0	0	0	0	0	0	0	0	0
129.90	890	4	0	0	0	0	0	0	0	0	0
130.00	881	4	0	0	0	0	0	0	0	0	0
130.10	871	4	0	0	0	0	0	0	0	0	0
130.20	862	4	0	0	0	0	0	0	0	0	0
130.30	853	4	0	0	0	0	0	0	0	0	0
130.40	844	4	0	0	0	0	0	0	0	0	0
130.50	835	4	0	0	0	0	0	0	0	0	0
130.60	826	4	0	0	0	0	0	0	0	0	0
130.70	817	4	0	0	0	0	0	0	0	0	0
130.80	808	4	0	0	0	0	0	0	0	0	0
130.90	799	4	0	0	0	0	0	0	0	0	0
131.00	791	4	0	0	0	0	0	0	0	0	0
131.10	782	4	0	0	0	0	0	0	0	0	0
131.20	774	4	0	0	0	0	0	0	0	0	0
131.30	765	4	0	0	0	0	0	0	0	0	0
131.40	757	4	0	0	0	0	0	0	0	0	0
131.50	749	4	0	0	0	0	0	0	0	0	0
131.60	741	4	0	0	0	0	0	0	0	0	0
131.70	733	4	0	0	0	0	0	0	0	0	0
131.80	725	4	0	0	0	0	0	0	0	0	0
131.90	717	4	0	0	0	0	0	0	0	0	0
132.00	709	4	0	0	0	0	0	0	0	0	0
132.10	701	4	0	0	0	0	0	0	0	0	0
132.20	694	4	0	0	0	0	0	0	0	0	0
132.30	686	4	0	0	0	0	0	0	0	0	0
132.40	679	4	0	0	0	0	0	0	0	0	0
132.50	672	4	0	0	0	0	0	0	0	0	0
132.60	664	4	0	0	0	0	0	0	0	0	0
132.70	657	4	0	0	0	0	0	0	0	0	0
132.80	650	4	0	0	0	0	0	0	0	0	0
132.90	643	4	0	0	0	0	0	0	0	0	0
133.00	636	4	0	0	0	0	0	0	0	0	0
133.10	629	4	0	0	0	0	0	0	0	0	0
133.20	622	4	0	0	0	0	0	0	0	0	0
133.30	615	4	0	0	0	0	0	0	0	0	0
133.40	608	4	0	0	0	0	0	0	0	0	0
133.50	602	4	0	0	0	0	0	0	0	0	0
133.60	595	4	0	0	0	0	0	0	0	0	0
133.70	589	4	0	0	0	0	0	0	0	0	0
133.80	582	4	0	0	0	0	0	0	0	0	0
133.90	576	4	0	0	0	0	0	0	0	0	0
134.00	570	4	0	0	0	0	0	0	0	0	0
134.10	563	4	0	0	0	0	0	0	0	0	0
134.20	557	4	0	0	0	0	0	0	0	0	0
134.30	551	4	0	0	0	0	0	0	0	0	0
134.40	545	4	0	0	0	0	0	0	0	0	0
134.50	539	4	0	0	0	0	0	0	0	0	0
134.60	533	4	0	0	0	0	0	0	0	0	0
134.70	527	4	0	0	0	0	0	0	0	0	0
134.80	521	4	0	0	0	0	0	0	0	0	0
134.90	516	4	0	0	0	0	0	0	0	0	0
135.00	510	4	0	0	0	0	0	0	0	0	0
135.10	504	4	0	0	0	0	0	0	0	0	0
135.20	499	4	0	0	0	0	0	0	0	0	0
135.30	493	4	0	0	0	0	0	0	0	0	0
135.40	488	4	0	0	0	0	0	0	0	0	0
135.50	482	4	0	0	0	0	0	0	0	0	0
135.60	477	4	0	0	0	0	0	0	0	0	0
135.70	472	4	0	0	0	0	0	0	0	0	0
135.80	466	4	0	0	0	0	0	0	0	0	0
135.90	461	4	0	0	0	0	0	0	0	0	0
136.00	456	4	0	0	0	0	0	0	0	0	0
136.10	451	4	0	0	0	0	0	0	0	0	0
136.20	446	4	0	0	0	0	0	0	0	0	0
136.30	441	4	0	0	0	0	0	0	0	0	0
136.40	436	4	0	0	0	0	0	0	0	0	0
136.50	431	4	0	0	0	0	0	0	0	0	0
136.60	426	4	0	0	0	0	0	0	0	0	0
136.70	422	4	0	0	0	0	0	0	0	0	0
136.80	417	4	0	0	0	0	0	0	0	0	0
136.90	412	4	0	0	0	0	0	0	0	0	0
137.00	408	4	0	0	0	0	0	0	0	0	0
137.10	403	4	0	0	0	0	0	0	0	0	0
137.20	399	4	0	0	0	0	0	0	0	0	0
137.30	394	4	0	0	0	0	0	0	0	0	0
137.40	390	4	0	0	0	0	0	0	0	0	0
137.50	385	4	0	0	0	0	0	0	0	0	0
137.60	381	4	0	0	0	0	0	0	0	0	0
137.70	377	4	0	0	0	0	0	0	0	0	0
137.80	373	4	0	0	0	0	0	0	0	0	0
137.90	368	4	0	0	0	0	0	0	0	0	0
138.00	364	4	0	0	0	0	0	0	0	0	0
138.10	360	4	0	0	0	0	0	0	0	0	0
138.20	356	4	0	0	0	0	0	0	0	0	0
138.30	352	4	0	0	0	0	0	0	0	0	0
138.40	348	4	0	0	0	0	0	0	0	0	0
138.50	344	4	0	0	0	0	0	0	0	0	0
138.60	340	4	0	0	0	0	0	0	0	0	0
138.70	336	4	0	0	0	0	0	0	0	0	0
138.80	333	4	0	0	0	0	0	0	0	0	0
138.90	329	4	0	0	0	0	0	0	0	0	0
139.00	325	4	0	0	0	0	0	0	0	0	0
139.10	321	4	0	0	0	0	0	0	0	0	0
139.20	318	4	0	0	0	0	0	0	0	0	0
139.30	314	4	0	0	0	0	0	0	0	0	0
139.40	311	4	0	0	0	0	0	0	0	0	0
139.50	307	4	0	0	0	0	0	0	0	0	0
139.60	304	4	0	0	0	0	0	0	0	0	0
139.70	300	4	0	0	0	0	0	0	0	0	0
139.80	297	4	0	0	0	0	0	0	0	0	0
139.90	293	4	0	0	0	0	0	0	0	0	0
140.00	290	4	0	0	0	0	0	0	0	0	0
140.10	287	4	0	0	0	0	0	0	0	0	0
140.20	283	4	0	0	0	0	0	0	0	0	0
140.30	280	4	0	0	0	0	0	0	0	0	0
140.40	277	4	0	0	0	0	0	0	0	0	0
140.50	274	4	0	0	0	0	0	0	0	0	0
140.60	271	4	0	0	0	0	0	0	0	0	0
140.70	268	4	0	0	0	0	0	0	0	0	0
140.80	265	4	0	0	0	0	0	0	0	0	0
140.90	262	4	0	0	0	0	0	0	0	0	0
141.00	259	4	0	0	0	0	0	0	0	0	0
141.10	256	4	0	0	0	0	0	0	0	0	0
141.20	253	4	0	0	0	0	0	0	0	0	0
141.30	250	4	0	0	0	0	0	0	0	0	0
141.40	247	4	0	0	0	0	0	0	0	0	0
141.50	244	4	0	0	0	0	0	0	0	0	0
141.60	241	4	0	0	0	0	0	0	0	0	0
141.70	238	4	0	0	0	0	0	0	0	0	0
141.80	236	4	0	0	0	0	0	0	0	0	0
141.90	233	4	0	0	0	0	0	0	0	0	0
142.00	230	4	0	0	0	0	0	0	0	0	0
142.10	228	4	0	0	0	0	0	0	0	0	0
142.20	225	4	0	0	0	0	0	0	0	0	0
142.30	222	4	0	0	0	0	0	0	0	0	0
142.40	220	4	0	0	0	0	0	0	0	0	0
142.50	217	4	0	0	0	0	0	0	0	0	0
142.60	215	4	0	0	0	0	0	0	0	0	0
142.70	212	4	0	0	0	0	0	0	0	0	0
142.80	210	4	0	0	0	0	0	0	0	0	0
142.90	207	4	0	0	0	0	0	0	0	0	0
143.00	205	4	0	0	0	0	0	0	0	0	0
143.10	203	4	0	0	0	0	0	0	0	0	0
143.20	200	4	0	0	0	0	0	0	0	0	0
143.30	198	4	0	0	0	0	0	0	0	0	0
143.40	196	4	0	0	0	0	0	0	0	0	0
143.50	193	4	0	0	0	0	0	0	0	0	0
143.60	191	4	0	0	0	0	0	0	0	0	0
143.70	189	4	0	0	0	0	0	0	0	0	0
143.80	187	4	0	0	0	0	0	0	0	0	0
143.90	184	4	0	0	0	0	0	0	0	0	0
144.00	182	4	0	0	0	0	0	0	0	0	0
144.10	180	4	0	0	0	0	0	0	0	0	0
144.20	178	4	0	0	0	0	0	0	0	0	0
144.30	176	4	0	0	0	0	0	0	0	0	0
144.40	174	4	0	0	0	0	0	0	0	0	0
144.50	172	4	0	0	0	0	0	0	0	0	0
144.60	170	4	0	0	0	0	0	0	0	0	0
144.70	168	4	0	0	0	0	0	0	0	0	0
144.80	166	4	0	0	0	0	0	0	0	0	0
144.90	164	4	0	0	0	0	0	0	0	0	0
145.00	162	4	0	0	0	0	0	0	0	0	0
145.10	160	4	0	0	0	0	0	0	0	0	0
145.20	158	4	0	0	0	0	0	0	0	0	0
145.30	156	4	0	0	0	0	0	0	0	0	0
145.40	155	4	0	0	0	0	0	0	0	0	0
145.50	153	4	0	0	0	0	0	0	0	0	0
145.60	151	4	0	0	0	0	0	0	0	0	0
145.70	149	4	0	0	0	0	0	0	0	0	0
145.80	147	4	0	0	0	0	0	0	0	0	0
145.90	146	4	0	0	0	0	0	0	0	0	0
146.00	144	4	0	0	0	0	0	0	0	0	0
146.10	142	4	0	0	0	0	0	0	0	0	0
146.20	140	4	0	0	0	0	0	0	0	0	0
146.30	139	4	0	0	0	0	0	0	0	0	0
146.40	137	4	0	0	0	0	0	0	0	0	0
146.50	136	4	0	0	0	0	0	0	0	0	0
146.60	134	4	0	0	0	0	0	0	0	0	0
146.70	132	4	0	0	0	0	0	0	0	0	0
146.80	131	4	0	0	0	0	0	0	0	0	0
146.90	129	4	0	0	0	0	0	0	0	0	0
147.00	128	4	0	0	0	0	0	0	0	0	0
147.10	126	4	0	0	0	0	0	0	0	0	0
147.20	125	4	0	0	0	0	0	0	0	0	0
147.30	123	4	0	0	0	0	0	0	0	0	0
147.40	122	4	0	0	0	0	0	0	0	0	0
147.50	120	4	0	0	0	0	0	0	0	0	0
147.60	119	4	0	0	0	0	0	0	0	0	0
147.70	117	4	0	0	0	0	0	0	0	0	0
147.80	116	4	0	0	0	0	0	0	0	0	0
147.90	115	4	0	0	0	0	0	0	0	0	0
148.00	113	4	0	0	0	0	0	0	0	0	0
148.10	112	4	0	0	0	0	0	0	0	0	0
148.20	110	4	0	0	0	0	0	0	0	0	0
148.30	109	4	0	0	0	0	0	0	0	0	0
148.40	108	4	0	0	0	0	0	0	0	0	0
148.50	107	4	0	0	0	0	0	0	0	0	0
148.60	105	4	0	0	0	0	0	0	0	0	0
148.70	104	4	0	0	0	0	0	0	0	0	0
148.80	103	4	0	0	0	0	0	0	0	0	0
148.90	101	4	0	0	0	0	0	0	0	0	0
149.00	100	4	0	0	0	0	0	0	0	0	0
149.10	99	4	0	0	0	0	0	0	0	0	0
149.20	98	4	0	0	0	0	0	0	0	0	0
149.30	97	4	0	0	0	0	0	0	0	0	0
149.40	95	4	0	0	0	0	0	0	0	0	0
149.50	94	4	0	0	0	0	0	0	0	0	0
149.60	93	4	0	0	0	0	0	0	0	0	0
149.70	92	4	0	0	0	0	0	0	0	0	0
149.80	91	4	0	0	0	0	0	0	0	0	0
149.90	90	4	0	0	0	0	0	0	0	0	0
150.00	89	4	0	0	0	0	0	0	0	0	0
150.10	88	4	0	0	0	0	0	0	0	0	0
150.20	87	4	0	0	0	0	0	0	0	0	0
150.30	86	4	0	0	0	0	0	0	0	0	0
150.40	84	4	0	0	0	0	0	0	0	0	0
150.50	83	4	0	0	0	0	0	0	0	0	0
150.60	82	4	0	0	0	0	0	0	0	0	0
150.70	81	4	0	0	0	0	0	0	0	0	0
150.80	80	4	0	0	0	0	0	0	0	0	0
150.90	79	4	0	0	0	0	0	0	0	0	0
151.00	78	4	0	0	0	0	0	0	0	0	0
151.10	78	4	0	0	0	0	0	0	0	0	0
151.20	77	4	0	0	0	0	0	0	0	0	0
151.30	76	4	0	0	0	0	0	0	0	0	0
151.40	75	4	0	0	0	0	0	0	0	0	0
151.50	74	4	0	0	0	0	0	0	0	0	0
151.60	73	4	0	0	0	0	0	0	0	0	0
151.70	72	4	0	0	0	0	0	0	0	0	0
151.80	71	4	0	0	0	0	0	0	0	0	0
151.90	70	4	0	0	0	0	0	0	0	0	0
152.00	69	4	0	0	0	0	0	0	0	0	0
152.10	68	4	0	0	0	0	0	0	0	0	0
152.20	68	4	0	0	0	0	0	0	0	0	0
152.30	67	4	0	0	0	0	0	0	0	0	0
152.40	66	4	0	0	0	0	0	0	0	0	0
152.50	65	4	0	0	0	0	0	0	0	0	0
152.60	64	4	0	0	0	0	0	0	0	0	0
152.70	64	4	0	0	0	0	0	0	0	0	0
152.80	63	4	0	0	0	0	0	0	0	0	0
152.90	62	4	0	0	0	0	0	0	0	0	0
153.00	61	4	0	0	0	0	0	0	0	0	0
153.10	60	4	0	0	0	0	0	0	0	0	0
153.20	60	4	0	0	0	0	0	0	0	0	0
153.30	59	4	0	0	0	0	0	0	0	0	0
153.40	58	4	0	0	0	0	0	0	0	0	0
153.50	57	4	0	0	0	0	0	0	0	0	0
153.60	57	4	0	0	0	0	0	0	0	0	0
153.70	56	4	0	0	0	0	0	0	0	0	0
153.80	55	4	0	0	0	0	0	0	0	0	0
153.90	55	4	0	0	0	0	0	0	0	0	0
154.00	54	4	0	0	0	0	0	0	0	0	0
154.10	53	4	0	0	0	0	0	0	0	0	0
154.20	53	4	0	0	0	0	0	0	0	0	0
154.30	52	4	0	0	0	0	0	0	0	0	0
154.40	51	4	0	0	0	0	0	0	0	0	0
154.50	51	4	0	0	0	0	0	0	0	0	0
154.60	50	4	0	0	0	0	0	0	0	0	0
154.70	49	4	0	0	0	0	0	0	0	0	0
154.80	49	4	0	0	0	0	0	0	0	0	0
154.90	48	4	0	0	0	0	0	0	0	0	0
155.00	48	4	0	0	0	0	0	0	0	0	0
155.10	47	4	0	0	0	0	0	0	0	0	0
155.20	46	4	0	0	0	0	0	0	0	0	0
155.30	46	4	0	0	0	0	0	0	0	0	0
155.40	45	4	0	0	0	0	0	0	0	0	0
155.50	45	4	0	0	0	0	0	0	0	0	0
155.60	44	4	0	0	0	0	0	0	0	0	0
155.70	44	4	0	0	0	0	0	0	0	0	0
155.80	43	4	0	0	0	0	0	0	0	0	0
155.90	42	4	0	0	0	0	0	0	0	0	0
156.00	42	4	0	0	0	0	0	0	0	0	0
156.10	41	4	0	0	0	0	0	0	0	0	0
156.20	41	4	0	0	0	0	0	0	0	0	0
156.30	40	4	0	0	0	0	0	0	0	0	0
156.40	40	4	0	0	0	0	0	0	0	0	0
156.50	39	4	0	0	0	0	0	0	0	0	0
156.60	39	4	0	0	0	0	0	0	0	0	0
156.70	38	4	0	0	0	0	0	0	0	0	0
156.80	38	4	0	0	0	0	0	0	0	0	0
156.90	37	4	0	0	0	0	0	0	0	0	0
157.00	37	4	0	0	0	0	0	0	0	0	0
157.10	36	4	0	0	0	0	0	0	0	0	0
157.20	36	4	0	0	0	0	0	0	0	0	0
157.30	35	4	0	0	0	0	0	0	0	0	0
157.40	35	4	0	0	0	0	0	0	0	0	0
157.50	35	4	0	0	0	0	0	0	0	0	0
157.60	34	4	0	0	0	0	0	0	0	0	0
157.70	34	4	0	0	0	0	0	0	0	0	0
157.80	33	4	0	0	0	0	0	0	0	0	0
157.90	33	4	0	0	0	0	0	0	0	0	0
158.00	32	4	0	0	0	0	0	0	0	0	0
158.10	32	4	0	0	0	0	0	0	0	0	0
158.20	32	4	0	0	0	0	0	0	0	0	0
158.30	31	4	0	0	0	0	0	0	0	0	0
158.40	31	4	0	0	0	0	0	0	0	0	0
158.50	30	4	0	0	0	0	0	0	0	0	0
158.60	30	4	0	0	0	0	0	0	0	0	0
158.70	30	4	0	0	0	0	0	0	0	0	0
158.80	29	4	0	0	0	0	0	0	0	0	0
158.90	29	4	0	0	0	0	0	0	0	0	0
159.00	28	4	0	0	0	0	0	0	0	0	0
159.10	28	4	0	0	0	0	0	0	0	0	0
159.20	28	4	0	0	0	0	0	0	0	0	0
159.30	27	4	0	0	0	0	0	0	0	0	0
159.40	27	4	0	0	0	0	0	0	0	0	0
159.50	27	4	0	0	0	0	0	0	0	0	0
159.60	26	4	0	0	0	0	0	0	0	0	0
159.70	26	4	0	0	0	0	0	0	0	0	0
159.80	26	4	0	0	0	0	0	0	0	0	0
159.90	25	4	0	0	0	0	0	0	0	0	0
160.00	25	4	0	0	0	0	0	0	0	0	0
160.10	25	4	0	0	0	0	0	0	0	0	0
160.20	24	4	0	0	0	0	0	0	0	0	0
160.30	24	4	0	0	0	0	0	0	0	0	0
160.40	24	4	0	0	0	0	0	0	0	0	0
160.50	23	4	0	0	0	0	0	0	0	0	0
160.60	23	4	0	0	0	0	0	0	0	0	0
160.70	23	4	0	0	0	0	0	0	0	0	0
160.80	22	4	0	0	0	0	0	0	0	0	0
160.90	22	4	0	0	0	0	0	0	0	0	0
161.00	22	4	0	0	0	0	0	0	0	0	0
161.10	22	4	0	0	0	0	0	0	0	0	0
161.20	21	4	0	0	0	0	0	0	0	0	0
161.30	21	4	0	0	0	0	0	0	0	0	0
161.40	21	4	0	0	0	0	0	0	0	0	0
161.50	20	4	0	0	0	0	0	0	0	0	0
161.60	20	4	0	0	0	0	0	0	0	0	0
161.70	20	4	0	0	0	0	0	0	0	0	0
161.80	20	4	0	0	0	0	0	0	0	0	0
161.90	19	4	0	0	0	0	0	0	0	0	0
162.00	19	4	0	0	0	0	0	0	0	0	0
162.10	19	4	0	0	0	0	0	0	0	0	0
162.20	19	4	0	0	0	0	0	0	0	0	0
162.30	18	4	0	0	0	0	0	0	0	0	0
162.40	18	4	0	0	0	0	0	0	0	0	0
162.50	18	4	0	0	0	0	0	0	0	0	0
162.60	18	4	0	0	0	0	0	0	0	0	0
162.70	17	4	0	0	0	0	0	0	0	0	0
162.80	17	4	0	0	0	0	0	0	0	0	0
162.90	17	4	0	0	0	0	0	0	0	0	0
163.00	17	4	0	0	0	0	0	0	0	0	0
163.10	17	4	0	0	0	0	0	0	0	0	0
163.20	16	4	0	0	0	0	0	0	0	0	0
163.30	16	4	0	0	0	0	0	0	0	0	0
163.40	16	4	0	0	0	0	0	0	0	0	0
163.50	16	4	0	0	0	0	0	0	0	0	0
163.60	15	4	0	0	0	0	0	0	0	0	0
163.70	15	4	0	0	0	0	0	0	0	0	0
163.80	15	4	0	0	0	0	0	0	0	0	0
163.90	15	4	0	0	0	0	0	0	0	0	0
164.00	15	4	0	0	0	0	0	0	0	0	0
164.10	14	4	0	0	0	0	0	0	0	0	0
164.20	14	4	0	0	0	0	0	0	0	0	0
164.30	14	4	0	0	0	0	0	0	0	0	0
164.40	14	4	0	0	0	0	0	0	0	0	0
164.50	14	4	0	0	0	0	0	0	0	0	0
164.60	13	4	0	0	0	0	0	0	0	0	0
164.70	13	4	0	0	0	0	0	0	0	0	0
164.80	13	4	0	0	0	0	0	0	0	0	0
164.90	13	4	0	0	0	0	0	0	0	0	0
165.00	13	4	0	0	0	0	0	0	0	0	0
165.10	13	4	0	0	0	0	0	0	0	0	0
165.20	12	4	0	0	0	0	0	0	0	0	0
165.30	12	4	0	0	0	0	0	0	0	0	0
165.40	12	4	0	0	0	0	0	0	0	0	0
165.50	12	4	0	0	0	0	0	0	0	0	0
165.60	12	4	0	0	0	0	0	0	0	0	0
165.70	12	4	0	0	0	0	0	0	0	0	0
165.80	11	4	0	0	0	0	0	0	0	0	0
165.90	11	4	0	0	0	0	0	0	0	0	0
166.00	11	4	0	0	0	0	0	0	0	0	0
166.10	11	4	0	0	0	0	0	0	0	0	0
166.20	11	4	0	0	0	0	0	0	0	0	0
166.30	11	4	0	0	0	0	0	0	0	0	0
166.40	11	4	0	0	0	0	0	0	0	0	0
166.50	10	4	0	0	0	0	0	0	0	0	0
166.60	10	4	0	0	0	0	0	0	0	0	0
166.70	10	4	0	0	0	0	0	0	0	0	0
166.80	10	4	0	0	0	0	0	0	0	0	0
166.90	10	4	0	0	0	0	0	0	0	0	0
167.00	10	4	0	0	0	0	0	0	0	0	0
167.10	10	4	0	0	0	0	0	0	0	0	0
167.20	9	4	0	0	0	0	0	0	0	0	0
167.30	9	4	0	0	0	0	0	0	0	0	0
167.40	9	4	0	0	0	0	0	0	0	0	0
167.50	9	4	0	0	0	0	0	0	0	0	0
167.60	9	4	0	0	0	0	0	0	0	0	0
167.70	9	4	0	0	0	0	0	0	0	0	0
167.80	9	4	0	0	0	0	0	0	0	0	0
167.90	9	4	0	0	0	0	0	0	0	0	0
168.00	8	4	0	0	0	0	0	0	0	0	0
168.10	8	4	0	0	0	0	0	0	0	0	0
168.20	8	4	0	0	0	0	0	0	0	0	0
168.30	8	4	0	0	0	0	0	0	0	0	0
168.40	8	4	0	0	0	0	0	0	0	0	0
168.50	8	4	0	0	0	0	0	0	0	0	0
168.60	8	4	0	0	0	0	0	0	0	0	0
168.70	8	4	0	0	0	0	0	0	0	0	0
168.80	8	4	0	0	0	0	0	0	0	0	0
168.90	7	4	0	0	0	0	0	0	0	0	0
169.00	7	4	0	0	0	0	0	0	0	0	0
169.10	7	4	0	0	0	0	0	0	0	0	0
169.20	7	4	0	0	0	0	0	0	0	0	0
169.30	7	4	0	0	0	0	0	0	0	0	0
169.40	7	4	0	0	0	0	0	0	0	0	0
169.50	7	4	0	0	0	0	0	0	0	0	0
169.60	7	4	0	0	0	0	0	0	0	0	0
169.70	7	4	0	0	0	0	0	0	0	0	0
169.80	7	4	0	0	0	0	0	0	0	0	0
169.90	6	4	0	0	0	0	0	0	0	0	0
170.00	6	4	0	0	0	0	0	0	0	0	0
170.10	6	4	0	0	0	0	0	0	0	0	0
170.20	6	4	0	0	0	0	0	0	0	0	0
170.30	6	4	0	0	0	0	0	0	0	0	0
170.40	6	4	0	0	0	0	0	0	0	0	0
170.50	6	4	0	0	0	0	0	0	0	0	0
170.60	6	4	0	0	0	0	0	0	0	0	0
170.70	6	4	0	0	0	0	0	0	0	0	0
170.80	6	4	0	0	0	0	0	0	0	0	0
170.90	6	4	0	0	0	0	0	0	0	0	0
171.00	6	4	0	0	0	0	0	0	0	0	0
171.10	5	4	0	0	0	0	0	0	0	0	0
171.20	5	4	0	0	0	0	0	0	0	0	0
171.30	5	4	0	0	0	0	0	0	0	0	0
171.40	5	4	0	0	0	0	0	0	0	0	0
171.50	5	4	0	0	0	0	0	0	0	0	0
171.60	5	4	0	0	0	0	0	0	0	0	0
171.70	5	4	0	0	0	0	0	0	0	0	0
171.80	5	4	0	0	0	0	0	0	0	0	0
171.90	5	4	0	0	0	0	0	0	0	0	0
172.00	5	4	0	0	0	0	0	0	0	0	0
172.10	5	4	0	0	0	0	0	0	0	0	0
172.20	5	4	0	0	0	0	0	0	0	0	0
172.30	5	4	0	0	0	0	0	0	0	0	0
172.40	5	4	0	0	0	0	0	0	0	0	0
172.50	4	4	0	0	0	0	0	0	0	0	0
172.60	4	4	0	0	0	0	0	0	0	0	0
172.70	4	4	0	0	0	0	0	0	0	0	0
172.80	4	4	0	0	0	0	0	0	0	0	0
172.90	4	4	0	0	0	0	0	0	0	0	0
173.00	4	4	0	0	0	0	0	0	0	0	0
173.10	4	4	0	0	0	0	0	0	0	0	0
173.20	4	4	0	0	0	0	0	0	0	0	0
173.30	4	4	0	0	0	0	0	0	0	0	0
173.40	4	4	0	0	0	0	0	0	0	0	0
173.50	4	4	0	0	0	0	0	0	0	0	0
173.60	4	4	0	0	0	0	0	0	0	0	0
173.70	4	4	0	0	0	0	0	0	0	0	0
173.80	4	4	0	0	0	0	0	0	0	0	0
173.90	4	4	0	0	0	0	0	0	0	0	0
174.00	4	4	0	0	0	0	0	0	0	0	0
174.10	4	4	0	0	0	0	0	0	0	0	0
174.20	3	4	0	0	0	0	0	0	0	0	0
174.30	3	4	0	0	0	0	0	0	0	0	0
174.40	3	4	0	0	0	0	0	0	0	0	0
174.50	3	4	0	0	0	0	0	0	0	0	0
174.60	3	4	0	0	0	0	0	0	0	0	0
174.70	3	4	0	0	0	0	0	0	0	0	0
174.80	3	4	0	0	0	0	0	0	0	0	0
174.90	3	4	0	0	0	0	0	0	0	0	0
175.00	3	4	0	0	0	0	0	0	0	0	0
175.10	3	4	0	0	0	0	0	0	0	0	0
175.20	3	4	0	0	0	0	0	0	0	0	0
175.30	3	4	0	0	0	0	0	0	0	0	0
175.40	3	4	0	0	0	0	0	0	0	0	0
175.50	3	4	0	0	0	0	0	0	0	0	0
175.60	3	4	0	0	0	0	0	0	0	0	0
175.70	3	4	0	0	0	0	0	0	0	0	0
175.80	3	4	0	0	0	0	0	0	0	0	0
175.90	3	4	0	0	0	0	0	0	0	0	0
176.00	3	4	0	0	0	0	0	0	0	0	0
176.10	3	4	0	0	0	0	0	0	0	0	0
176.20	3	4	0	0	0	0	0	0	0	0	0
176.30	3	4	0	0	0	0	0	0	0	0	0
176.40	3	4	0	0	0	0	0	0	0	0	0
176.50	2	4	0	0	0	0	0	0	0	0	0
176.60	2	4	0	0	0	0	0	0	0	0	0
176.70	2	4	0	0	0	0	0	0	0	0	0
176.80	2	4	0	0	0	0	0	0	0	0	0
176.90	2	4	0	0	0	0	0	0	0	0	0
177.00	2	4	0	0	0	0	0	0	0	0	0
177.10	2	4	0	0	0	0	0	0	0	0	0
177.20	2	4	0	0	0	0	0	0	0	0	0
177.30	2	4	0	0	0	0	0	0	0	0	0
177.40	2	4	0	0	0	0	0	0	0	0	0
177.50	2	4	0	0	0	0	0	0	0	0	0
177.60	2	4	0	0	0	0	0	0	0	0	0
177.70	2	4	0	0	0	0	0	0	0	0	0
177.80	2	4	0	0	0	0	0	0	0	0	0
177.90	2	4	0	0	0	0	0	0	0	0	0
178.00	2	4	0	0	0	0	0	0	0	0	0
178.10	2	4	0	0	0	0	0	0	0	0	0
178.20	2	4	0	0	0	0	0	0	0	0	0
178.30	2	4	0	0	0	0	0	0	0	0	0
178.40	2	4	0	0	0	0	0	0	0	0	0
178.50	2	4	0	0	0	0	0	0	0	0	0
178.60	2	4	0	0	0	0	0	0	0	0	0
178.70	2	4	0	0	0	0	0	0	0	0	0
178.80	2	4	0	0	0	0	0	0	0	0	0
178.90	2	4	0	0	0	0	0	0	0	0	0
179.00	2	4	0	0	0	0	0	0	0	0	0
179.10	2	4	0	0	0	0	0	0	0	0	0
179.20	2	4	0	0	0	0	0	0	0	0	0
179.30	2	4	0	0	0	0	0	0	0	0	0
179.40	2	4	0	0	0	0	0	0	0	0	0
179.50	2	4	0	0	0	0	0	0	0	0	0
179.60	2	4	0	0	0	0	0	0	0	0	0
179.70	2	4	0	0	0	0	0	0	0	0	0
179.80	1	4	0	0	0	0	0	0	0	0	0
179.90	1	4	0	0	0	0	0	0	0	0	0
180.00	1	4	0	0	0	0	0	0	0	0	0
180.10	1	4	0	0	0	0	0	0	0	0	0
180.20	1	4	0	0	0	0	0	0	0	0	0
180.30	1	4	0	0	0	0	0	0	0	0	0
180.40	1	4	0	0	0	0	0	0	0	0	0
180.50	1	4	0	0	0	0	0	0	0	0	0
180.60	1	4	0	0	0	0	0	0	0	0	0
180.70	1	4	0	0	0	0	0	0	0	0	0
180.80	1	4	0	0	0	0	0	0	0	0	0
180.90	1	4	0	0	0	0	0	0	0	0	0
181.00	1	4	0	0	0	0	0	0	0	0	0
181.10	1	4	0	0	0	0	0	0	0	0	0
181.20	1	4	0	0	0	0	0	0	0	0	0
181.30	1	4	0	0	0	0	0	0	0	0	0
181.40	1	4	0	0	0	0	0	0	0	0	0
181.50	1	4	0	0	0	0	0	0	0	0	0
181.60	1	4	0	0	0	0	0	0	0	0	0
181.70	1	4	0	0	0	0	0	0	0	0	0
181.80	1	4	0	0	0	0	0	0	0	0	0
181.90	1	4	0	0	0	0	0	0	0	0	0
182.00	1	4	0	0	0	0	0	0	0	0	0
182.10	1	4	0	0	0	0	0	0	0	0	0
182.20	1	4	0	0	0	0	0	0	0	0	0
182.30	1	4	0	0	0	0	0	0	0	0	0
182.40	1	4	0	0	0	0	0	0	0	0	0
182.50	1	4	0	0	0	0	0	0	0	0	0
182.60	1	4	0	0	0	0	0	0	0	0	0
182.70	1	4	0	0	0	0	0	0	0	0	0
182.80	1	4	0	0	0	0	0	0	0	0	0
182.90	1	4	0	0	0	0	0	0	0	0	0
183.00	1	4	0	0	0	0	0	0	0	0	0
183.10	1	4	0	0	0	0	0	0	0	0	0
183.20	1	4	0	0	0	0	0	0	0	0	0
183.30	1	4	0	0	0	0	0	0	0	0	0
183.40	1	4	0	0	0	0	0	0	0	0	0
183.50	1	4	0	0	0	0	0	0	0	0	0
183.60	1	4	0	0	0	0	0	0	0	0	0
183.70	1	4	0	0	0	0	0	0	0	0	0
183.80	1	4	0	0	0	0	0	0	0	0	0
183.90	1	4	0	0	0	0	0	0	0	0	0
184.00	1	4	0	0	0	0	0	0	0	0	0
184.10	1	4	0	0	0	0	0	0	0	0	0
184.20	1	4	0	0	0	0	0	0	0	0	0
184.30	1	4	0	0	0	0	0	0	0	0	0
184.40	1	4	0	0	0	0	0	0	0	0	0
184.50	1	4	0	0	0	0	0	0	0	0	0
184.60	1	4	0	0	0	0	0	0	0	0	0
184.70	1	4	0	0	0	0	0	0	0	0	0
184.80	1	4	0	0	0	0	0	0	0	0	0
184.90	1	4	0	0	0	0	0	0	0	0	0
185.00	1	4	0	0	0	0	0	0	0	0	0
185.10	1	4	0	0	0	0	0	0	0	0	0
185.20	1	4	0	0	0	0	0	0	0	0	0
185.30	1	4	0	0	0	0	0	0	0	0	0
185.40	1	4	0	0	0	0	0	0	0	0	0
185.50	1	4	0	0	0	0	0	0	0	0	0
185.60	1	4	0	0	0	0	0	0	0	0	0
185.70	1	4	0	0	0	0	0	0	0	0	0
185.80	1	4	0	0	0	0	0	0	0	0	0
185.90	1	4	0	0	0	0	0	0	0	0	0
186.00	1	4	0	0	0	0	0	0	0	0	0
186.10	1	4	0	0	0	0	0	0	0	0	0
186.20	1	4	0	0	0	0	0	0	0	0	0
186.30	1	4	0	0	0	0	0	0	0	0	0
186.40	1	4	0	0	0	0	0	0	0	0	0
186.50	1	4	0	0	0	0	0	0	0	0	0
186.60	1	4	0	0	0	0	0	0	0	0	0
186.70	0	4	0	0	0	0	0	0	0	0	0
186.80	0	4	0	0	0	0	0	0	0	0	0
186.90	0	4	0	0	0	0	0	0	0	0	0
187.00	0	4	0	0	0	0	0	0	0	0	0
187.10	0	4	0	0	0	0	0	0	0	0	0
187.20	0	4	0	0	0	0	0	0	0	0	0
187.30	0	4	0	0	0	0	0	0	0	0	0
187.40	0	4	0	0	0	0	0	0	0	0	0
187.50	0	4	0	0	0	0	0	0	0	0	0
187.60	0	4	0	0	0	0	0	0	0	0	0
187.70	0	4	0	0	0	0	0	0	0	0	0
187.80	0	4	0	0	0	0	0	0	0	0	0
187.90	0	4	0	0	0	0	0	0	0	0	0
188.00	0	4	0	0	0	0	0	0	0	0	0
188.10	0	4	0	0	0	0	0	0	0	0	0
188.20	0	4	0	0	0	0	0	0	0	0	0
188.30	0	4	0	0	0	0	0	0	0	0	0
188.40	0	4	0	0	0	0	0	0	0	0	0
188.50	0	4	0	0	0	0	0	0	0	0	0
188.60	0	4	0	0	0	0	0	0	0	0	0
188.70	0	4	0	0	0	0	0	0	0	0	0
188.80	0	4	0	0	0	0	0	0	0	0	0
188.90	0	4	0	0	0	0	0	0	0	0	0
189.00	0	4	0	0	0	0	0	0	0	0	0
189.10	0	4	0	0	0	0	0	0	0	0	0
189.20	0	4	0	0	0	0	0	0	0	0	0
189.30	0	4	0	0	0	0	0	0	0	0	0
189.40	0	4	0	0	0	0	0	0	0	0	0
189.50	0	4	0	0	0	0	0	0	0	0	0
189.60	0	4	0	0	0	0	0	0	0	0	0
189.70	0	4	0	0	0	0	0	0	0	0	0
189.80	0	4	0	0	0	0	0	0	0	0	0
189.90	0	4	0	0	0	0	0	0	0	0	0
190.00	0	4	0	0	0	0	0	0	0	0	0
190.10	0	4	0	0	0	0	0	0	0	0	0
190.20	0	4	0	0	0	0	0	0	0	0	0
190.30	0	4	0	0	0	0	0	0	0	0	0
190.40	0	4	0	0	0	0	0	0	0	0	0
190.50	0	4	0	0	0	0	0	0	0	0	0
190.60	0	4	0	0	0	0	0	0	0	0	0
190.70	0	4	0	0	0	0	0	0	0	0	0
190.80	0	4	0	0	0	0	0	0	0	0	0
190.90	0	4	0	0	0	0	0	0	0	0	0
191.00	0	4	0	0	0	0	0	0	0	0	0
191.10	0	4	0	0	0	0	0	0	0	0	0
191.20	0	4	0	0	0	0	0	0	0	0	0
191.30	0	4	0	0	0	0	0	0	0	0	0
191.40	0	4	0	0	0	0	0	0	0	0	0
191.50	0	4	0	0	0	0	0	0	0	0	0
191.60	0	4	0	0	0	0	0	0	0	0	0
191.70	0	4	0	0	0	0	0	0	0	0	0
191.80	0	4	0	0	0	0	0	0	0	0	0
191.90	0	4	0	0	0	0	0	0	0	0	0
192.00	0	4	0	0	0	0	0	0	0	0	0
192.10	0	4	0	0	0	0	0	0	0	0	0
192.20	0	4	0	0	0	0	0	0	0	0	0
192.30	0	4	0	0	0	0	0	0	0	0	0
192.40	0	4	0	0	0	0	0	0	0	0	0
192.50	0	4	0	0	0	0	0	0	0	0	0
192.60	0	4	0	0	0	0	0	0	0	0	0
192.70	0	4	0	0	0	0	0	0	0	0	0
192.80	0	4	0	0	0	0	0	0	0	0	0
192.90	0	4	0	0	0	0	0	0	0	0	0
193.00	0	4	0	0	0	0	0	0	0	0	0
193.10	0	4	0	0	0	0	0	0	0	0	0
193.20	0	4	0	0	0	0	0	0	0	0	0
193.30	0	4	0	0	0	0	0	0	0	0	0
193.40	0	4	0	0	0	0	0	0	0	0	0
193.50	0	4	0	0	0	0	0	0	0	0	0
193.60	0	4	0	0	0	0	0	0	0	0	0
193.70	0	4	0	0	0	0	0	0	0	0	0
193.80	0	4	0	0	0	0	0	0	0	0	0
193.90	0	4	0	0	0	0	0	0	0	0	0
194.00	0	4	0	0	0	0	0	0	0	0	0
194.10	0	4	0	0	0	0	0	0	0	0	0
194.20	0	4	0	0	0	0	0	0	0	0	0
194.30	0	4	0	0	0	0	0	0	0	0	0
194.40	0	4	0	0	0	0	0	0	0	0	0
194.50	0	4	0	0	0	0	0	0	0	0	0
194.60	0	4	0	0	0	0	0	0	0	0	0
194.70	0	4	0	0	0	0	0	0	0	0	0
194.80	0	4	0	0	0	0	0	0	0	0	0
194.90	0	4	0	0	0	0	0	0	0	0	0
195.00	0	4	0	0	0	0	0	0	0	0	0
195.10	0	4	0	0	0	0	0	0	0	0	0
195.20	0	4	0	0	0	0	0	0	0	0	0
195.30	0	4	0	0	0	0	0	0	0	0	0
195.40	0	4	0	0	0	0	0	0	0	0	0
195.50	0	4	0	0	0	0	0	0	0	0	0
195.60	0	4	0	0	0	0	0	0	0	0	0
195.70	0	4	0	0	0	0	0	0	0	0	0
195.80	0	4	0	0	0	0	0	0	0	0	0
195.90	0	4	0	0	0	0	0	0	0	0	0
196.00	0	4	0	0	0	0	0	0	0	0	0
196.10	0	4	0	0	0	0	0	0	0	0	0
196.20	0	4	0	0	0	0	0	0	0	0	0
196.30	0	4	0	0	0	0	0	0	0	0	0
196.40	0	4	0	0	0	0	0	0	0	0	0
196.50	0	4	0	0	0	0	0	0	0	0	0
196.60	0	4	0	0	0	0	0	0	0	0	0
196.70	0	4	0	0	0	0	0	0	0	0	0
196.80	0	4	0	0	0	0	0	0	0	0	0
196.90	0	4	0	0	0	0	0	0	0	0	0
197.00	0	4	0	0	0	0	0	0	0	0	0
197.10	0	4	0	0	0	0	0	0	0	0	0
197.20	0	4	0	0	0	0	0	0	0	0	0
197.30	0	4	0	0	0	0	0	0	0	0	0
197.40	0	4	0	0	0	0	0	0	0	0	0
197.50	0	4	0	0	0	0	0	0	0	0	0
197.60	0	4	0	0	0	0	0	0	0	0	0
197.70	0	4	0	0	0	0	0	0	0	0	0
197.80	0	4	0	0	0	0	0	0	0	0	0
197.90	0	4	0	0	0	0	0	0	0	0	0
198.00	0	4	0	0	0	0	0	0	0	0	0
198.10	0	4	0	0	0	0	0	0	0	0	0
198.20	0	4	0	0	0	0	0	0	0	0	0
198.30	0	4	0	0	0	0	0	0	0	0	0
198.40	0	4	0	0	0	0	0	0	0	0	0
198.50	0	4	0	0	0	0	0	0	0	0	0
198.60	0	4	0	0	0	0	0	0	0	0	0
198.70	0	4	0	0	0	0	0	0	0	0	0
198.80	0	4	0	0	0	0	0	0	0	0	0
198.90	0	4	0	0	0	0	0	0	0	0	0
199.00	0	4	0	0	0	0	0	0	0	0	0
199.10	0	4	0	0	0	0	0	0	0	0	0
199.20	0	4	0	0	0	0	0	0	0	0	0
199.30	0	4	0	0	0	0	0	0	0	0	0
199.40	0	4	0	0	0	0	0	0	0	0	0
199.50	0	4	0	0	0	0	0	0	0	0	0
199.60	0	4	0	0	0	0	0	0	0	0	0
199.70	0	4	0	0	0	0	0	0	0	0	0
199.80	0	4	0	0	0	0	0	0	0	0	0
199.90	0	4	0	0	0	0	0	0	0	0	0
200.00	0	4	0	0	0	0	0	0	0	0	0
200.10	0	4	0	0	0	0	0	0	0	0	0
200.20	0	4	0	0	0	0	0	0	0	0	0
200.30	0	4	0	0	0	0	0	0	0	0	0
200.40	0	4	0	0	0	0	0	0	0	0	0
200.50	0	4	0	0	0	0	0	0	0	0	0
200.60	0	4	0	0	0	0	0	0	0	0	0
200.70	0	4	0	0	0	0	0	0	0	0	0
200.80	0	4	0	0	0	0	0	0	0	0	0
200.90	0	4	0	0	0	0	0	0	0	0	0
201.00	0	4	0	0	0	0	0	0	0	0	0
201.10	0	4	0	0	0	0	0	0	0	0	0
201.20	0	4	0	0	0	0	0	0	0	0	0
201.30	0	4	0	0	0	0	0	0	0	0	0
201.40	0	4	0	0	0	0	0	0	0	0	0
201.50	0	4	0	0	0	0	0	0	0	0	0
201.60	0	4	0	0	0	0	0	0	0	0	0
201.70	0	4	0	0	0	0	0	0	0	0	0
201.80	0	4	0	0	0	0	0	0	0	0	0
201.90	0	4	0	0	0	0	0	0	0	0	0
202.00	0	4	0	0	0	0	0	0	0	0	0
202.10	0	4	0	0	0	0	0	0	0	0	0
202.20	0	4	0	0	0	0	0	0	0	0	0
202.30	0	4	0	0	0	0	0	0	0	0	0
202.40	0	4	0	0	0	0	0	0	0	0	0
202.50	0	4	0	0	0	0	0	0	0	0	0
202.60	0	4	0	0	0	0	0	0	0	0	0
202.70	0	4	0	0	0	0	0	0	0	0	0
202.80	0	4	0	0	0	0	0	0	0	0	0
202.90	0	4	0	0	0	0	0	0	0	0	0
203.00	0	4	0	0	0	0	0	0	0	0	0
203.10	0	4	0	0	0	0	0	0	0	0	0
203.20	0	4	0	0	0	0	0	0	0	0	0
203.30	0	4	0	0	0	0	0	0	0	0	0
203.40	0	4	0	0	0	0	0	0	0	0	0
203.50	0	4	0	0	0	0	0	0	0	0	0
203.60	0	4	0	0	0	0	0	0	0	0	0
203.70	0	4	0	0	0	0	0	0	0	0	0
203.80	0	4	0	0	0	0	0	0	0	0	0
203.90	0	4	0	0	0	0	0	0	0	0	0
204.00	0	4	0	0	0	0	0	0	0	0	0
204.10	0	4	0	0	0	0	0	0	0	0	0
204.20	0	4	0	0	0	0	0	0	0	0	0
204.30	0	4	0	0	0	0	0	0	0	0	0
204.40	0	4	0	0	0	0	0	0	0	0	0
204.50	0	4	0	0	0	0	0	0	0	0	0
204.60	0	4	0	0	0	0	0	0	0	0	0
204.70	0	4	0	0	0	0	0	0	0	0	0
204.80	0	4	0	0	0	0	0	0	0	0	0
204.90	0	4	0	0	0	0	0	0	0	0	0
205.00	0	4	0	0	0	0	0	0	0	0	0
205.10	0	4	0	0	0	0	0	0	0	0	0
205.20	0	4	0	0	0	0	0	0	0	0	0
205.30	0	4	0	0	0	0	0	0	0	0	0
205.40	0	4	0	0	0	0	0	0	0	0	0
205.50	0	4	0	0	0	0	0	0	0	0	0
205.60	0	4	0	0	0	0	0	0	0	0	0
205.70	0	4	0	0	0	0	0	0	0	0	0
205.80	0	4	0	0	0	0	0	0	0	0	0
205.90	0	4	0	0	0	0	0	0	0	0	0
206.00	0	4	0	0	0	0	0	0	0	0	0
206.10	0	4	0	0	0	0	0	0	0	0	0
206.20	0	4	0	0	0	0	0	0	0	0	0
206.30	0	4	0	0	0	0	0	0	0	0	0
206.40	0	4	0	0	0	0	0	0	0	0	0
206.50	0	4	0	0	0	0	0	0	0	0	0
206.60	0	4	0	0	0	0	0	0	0	0	0
206.70	0	4	0	0	0	0	0	0	0	0	0
206.80	0	4	0	0	0	0	0	0	0	0	0
206.90	0	4	0	0	0	0	0	0	0	0	0
207.00	0	4	0	0	0	0	0	0	0	0	0
207.10	0	4	0	0	0	0	0	0	0	0	0
207.20	0	4	0	0	0	0	0	0	0	0	0
207.30	0	4	0	0	0	0	0	0	0	0	0
207.40	0	4	0	0	0	0	0	0	0	0	0
207.50	0	4	0	0	0	0	0	0	0	0	0
207.60	0	4	0	0	0	0	0	0	0	0	0
207.70	0	4	0	0	0	0	0	0	0	0	0
207.80	0	4	0	0	0	0	0	0	0	0	0
207.90	0	4	0	0	0	0	0	0	0	0	0
208.00	0	4	0	0	0	0	0	0	0	0	0
208.10	0	4	0	0	0	0	0	0	0	0	0
208.20	0	4	0	0	0	0	0	0	0	0	0
208.30	0	4	0	0	0	0	0	0	0	0	0
208.40	0	4	0	0	0	0	0	0	0	0	0
208.50	0	4	0	0	0	0	0	0	0	0	0
208.60	0	4	0	0	0	0	0	0	0	0	0
208.70	0	4	0	0	0	0	0	0	0	0	0
208.80	0	4	0	0	0	0	0	0	0	0	0
208.90	0	4	0	0	0	0	0	0	0	0	0
209.00	0	4	0	0	0	0	0	0	0	0	0
209.10	0	4	0	0	0	0	0	0	0	0	0
209.20	0	4	0	0	0	0	0	0	0	0	0
209.30	0	4	0	0	0	0	0	0	0	0	0
209.40	0	4	0	0	0	0	0	0	0	0	0
209.50	0	4	0	0	0	0	0	0	0	0	0
209.60	0	4	0	0	0	0	0	0	0	0	0
209.70	0	4	0	0	0	0	0	0	0	0	0
209.80	0	4	0	0	0	0	0	0	0	0	0
209.90	0	4	0	0	0	0	0	0	0	0	0
210.00	0	4	0	0	0	0	0	0	0	0	0
210.10	0	4	0	0	0	0	0	0	0	0	0
210.20	0	4	0	0	0	0	0	0	0	0	0
210.30	0	4	0	0	0	0	0	0	0	0	0
210.40	0	4	0	0	0	0	0	0	0	0	0
210.50	0	4	0	0	0	0	0	0	0	0	0
210.60	0	4	0	0	0	0	0	0	0	0	0
210.70	0	4	0	0	0	0	0	0	0	0	0
210.80	0	4	0	0	0	0	0	0	0	0	0
210.90	0	4	0	0	0	0	0	0	0	0	0
211.00	0	4	0	0	0	0	0	0	0	0	0
211.10	0	4	0	0	0	0	0	0	0	0	0
211.20	0	4	0	0	0	0	0	0	0	0	0
211.30	0	4	0	0	0	0	0	0	0	0	0
211.40	0	4	0	0	0	0	0	0	0	0	0
211.50	0	4	0	0	0	0	0	0	0	0	0
211.60	0	4	0	0	0	0	0	0	0	0	0
211.70	0	4	0	0	0	0	0	0	0	0	0
211.80	0	4	0	0	0	0	0	0	0	0	0
211.90	0	4	0	0	0	0	0	0	0	0	0
212.00	0	4	0	0	0	0	0	0	0	0	0
212.10	0	4	0	0	0	0	0	0	0	0	0
212.20	0	4	0	0	0	0	0	0	0	0	0
212.30	0	4	0	0	0	0	0	0	0	0	0
212.40	0	4	0	0	0	0	0	0	0	0	0
212.50	0	4	0	0	0	0	0	0	0	0	0
212.60	0	4	0	0	0	0	0	0	0	0	0
212.70	0	4	0	0	0	0	0	0	0	0	0
212.80	0	4	0	0	0	0	0	0	0	0	0
212.90	0	4	0	0	0	0	0	0	0	0	0
213.00	0	4	0	0	0	0	0	0	0	0	0
213.10	0	4	0	0	0	0	0	0	0	0	0
213.20	0	4	0	0	0	0	0	0	0	0	0
213.30	0	4	0	0	0	0	0	0	0	0	0
213.40	0	4	0	0	0	0	0	0	0	0	0
213.50	0	4	0	0	0	0	0	0	0	0	0
213.60	0	4	0	0	0	0	0	0	0	0	0
213.70	0	4	0	0	0	0	0	0	0	0	0
213.80	0	4	0	0	0	0	0	0	0	0	0
213.90	0	4	0	0	0	0	0	0	0	0	0
214.00	0	4	0	0	0	0	0	0	0	0	0
214.10	0	4	0	0	0	0	0	0	0	0	0
214.20	0	4	0	0	0	0	0	0	0	0	0
214.30	0	4	0	0	0	0	0	0	0	0	0
214.40	0	4	0	0	0	0	0	0	0	0	0
214.50	0	4	0	0	0	0	0	0	0	0	0
214.60	0	4	0	0	0	0	0	0	0	0	0
214.70	0	4	0	0	0	0	0	0	0	0	0
214.80	0	4	0	0	0	0	0	0	0	0	0
214.90	0	4	0	0	0	0	0	0	0	0	0
215.00	0	4	0	0	0	0	0	0	0	0	0
215.10	0	4	0	0	0	0	0	0	0	0	0
215.20	0	4	0	0	0	0	0	0	0	0	0
215.30	0	4	0	0	0	0	0	0	0	0	0
215.40	0	4	0	0	0	0	0	0	0	0	0
215.50	0	4	0	0	0	0	0	0	0	0	0
215.60	0	4	0	0	0	0	0	0	0	0	0
215.70	0	4	0	0	0	0	0	0	0	0	0
215.80	0	4	0	0	0	0	0	0	0	0	0
215.90	0	4	0	0	0	0	0	0	0	0	0
216.00	0	4	0	0	0	0	0	0	0	0	0
216.10	0	4	0	0	0	0	0	0	0	0	0
216.20	0	4	0	0	0	0	0	0	0	0	0
216.30	0	4	0	0	0	0	0	0	0	0	0
216.40	0	4	0	0	0	0	0	0	0	0	0
216.50	0	4	0	0	0	0	0	0	0	0	0
216.60	0	4	0	0	0	0	0	0	0	0	0
216.70	0	4	0	0	0	0	0	0	0	0	0
216.80	0	4	0	0	0	0	0	0	0	0	0
216.90	0	4	0	0	0	0	0	0	0	0	0
217.00	0	4	0	0	0	0	0	0	0	0	0
217.10	0	4	0	0	0	0	0	0	0	0	0
217.20	0	4	0	0	0	0	0	0	0	0	0
217.30	0	4	0	0	0	0	0	0	0	0	0
217.40	0	4	0	0	0	0	0	0	0	0	0
217.50	0	4	0	0	0	0	0	0	0	0	0
217.60	0	4	0	0	0	0	0	0	0	0	0
217.70	0	4	0	0	0	0	0	0	0	0	0
217.80	0	4	0	0	0	0	0	0	0	0	0
217.90	0	4	0	0	0	0	0	0	0	0	0
218.00	0	4	0	0	0	0	0	0	0	0	0
218.10	0	4	0	0	0	0	0	0	0	0	0
218.20	0	4	0	0	0	0	0	0	0	0	0
218.30	0	4	0	0	0	0	0	0	0	0	0
218.40	0	4	0	0	0	0	0	0	0	0	0
218.50	0	4	0	0	0	0	0	0	0	0	0
218.60	0	4	0	0	0	0	0	0	0	0	0
218.70	0	4	0	0	0	0	0	0	0	0	0
218.80	0	4	0	0	0	0	0	0	0	0	0
218.90	0	4	0	0	0	0	0	0	0	0	0
219.00	0	4	0	0	0	0	0	0	0	0	0
219.10	0	4	0	0	0	0	0	0	0	0	0
219.20	0	4	0	0	0	0	0	0	0	0	0
219.30	0	4	0	0	0	0	0	0	0	0	0
219.40	0	4	0	0	0	0	0	0	0	0	0
219.50	0	4	0	0	0	0	0	0	0	0	0
219.60	0	4	0	0	0	0	0	0	0	0	0
219.70	0	4	0	0	0	0	0	0	0	0	0
219.80	0	4	0	0	0	0	0	0	0	0	0
219.90	0	4	0	0	0	0	0	0	0	0	0
220.00	0	4	0	0	0	0	0	0	0	0	0
220.10	0	4	0	0	0	0	0	0	0	0	0
220.20	0	4	0	0	0	0	0	0	0	0	0
220.30	0	4	0	0	0	0	0	0	0	0	0
220.40	0	4	0	0	0	0	0	0	0	0	0
220.50	0	4	0	0	0	0	0	0	0	0	0
220.60	0	4	0	0	0	0	0	0	0	0	0
220.70	0	4	0	0	0	0	0	0	0	0	0
220.80	0	4	0	0	0	0	0	0	0	0	0
220.90	0	4	0	0	0	0	0	0	0	0	0
221.00	0	4	0	0	0	0	0	0	0	0	0
221.10	0	4	0	0	0	0	0	0	0	0	0
221.20	0	4	0	0	0	0	0	0	0	0	0
221.30	0	4	0	0	0	0	0	0	0	0	0
221.40	0	4	0	0	0	0	0	0	0	0	0
221.50	0	4	0	0	0	0	0	0	0	0	0
221.60	0	4	0	0	0	0	0	0	0	0	0
221.70	0	4	0	0	0	0	0	0	0	0	0
221.80	0	4	0	0	0	0	0	0	0	0	0
221.90	0	4	0	0	0	0	0	0	0	0	0
222.00	0	4	0	0	0	0	0	0	0	0	0
222.10	0	4	0	0	0	0	0	0	0	0	0
222.20	0	4	0	0	0	0	0	0	0	0	0
222.30	0	4	0	0	0	0	0	0	0	0	0
222.40	0	4	0	0	0	0	0	0	0	0	0
222.50	0	4	0	0	0	0	0	0	0	0	0
222.60	0	4	0	0	0	0	0	0	0	0	0
222.70	0	4	0	0	0	0	0	0	0	0	0
222.80	0	4	0	0	0	0	0	0	0	0	0
222.90	0	4	0	0	0	0	0	0	0	0	0
223.00	0	4	0	0	0	0	0	0	0	0	0
223.10	0	4	0	0	0	0	0	0	0	0	0
223.20	0	4	0	0	0	0	0	0	0	0	0
223.30	0	4	0	0	0	0	0	0	0	0	0
223.40	0	4	0	0	0	0	0	0	0	0	0
223.50	0	4	0	0	0	0	0	0	0	0	0
223.60	0	4	0	0	0	0	0	0	0	0	0
223.70	0	4	0	0	0	0	0	0	0	0	0
223.80	0	4	0	0	0	0	0	0	0	0	0
223.90	0	4	0	0	0	0	0	0	0	0	0
224.00	0	4	0	0	0	0	0	0	0	0	0
224.10	0	4	0	0	0	0	0	0	0	0	0
224.20	0	4	0	0	0	0	0	0	0	0	0
224.30	0	4	0	0	0	0	0	0	0	0	0
224.40	0	4	0	0	0	0	0	0	0	0	0
224.50	0	4	0	0	0	0	0	0	0	0	0
224.60	0	4	0	0	0	0	0	0	0	0	0
224.70	0	4	0	0	0	0	0	0	0	0	0
224.80	0	4	0	0	0	0	0	0	0	0	0
224.90	0	4	0	0	0	0	0	0	0	0	0
225.00	0	4	0	0	0	0	0	0	0	0	0
225.10	0	4	0	0	0	0	0	0	0	0	0
225.20	0	4	0	0	0	0	0	0	0	0	0
225.30	0	4	0	0	0	0	0	0	0	0	0
225.40	0	4	0	0	0	0	0	0	0	0	0
225.50	0	4	0	0	0	0	0	0	0	0	0
225.60	0	4	0	0	0	0	0	0	0	0	0
225.70	0	4	0	0	0	0	0	0	0	0	0
225.80	0	4	0	0	0	0	0	0	0	0	0
225.90	0	4	0	0	0	0	0	0	0	0	0
226.00	0	4	0	0	0	0	0	0	0	0	0
226.10	0	4	0	0	0	0	0	0	0	0	0
226.20	0	4	0	0	0	0	0	0	0	0	0
226.30	0	4	0	0	0	0	0	0	0	0	0
226.40	0	4	0	0	0	0	0	0	0	0	0
226.50	0	4	0	0	0	0	0	0	0	0	0
226.60	0	4	0	0	0	0	0	0	0	0	0
226.70	0	4	0	0	0	0	0	0	0	0	0
226.80	0	4	0	0	0	0	0	0	0	0	0
226.90	0	4	0	0	0	0	0	0	0	0	0
227.00	0	4	0	0	0	0	0	0	0	0	0
227.10	0	4	0	0	0	0	0	0	0	0	0
227.20	0	4	0	0	0	0	0	0	0	0	0
227.30	0	4	0	0	0	0	0	0	0	0	0
227.40	0	4	0	0	0	0	0	0	0	0	0
227.50	0	4	0	0	0	0	0	0	0	0	0
227.60	0	4	0	0	0	0	0	0	0	0	0
227.70	0	4	0	0	0	0	0	0	0	0	0
227.80	0	4	0	0	0	0	0	0	0	0	0
227.90	0	4	0	0	0	0	0	0	0	0	0
228.00	0	4	0	0	0	0	0	0	0	0	0
228.10	0	4	0	0	0	0	0	0	0	0	0
228.20	0	4	0	0	0	0	0	0	0	0	0
228.30	0	4	0	0	0	0	0	0	0	0	0
228.40	0	4	0	0	0	0	0	0	0	0	0
228.50	0	4	0	0	0	0	0	0	0	0	0
228.60	0	4	0	0	0	0	0	0	0	0	0
228.70	0	4	0	0	0	0	0	0	0	0	0
228.80	0	4	0	0	0	0	0	0	0	0	0
228.90	0	4	0	0	0	0	0	0	0	0	0
229.00	0	4	0	0	0	0	0	0	0	0	0
229.10	0	4	0	0	0	0	0	0	0	0	0
229.20	0	4	0	0	0	0	0	0	0	0	0
229.30	0	4	0	0	0	0	0	0	0	0	0
229.40	0	4	0	0	0	0	0	0	0	0	0
229.50	0	4	0	0	0	0	0	0	0	0	0
229.60	0	4	0	0	0	0	0	0	0	0	0
229.70	0	4	0	0	0	0	0	0	0	0	0
229.80	0	4	0	0	0	0	0	0	0	0	0
229.90	0	4	0	0	0	0	0	0	0	0	0
230.00	0	4	0	0	0	0	0	0	0	0	0
230.10	0	4	0	0	0	0	0	0	0	0	0
230.20	0	4	0	0	0	0	0	0	0	0	0
230.30	0	4	0	0	0	0	0	0	0	0	0
230.40	0	4	0	0	0	0	0	0	0	0	0
230.50	0	4	0	0	0	0	0	0	0	0	0
230.60	0	4	0	0	0	0	0	0	0	0	0
230.70	0	4	0	0	0	0	0	0	0	0	0
230.80	0	4	0	0	0	0	0	0	0	0	0
230.90	0	4	0	0	0	0	0	0	0	0	0
231.00	0	4	0	0	0	0	0	0	0	0	0
231.10	0	4	0	0	0	0	0	0	0	0	0
231.20	0	4	0	0	0	0	0	0	0	0	0
231.30	0	4	0	0	0	0	0	0	0	0	0
231.40	0	4	0	0	0	0	0	0	0	0	0
231.50	0	4	0	0	0	0	0	0	0	0	0
231.60	0	4	0	0	0	0	0	0	0	0	0
231.70	0	4	0	0	0	0	0	0	0	0	0
231.80	0	4	0	0	0	0	0	0	0	0	0
231.90	0	4	0	0	0	0	0	0	0	0	0
232.00	0	4	0	0	0	0	0	0	0	0	0
232.10	0	4	0	0	0	0	0	0	0	0	0
232.20	0	4	0	0	0	0	0	0	0	0	0
232.30	0	4	0	0	0	0	0	0	0	0	0
232.40	0	4	0	0	0	0	0	0	0	0	0
232.50	0	4	0	0	0	0	0	0	0	0	0
232.60	0	4	0	0	0	0	0	0	0	0	0
232.70	0	4	0	0	0	0	0	0	0	0	0
232.80	0	4	0	0	0	0	0	0	0	0	0
232.90	0	4	0	0	0	0	0	0	0	0	0
233.00	0	4	0	0	0	0	0	0	0	0	0
233.10	0	4	0	0	0	0	0	0	0	0	0
233.20	0	4	0	0	0	0	0	0	0	0	0
233.30	0	4	0	0	0	0	0	0	0	0	0
233.40	0	4	0	0	0	0	0	0	0	0	0
233.50	0	4	0	0	0	0	0	0	0	0	0
233.60	0	4	0	0	0	0	0	0	0	0	0
233.70	0	4	0	0	0	0	0	0	0	0	0
233.80	0	4	0	0	0	0	0	0	0	0	0
233.90	0	4	0	0	0	0	0	0	0	0	0
234.00	0	4	0	0	0	0	0	0	0	0	0
234.10	0	4	0	0	0	0	0	0	0	0	0
234.20	0	4	0	0	0	0	0	0	0	0	0
234.30	0	4	0	0	0	0	0	0	0	0	0
234.40	0	4	0	0	0	0	0	0	0	0	0
234.50	0	4	0	0	0	0	0	0	0	0	0
234.60	0	4	0	0	0	0	0	0	0	0	0
234.70	0	4	0	0	0	0	0	0	0	0	0
234.80	0	4	0	0	0	0	0	0	0	0	0
234.90	0	4	0	0	0	0	0	0	0	0	0
235.00	0	4	0	0	0	0	0	0	0	0	0
235.10	0	4	0	0	0	0	0	0	0	0	0
235.20	0	4	0	0	0	0	0	0	0	0	0
235.30	0	4	0	0	0	0	0	0	0	0	0
235.40	0	4	0	0	0	0	0	0	0	0	0
235.50	0	4	0	0	0	0	0	0	0	0	0
235.60	0	4	0	0	0	0	0	0	0	0	0
235.70	0	4	0	0	0	0	0	0	0	0	0
235.80	0	4	0	0	0	0	0	0	0	0	0
235.90	0	4	0	0	0	0	0	0	0	0	0
236.00	0	4	0	0	0	0	0	0	0	0	0
236.10	0	4	0	0	0	0	0	0	0	0	0
236.20	0	4	0	0	0	0	0	0	0	0	0
236.30	0	4	0	0	0	0	0	0	0	0	0
236.40	0	4	0	0	0	0	0	0	0	0	0
236.50	0	4	0	0	0	0	0	0	0	0	0
236.60	0	4	0	0	0	0	0	0	0	0	0
236.70	0	4	0	0	0	0	0	0	0	0	0
236.80	0	4	0	0	0	0	0	0	0	0	0
236.90	0	4	0	0	0	0	0	0	0	0	0
237.00	0	4	0	0	0	0	0	0	0	0	0
237.10	0	4	0	0	0	0	0	0	0	0	0
237.20	0	4	0	0	0	0	0	0	0	0	0
237.30	0	4	0	0	0	0	0	0	0	0	0
237.40	0	4	0	0	0	0	0	0	0	0	0
237.50	0	4	0	0	0	0	0	0	0	0	0
237.60	0	4	0	0	0	0	0	0	0	0	0
237.70	0	4	0	0	0	0	0	0	0	0	0
237.80	0	4	0	0	0	0	0	0	0	0	0
237.90	0	4	0	0	0	0	0	0	0	0	0
238.00	0	4	0	0	0	0	0	0	0	0	0
238.10	0	4	0	0	0	0	0	0	0	0	0
238.20	0	4	0	0	0	0	0	0	0	0	0
238.30	0	4	0	0	0	0	0	0	0	0	0
238.40	0	4	0	0	0	0	0	0	0	0	0
238.50	0	4	0	0	0	0	0	0	0	0	0
238.60	0	4	0	0	0	0	0	0	0	0	0
238.70	0	4	0	0	0	0	0	0	0	0	0
238.80	0	4	0	0	0	0	0	0	0	0	0
238.90	0	4	0	0	0	0	0	0	0	0	0
239.00	0	4	0	0	0	0	0	0	0	0	0
239.10	0	4	0	0	0	0	0	0	0	0	0
239.20	0	4	0	0	0	0	0	0	0	0	0
239.30	0	4	0	0	0	0	0	0	0	0	0
239.40	0	4	0	0	0	0	0	0	0	0	0
239.50	0	4	0	0	0	0	0	0	0	0	0
239.60	0	4	0	0	0	0	0	0	0	0	0
239.70	0	4	0	0	0	0	0	0	0	0	0
239.80	0	4	0	0	0	0	0	0	0	0	0
239.90	0	4	0	0	0	0	0	0	0	0	0
240.00	0	4	0	0	0	0	0	0	0	0	0
240.10	0	4	0	0	0	0	0	0	0	0	0
240.20	0	4	0	0	0	0	0	0	0	0	0
240.30	0	4	0	0	0	0	0	0	0	0	0
240.40	0	4	0	0	0	0	0	0	0	0	0
240.50	0	4	0	0	0	0	0	0	0	0	0
240.60	0	4	0	0	0	0	0	0	0	0	0
240.70	0	4	0	0	0	0	0	0	0	0	0
240.80	0	4	0	0	0	0	0	0	0	0	0
240.90	0	4	0	0	0	0	0	0	0	0	0
241.00	0	4	0	0	0	0	0	0	0	0	0
241.10	0	4	0	0	0	0	0	0	0	0	0
241.20	0	4	0	0	0	0	0	0	0	0	0
241.30	0	4	0	0	0	0	0	0	0	0	0
241.40	0	4	0	0	0	0	0	0	0	0	0
241.50	0	4	0	0	0	0	0	0	0	0	0
241.60	0	4	0	0	0	0	0	0	0	0	0
241.70	0	4	0	0	0	0	0	0	0	0	0
241.80	0	4	0	0	0	0	0	0	0	0	0
241.90	0	4	0	0	0	0	0	0	0	0	0
242.00	0	4	0	0	0	0	0	0	0	0	0
242.10	0	4	0	0	0	0	0	0	0	0	0
242.20	0	4	0	0	0	0	0	0	0	0	0
242.30	0	4	0	0	0	0	0	0	0	0	0
242.40	0	4	0	0	0	0	0	0	0	0	0
242.50	0	4	0	0	0	0	0	0	0	0	0
242.60	0	4	0	0	0	0	0	0	0	0	0
242.70	0	4	0	0	0	0	0	0	0	0	0
242.80	0	4	0	0	0	0	0	0	0	0	0
242.90	0	4	0	0	0	0	0	0	0	0	0
243.00	0	4	0	0	0	0	0	0	0	0	0
243.10	0	4	0	0	0	0	0	0	0	0	0
243.20	0	4	0	0	0	0	0	0	0	0	0
243.30	0	4	0	0	0	0	0	0	0	0	0
243.40	0	4	0	0	0	0	0	0	0	0	0
243.50	0	4	0	0	0	0	0	0	0	0	0
243.60	0	4	0	0	0	0	0	0	0	0	0
243.70	0	4	0	0	0	0	0	0	0	0	0
243.80	0	4	0	0	0	0	0	0	0	0	0
243.90	0	4	0	0	0	0	0	0	0	0	0
244.00	0	4	0	0	0	0	0	0	0	0	0
244.10	0	4	0	0	0	0	0	0	0	0	0
244.20	0	4	0	0	0	0	0	0	0	0	0
244.30	0	4	0	0	0	0	0	0	0	0	0
244.40	0	4	0	0	0	0	0	0	0	0	0
244.50	0	4	0	0	0	0	0	0	0	0	0
244.60	0	4	0	0	0	0	0	0	0	0	0
244.70	0	4	0	0	0	0	0	0	0	0	0
244.80	0	4	0	0	0	0	0	0	0	0	0
244.90	0	4	0	0	0	0	0	0	0	0	0
245.00	0	4	0	0	0	0	0	0	0	0	0
245.10	0	4	0	0	0	0	0	0	0	0	0
245.20	0	4	0	0	0	0	0	0	0	0	0
245.30	0	4	0	0	0	0	0	0	0	0	0
245.40	0	4	0	0	0	0	0	0	0	0	0
245.50	0	4	0	0	0	0	0	0	0	0	0
245.60	0	4	0	0	0	0	0	0	0	0	0
245.70	0	4	0	0	0	0	0	0	0	0	0
245.80	0	4	0	0	0	0	0	0	0	0	0
245.90	0	4	0	0	0	0	0	0	0	0	0
246.00	0	4	0	0	0	0	0	0	0	0	0
246.10	0	4	0	0	0	0	0	0	0	0	0
246.20	0	4	0	0	0	0	0	0	0	0	0
246.30	0	4	0	0	0	0	0	0	0	0	0
246.40	0	4	0	0	0	0	0	0	0	0	0
246.50	0	4	0	0	0	0	0	0	0	0	0
246.60	0	4	0	0	0	0	0	0	0	0	0
246.70	0	4	0	0	0	0	0	0	0	0	0
246.80	0	4	0	0	0	0	0	0	0	0	0
246.90	0	4	0	0	0	0	0	0	0	0	0
247.00	0	4	0	0	0	0	0	0	0	0	0
247.10	0	4	0	0	0	0	0	0	0	0	0
247.20	0	4	0	0	0	0	0	0	0	0	0
247.30	0	4	0	0	0	0	0	0	0	0	0
247.40	0	4	0	0	0	0	0	0	0	0	0
247.50	0	4	0	0	0	0	0	0	0	0	0
247.60	0	4	0	0	0	0	0	0	0	0	0
247.70	0	4	0	0	0	0	0	0	0	0	0
247.80	0	4	0	0	0	0	0	0	0	0	0
247.90	0	4	0	0	0	0	0	0	0	0	0
248.00	0	4	0	0	0	0	0	0	0	0	0
248.10	0	4	0	0	0	0	0	0	0	0	0
248.20	0	4	0	0	0	0	0	0	0	0	0
248.30	0	4	0	0	0	0	0	0	0	0	0
248.40	0	4	0	0	0	0	0	0	0	0	0
248.50	0	4	0	0	0	0	0	0	0	0	0
248.60	0	4	0	0	0	0	0	0	0	0	0
248.70	0	4	0	0	0	0	0	0	0	0	0
248.80	0	4	0	0	0	0	0	0	0	0	0
248.90	0	4	0	0	0	0	0	0	0	0	0
249.00	0	4	0	0	0	0	0	0	0	0	0
249.10	0	4	0	0	0	0	0	0	0	0	0
249.20	0	4	0	0	0	0	0	0	0	0	0
249.30	0	4	0	0	0	0	0	0	0	0	0
249.40	0	4	0	0	0	0	0	0	0	0	0
249.50	0	4	0	0	0	0	0	0	0	0	0
249.60	0	4	0	0	0	0	0	0	0	0	0
249.70	0	4	0	0	0	0	0	0	0	0	0
249.80	0	4	0	0	0	0	0	0	0	0	0
249.90	0	4	0	0	0	0	0	0	0	0	0
250.00	0	4	0	0	0	0	0	0	0	0	0
250.10	0	4	0	0	0	0	0	0	0	0	0
250.20	0	4	0	0	0	0	0	0	0	0	0
250.30	0	4	0	0	0	0	0	0	0	0	0
250.40	0	4	0	0	0	0	0	0	0	0	0
250.50	0	4	0	0	0	0	0	0	0	0	0
250.60	0	4	0	0	0	0	0	0	0	0	0
250.70	0	4	0	0	0	0	0	0	0	0	0
250.80	0	4	0	0	0	0	0	0	0	0	0
250.90	0	4	0	0	0	0	0	0	0	0	0
251.00	0	4	0	0	0	0	0	0	0	0	0
251.10	0	4	0	0	0	0	0	0	0	0	0
251.20	0	4	0	0	0	0	0	0	0	0	0
251.30	0	4	0	0	0	0	0	0	0	0	0
251.40	0	4	0	0	0	0	0	0	0	0	0
251.50	0	4	0	0	0	0	0	0	0	0	0
251.60	0	4	0	0	0	0	0	0	0	0	0
251.70	0	4	0	0	0	0	0	0	0	0	0
251.80	0	4	0	0	0	0	0	0	0	0	0
251.90	0	4	0	0	0	0	0	0	0	0	0
252.00	0	4	0	0	0	0	0	0	0	0	0
252.10	0	4	0	0	0	0	0	0	0	0	0
252.20	0	4	0	0	0	0	0	0	0	0	0
252.30	0	4	0	0	0	0	0	0	0	0	0
252.40	0	4	0	0	0	0	0	0	0	0	0
252.50	0	4	0	0	0	0	0	0	0	0	0
252.60	0	4	0	0	0	0	0	0	0	0	0
252.70	0	4	0	0	0	0	0	0	0	0	0
252.80	0	4	0	0	0	0	0	0	0	0	0
252.90	0	4	0	0	0	0	0	0	0	0	0
253.00	0	4	0	0	0	0	0	0	0	0	0
253.10	0	4	0	0	0	0	0	0	0	0	0
253.20	0	4	0	0	0	0	0	0	0	0	0
253.30	0	4	0	0	0	0	0	0	0	0	0
253.40	0	4	0	0	0	0	0	0	0	0	0
253.50	0	4	0	0	0	0	0	0	0	0	0
253.60	0	4	0	0	0	0	0	0	0	0	0
253.70	0	4	0	0	0	0	0	0	0	0	0
253.80	0	4	0	0	0	0	0	0	0	0	0
253.90	0	4	0	0	0	0	0	0	0	0	0
254.00	0	4	0	0	0	0	0	0	0	0	0
254.10	0	4	0	0	0	0	0	0	0	0	0
254.20	0	4	0	0	0	0	0	0	0	0	0
254.30	0	4	0	0	0	0	0	0	0	0	0
254.40	0	4	0	0	0	0	0	0	0	0	0
254.50	0	4	0	0	0	0	0	0	0	0	0
254.60	0	4	0	0	0	0	0	0	0	0	0
254.70	0	4	0	0	0	0	0	0	0	0	0
254.80	0	4	0	0	0	0	0	0	0	0	0
254.90	0	4	0	0	0	0	0	0	0	0	0
255.00	0	4	0	0	0	0	0	0	0	0	0
255.10	0	4	0	0	0	0	0	0	0	0	0
255.20	0	4	0	0	0	0	0	0	0	0	0
255.30	0	4	0	0	0	0	0	0	0	0	0
255.40	0	4	0	0	0	0	0	0	0	0	0
255.50	0	4	0	0	0	0	0	0	0	0	0
255.60	0	4	0	0	0	0	0	0	0	0	0
255.70	0	4	0	0	0	0	0	0	0	0	0
255.80	0	4	0	0	0	0	0	0	0	0	0
255.90	0	4	0	0	0	0	0	0	0	0	0
256.00	0	4	0	0	0	0	0	0	0	0	0
256.10	0	4	0	0	0	0	0	0	0	0	0
256.20	0	4	0	0	0	0	0	0	0	0	0
256.30	0	4	0	0	0	0	0	0	0	0	0
256.40	0	4	0	0	0	0	0	0	0	0	0
256.50	0	4	0	0	0	0	0	0	0	0	0
256.60	0	4	0	0	0	0	0	0	0	0	0
256.70	0	4	0	0	0	0	0	0	0	0	0
256.80	0	4	0	0	0	0	0	0	0	0	0
256.90	0	4	0	0	0	0	0	0	0	0	0
257.00	0	4	0	0	0	0	0	0	0	0	0
257.10	0	4	0	0	0	0	0	0	0	0	0
257.20	0	4	0	0	0	0	0	0	0	0	0
257.30	0	4	0	0	0	0	0	0	0	0	0
257.40	0	4	0	0	0	0	0	0	0	0	0
257.50	0	4	0	0	0	0	0	0	0	0	0
257.60	0	4	0	0	0	0	0	0	0	0	0
257.70	0	4	0	0	0	0	0	0	0	0	0
257.80	0	4	0	0	0	0	0	0	0	0	0
257.90	0	4	0	0	0	0	0	0	0	0	0
258.00	0	4	0	0	0	0	0	0	0	0	0
258.10	0	4	0	0	0	0	0	0	0	0	0
258.20	0	4	0	0	0	0	0	0	0	0	0
258.30	0	4	0	0	0	0	0	0	0	0	0
258.40	0	4	0	0	0	0	0	0	0	0	0
258.50	0	4	0	0	0	0	0	0	0	0	0
258.60	0	4	0	0	0	0	0	0	0	0	0
258.70	0	4	0	0	0	0	0	0	0	0	0
258.80	0	4	0	0	0	0	0	0	0	0	0
258.90	0	4	0	0	0	0	0	0	0	0	0
259.00	0	4	0	0	0	0	0	0	0	0	0
259.10	0	4	0	0	0	0	0	0	0	0	0
259.20	0	4	0	0	0	0	0	0	0	0	0
259.30	0	4	0	0	0	0	0	0	0	0	0
259.40	0	4	0	0	0	0	0	0	0	0	0
259.50	0	4	0	0	0	0	0	0	0	0	0
259.60	0	4	0	0	0	0	0	0	0	0	0
259.70	0	4	0	0	0	0	0	0	0	0	0
259.80	0	4	0	0	0	0	0	0	0	0	0
259.90	0	4	0	0	0	0	0	0	0	0	0
260.00	0	4	0	0	0	0	0	0	0	0	0
260.10	0	4	0	0	0	0	0	0	0	0	0
260.20	0	4	0	0	0	0	0	0	0	0	0
260.30	0	4	0	0	0	0	0	0	0	0	0
260.40	0	4	0	0	0	0	0	0	0	0	0
260.50	0	4	0	0	0	0	0	0	0	0	0
260.60	0	4	0	0	0	0	0	0	0	0	0
260.70	0	4	0	0	0	0	0	0	0	0	0
260.80	0	4	0	0	0	0	0	0	0	0	0
260.90	0	4	0	0	0	0	0	0	0	0	0
261.00	0	4	0	0	0	0	0	0	0	0	0
261.10	0	4	0	0	0	0	0	0	0	0	0
261.20	0	4	0	0	0	0	0	0	0	0	0
261.30	0	4	0	0	0	0	0	0	0	0	0
261.40	0	4	0	0	0	0	0	0	0	0	0
261.50	0	4	0	0	0	0	0	0	0	0	0
261.60	0	4	0	0	0	0	0	0	0	0	0
261.70	0	4	0	0	0	0	0	0	0	0	0
261.80	0	4	0	0	0	0	0	0	0	0	0
261.90	0	4	0	0	0	0	0	0	0	0	0
262.00	0	4	0	0	0	0	0	0	0	0	0
262.10	0	4	0	0	0	0	0	0	0	0	0
262.20	0	4	0	0	0	0	0	0	0	0	0
262.30	0	4	0	0	0	0	0	0	0	0	0
262.40	0	4	0	0	0	0	0	0	0	0	0
262.50	0	4	0	0	0	0	0	0	0	0	0
262.60	0	4	0	0	0	0	0	0	0	0	0
262.70	0	4	0	0	0	0	0	0	0	0	0
262.80	0	4	0	0	0	0	0	0	0	0	0
262.90	0	4	0	0	0	0	0	0	0	0	0
263.00	0	4	0	0	0	0	0	0	0	0	0
263.10	0	4	0	0	0	0	0	0	0	0	0
263.20	0	4	0	0	0	0	0	0	0	0	0
263.30	0	4	0	0	0	0	0	0	0	0	0
263.40	0	4	0	0	0	0	0	0	0	0	0
263.50	0	4	0	0	0	0	0	0	0	0	0
263.60	0	4	0	0	0	0	0	0	0	0	0
263.70	0	4	0	0	0	0	0	0	0	0	0
263.80	0	4	0	0	0	0	0	0	0	0	0
263.90	0	4	0	0	0	0	0	0	0	0	0
264.00	0	4	0	0	0	0	0	0	0	0	0
264.10	0	4	0	0	0	0	0	0	0	0	0
264.20	0	4	0	0	0	0	0	0	0	0	0
264.30	0	4	0	0	0	0	0	0	0	0	0
264.40	0	4	0	0	0	0	0	0	0	0	0
264.50	0	4	0	0	0	0	0	0	0	0	0
264.60	0	4	0	0	0	0	0	0	0	0	0
264.70	0	4	0	0	0	0	0	0	0	0	0
264.80	0	4	0	0	0	0	0	0	0	0	0
264.90	0	4	0	0	0	0	0	0	0	0	0
265.00	0	4	0	0	0	0	0	0	0	0	0
265.10	0	4	0	0	0	0	0	0	0	0	0
265.20	0	4	0	0	0	0	0	0	0	0	0
265.30	0	4	0	0	0	0	0	0	0	0	0
265.40	0	4	0	0	0	0	0	0	0	0	0
265.50	0	4	0	0	0	0	0	0	0	0	0
265.60	0	4	0	0	0	0	0	0	0	0	0
265.70	0	4	0	0	0	0	0	0	0	0	0
265.80	0	4	0	0	0	0	0	0	0	0	0
265.90	0	4	0	0	0	0	0	0	0	0	0
266.00	0	4	0	0	0	0	0	0	0	0	0
266.10	0	4	0	0	0	0	0	0	0	0	0
266.20	0	4	0	0	0	0	0	0	0	0	0
266.30	0	4	0	0	0	0	0	0	0	0	0
266.40	0	4	0	0	0	0	0	0	0	0	0
266.50	0	4	0	0	0	0	0	0	0	0	0
266.60	0	4	0	0	0	0	0	0	0	0	0
266.70	0	4	0	0	0	0	0	0	0	0	0
266.80	0	4	0	0	0	0	0	0	0	0	0
266.90	0	4	0	0	0	0	0	0	0	0	0
267.00	0	4	0	0	0	0	0	0	0	0	0
267.10	0	4	0	0	0	0	0	0	0	0	0
267.20	0	4	0	0	0	0	0	0	0	0	0
267.30	0	4	0	0	0	0	0	0	0	0	0
267.40	0	4	0	0	0	0	0	0	0	0	0
267.50	0	4	0	0	0	0	0	0	0	0	0
267.60	0	4	0	0	0	0	0	0	0	0	0
267.70	0	4	0	0	0	0	0	0	0	0	0
267.80	0	4	0	0	0	0	0	0	0	0	0
267.90	0	4	0	0	0	0	0	0	0	0	0
268.00	0	4	0	0	0	0	0	0	0	0	0
268.10	0	4	0	0	0	0	0	0	0	0	0
268.20	0	4	0	0	0	0	0	0	0	0	0
268.30	0	4	0	0	0	0	0	0	0	0	0
268.40	0	4	0	0	0	0	0	0	0	0	0
268.50	0	4	0	0	0	0	0	0	0	0	0
268.60	0	4	0	0	0	0	0	0	0	0	0
268.70	0	4	0	0	0	0	0	0	0	0	0
268.80	0	4	0	0	0	0	0	0	0	0	0
268.90	0	4	0	0	0	0	0	0	0	0	0
269.00	0	4	0	0	0	0	0	0	0	0	0
269.10	0	4	0	0	0	0	0	0	0	0	0
269.20	0	4	0	0	0	0	0	0	0	0	0
269.30	0	4	0	0	0	0	0	0	0	0	0
269.40	0	4	0	0	0	0	0	0	0	0	0
269.50	0	4	0	0	0	0	0	0	0	0	0
269.60	0	4	0	0	0	0	0	0	0	0	0
269.70	0	4	0	0	0	0	0	0	0	0	0
269.80	0	4	0	0	0	0	0	0	0	0	0
269.90	0	4	0	0	0	0	0	0	0	0	0
270.00	0	4	0	0	0	0	0	0	0	0	0
270.10	0	4	0	0	0	0	0	0	0	0	0
270.20	0	4	0	0	0	0	0	0	0	0	0
270.30	0	4	0	0	0	0	0	0	0	0	0
270.40	0	4	0	0	0	0	0	0	0	0	0
270.50	0	4	0	0	0	0	0	0	0	0	0
270.60	0	4	0	0	0	0	0	0	0	0	0
270.70	0	4	0	0	0	0	0	0	0	0	0
270.80	0	4	0	0	0	0	0	0	0	0	0
270.90	0	4	0	0	0	0	0	0	0	0	0
271.00	0	4	0	0	0	0	0	0	0	0	0
271.10	0	4	0	0	0	0	0	0	0	0	0
271.20	0	4	0	0	0	0	0	0	0	0	0
271.30	0	4	0	0	0	0	0	0	0	0	0
271.40	0	4	0	0	0	0	0	0	0	0	0
271.50	0	4	0	0	0	0	0	0	0	0	0
271.60	0	4	0	0	0	0	0	0	0	0	0
271.70	0	4	0	0	0	0	0	0	0	0	0
271.80	0	4	0	0	0	0	0	0	0	0	0
271.90	0	4	0	0	0	0	0	0	0	0	0
272.00	0	4	0	0	0	0	0	0	0	0	0
272.10	0	4	0	0	0	0	0	0	0	0	0
272.20	0	4	0	0	0	0	0	0	0	0	0
272.30	0	4	0	0	0	0	0	0	0	0	0
272.40	0	4	0	0	0	0	0	0	0	0	0
272.50	0	4	0	0	0	0	0	0	0	0	0
272.60	0	4	0	0	0	0	0	0	0	0	0
272.70	0	4	0	0	0	0	0	0	0	0	0
272.80	0	4	0	0	0	0	0	0	0	0	0
272.90	0	4	0	0	0	0	0	0	0	0	0
273.00	0	4	0	0	0	0	0	0	0	0	0
273.10	0	4	0	0	0	0	0	0	0	0	0
273.20	0	4	0	0	0	0	0	0	0	0	0
273.30	0	4	0	0	0	0	0	0	0	0	0
273.40	0	4	0	0	0	0	0	0	0	0	0
273.50	0	4	0	0	0	0	0	0	0	0	0
273.60	0	4	0	0	0	0	0	0	0	0	0
273.70	0	4	0	0	0	0	0	0	0	0	0
273.80	0	4	0	0	0	0	0	0	0	0	0
273.90	0	4	0	0	0	0	0	0	0	0	0
274.00	0	4	0	0	0	0	0	0	0	0	0
274.10	0	4	0	0	0	0	0	0	0	0	0
274.20	0	4	0	0	0	0	0	0	0	0	0
274.30	0	4	0	0	0	0	0	0	0	0	0
274.40	0	4	0	0	0	0	0	0	0	0	0
274.50	0	4	0	0	0	0	0	0	0	0	0
274.60	0	4	0	0	0	0	0	0	0	0	0
274.70	0	4	0	0	0	0	0	0	0	0	0
274.80	0	4	0	0	0	0	0	0	0	0	0
274.90	0	4	0	0	0	0	0	0	0	0	0
275.00	0	4	0	0	0	0	0	0	0	0	0
275.10	0	4	0	0	0	0	0	0	0	0	0
275.20	0	4	0	0	0	0	0	0	0	0	0
275.30	0	4	0	0	0	0	0	0	0	0	0
275.40	0	4	0	0	0	0	0	0	0	0	0
275.50	0	4	0	0	0	0	0	0	0	0	0
275.60	0	4	0	0	0	0	0	0	0	0	0
275.70	0	4	0	0	0	0	0	0	0	0	0
275.80	0	4	0	0	0	0	0	0	0	0	0
275.90	0	4	0	0	0	0	0	0	0	0	0
276.00	0	4	0	0	0	0	0	0	0	0	0
276.10	0	4	0	0	0	0	0	0	0	0	0
276.20	0	4	0	0	0	0	0	0	0	0	0
276.30	0	4	0	0	0	0	0	0	0	0	0
276.40	0	4	0	0	0	0	0	0	0	0	0
276.50	0	4	0	0	0	0	0	0	0	0	0
276.60	0	4	0	0	0	0	0	0	0	0	0
276.70	0	4	0	0	0	0	0	0	0	0	0
276.80	0	4	0	0	0	0	0	0	0	0	0
276.90	0	4	0	0	0	0	0	0	0	0	0
277.00	0	4	0	0	0	0	0	0	0	0	0
277.10	0	4	0	0	0	0	0	0	0	0	0
277.20	0	4	0	0	0	0	0	0	0	0	0
277.30	0	4	0	0	0	0	0	0	0	0	0
277.40	0	4	0	0	0	0	0	0	0	0	0
277.50	0	4	0	0	0	0	0	0	0	0	0
277.60	0	4	0	0	0	0	0	0	0	0	0
277.70	0	4	0	0	0	0	0	0	0	0	0
277.80	0	4	0	0	0	0	0	0	0	0	0
277.90	0	4	0	0	0	0	0	0	0	0	0
278.00	0	4	0	0	0	0	0	0	0	0	0
278.10	0	4	0	0	0	0	0	0	0	0	0
278.20	0	4	0	0	0	0	0	0	0	0	0
278.30	0	4	0	0	0	0	0	0	0	0	0
278.40	0	4	0	0	0	0	0	0	0	0	0
278.50	0	4	0	0	0	0	0	0	0	0	0
278.60	0	4	0	0	0	0	0	0	0	0	0
278.70	0	4	0	0	0	0	0	0	0	0	0
278.80	0	4	0	0	0	0	0	0	0	0	0
278.90	0	4	0	0	0	0	0	0	0	0	0
279.00	0	4	0	0	0	0	0	0	0	0	0
279.10	0	4	0	0	0	0	0	0	0	0	0
279.20	0	4	0	0	0	0	0	0	0	0	0
279.30	0	4	0	0	0	0	0	0	0	0	0
279.40	0	4	0	0	0	0	0	0	0	0	0
279.50	0	4	0	0	0	0	0	0	0	0	0
279.60	0	4	0	0	0	0	0	0	0	0	0
279.70	0	4	0	0	0	0	0	0	0	0	0
279.80	0	4	0	0	0	0	0	0	0	0	0
279.90	0	4	0	0	0	0	0	0	0	0	0
280.00	0	4	0	0	0	0	0	0	0	0	0
280.10	0	4	0	0	0	0	0	0	0	0	0
280.20	0	4	0	0	0	0	0	0	0	0	0
280.30	0	4	0	0	0	0	0	0	0	0	0
280.40	0	4	0	0	0	0	0	0	0	0	0
280.50	0	4	0	0	0	0	0	0	0	0	0
280.60	0	4	0	0	0	0	0	0	0	0	0
280.70	0	4	0	0	0	0	0	0	0	0	0
280.80	0	4	0	0	0	0	0	0	0	0	0
280.90	0	4	0	0	0	0	0	0	0	0	0
281.00	0	4	0	0	0	0	0	0	0	0	0
281.10	0	4	0	0	0	0	0	0	0	0	0
281.20	0	4	0	0	0	0	0	0	0	0	0
281.30	0	4	0	0	0	0	0	0	0	0	0
281.40	0	4	0	0	0	0	0	0	0	0	0
281.50	0	4	0	0	0	0	0	0	0	0	0
281.60	0	4	0	0	0	0	0	0	0	0	0
281.70	0	4	0	0	0	0	0	0	0	0	0
281.80	0	4	0	0	0	0	0	0	0	0	0
281.90	0	4	0	0	0	0	0	0	0	0	0
282.00	0	4	0	0	0	0	0	0	0	0	0
282.10	0	4	0	0	0	0	0	0	0	0	0
282.20	0	4	0	0	0	0	0	0	0	0	0
282.30	0	4	0	0	0	0	0	0	0	0	0
282.40	0	4	0	0	0	0	0	0	0	0	0
282.50	0	4	0	0	0	0	0	0	0	0	0
282.60	0	4	0	0	0	0	0	0	0	0	0
282.70	0	4	0	0	0	0	0	0	0	0	0
282.80	0	4	0	0	0	0	0	0	0	0	0
282.90	0	4	0	0	0	0	0	0	0	0	0
283.00	0	4	0	0	0	0	0	0	0	0	0
283.10	0	4	0	0	0	0	0	0	0	0	0
283.20	0	4	0	0	0	0	0	0	0	0	0
283.30	0	4	0	0	0	0	0	0	0	0	0
283.40	0	4	0	0	0	0	0	0	0	0	0
283.50	0	4	0	0	0	0	0	0	0	0	0
283.60	0	4	0	0	0	0	0	0	0	0	0
283.70	0	4	0	0	0	0	0	0	0	0	0
283.80	0	4	0	0	0	0	0	0	0	0	0
283.90	0	4	0	0	0	0	0	0	0	0	0
284.00	0	4	0	0	0	0	0	0	0	0	0
284.10	0	4	0	0	0	0	0	0	0	0	0
284.20	0	4	0	0	0	0	0	0	0	0	0
284.30	0	4	0	0	0	0	0	0	0	0	0
284.40	0	4	0	0	0	0	0	0	0	0	0
284.50	0	4	0	0	0	0	0	0	0	0	0
284.60	0	4	0	0	0	0	0	0	0	0	0
284.70	0	4	0	0	0	0	0	0	0	0	0
284.80	0	4	0	0	0	0	0	0	0	0	0
284.90	0	4	0	0	0	0	0	0	0	0	0
285.00	0	4	0	0	0	0	0	0	0	0	0
285.10	0	4	0	0	0	0	0	0	0	0	0
285.20	0	4	0	0	0	0	0	0	0	0	0
285.30	0	4	0	0	0	0	0	0	0	0	0
285.40	0	4	0	0	0	0	0	0	0	0	0
285.50	0	4	0	0	0	0	0	0	0	0	0
285.60	0	4	0	0	0	0	0	0	0	0	0
285.70	0	4	0	0	0	0	0	0	0	0	0
285.80	0	4	0	0	0	0	0	0	0	0	0
285.90	0	4	0	0	0	0	0	0	0	0	0
286.00	0	4	0	0	0	0	0	0	0	0	0
286.10	0	4	0	0	0	0	0	0	0	0	0
286.20	0	4	0	0	0	0	0	0	0	0	0
286.30	0	4	0	0	0	0	0	0	0	0	0
286.40	0	4	0	0	0	0	0	0	0	0	0
286.50	0	4	0	0	0	0	0	0	0	0	0
286.60	0	4	0	0	0	0	0	0	0	0	0
286.70	0	4	0	0	0	0	0	0	0	0	0
286.80	0	4	0	0	0	0	0	0	0	0	0
286.90	0	4	0	0	0	0	0	0	0	0	0
287.00	0	4	0	0	0	0	0	0	0	0	0
287.10	0	4	0	0	0	0	0	0	0	0	0
287.20	0	4	0	0	0	0	0	0	0	0	0
287.30	0	4	0	0	0	0	0	0	0	0	0
287.40	0	4	0	0	0	0	0	0	0	0	0
287.50	0	4	0	0	0	0	0	0	0	0	0
287.60	0	4	0	0	0	0	0	0	0	0	0
287.70	0	4	0	0	0	0	0	0	0	0	0
287.80	0	4	0	0	0	0	0	0	0	0	0
287.90	0	4	0	0	0	0	0	0	0	0	0
288.00	0	4	0	0	0	0	0	0	0	0	0
288.10	0	4	0	0	0	0	0	0	0	0	0
288.20	0	4	0	0	0	0	0	0	0	0	0
288.30	0	4	0	0	0	0	0	0	0	0	0
288.40	0	4	0	0	0	0	0	0	0	0	0
288.50	0	4	0	0	0	0	0	0	0	0	0
288.60	0	4	0	0	0	0	0	0	0	0	0
288.70	0	4	0	0	0	0	0	0	0	0	0
288.80	0	4	0	0	0	0	0	0	0	0	0
288.90	0	4	0	0	0	0	0	0	0	0	0
289.00	0	4	0	0	0	0	0	0	0	0	0
289.10	0	4	0	0	0	0	0	0	0	0	0
289.20	0	4	0	0	0	0	0	0	0	0	0
289.30	0	4	0	0	0	0	0	0	0	0	0
289.40	0	4	0	0	0	0	0	0	0	0	0
289.50	0	4	0	0	0	0	0	0	0	0	0
289.60	0	4	0	0	0	0	0	0	0	0	0
289.70	0	4	0	0	0	0	0	0	0	0	0
289.80	0	4	0	0	0	0	0	0	0	0	0
289.90	0	4	0	0	0	0	0	0	0	0	0
290.00	0	4	0	0	0	0	0	0	0	0	0
290.10	0	4	0	0	0	0	0	0	0	0	0
290.20	0	4	0	0	0	0	0	0	0	0	0
290.30	0	4	0	0	0	0	0	0	0	0	0
290.40	0	4	0	0	0	0	0	0	0	0	0
290.50	0	4	0	0	0	0	0	0	0	0	0
290.60	0	4	0	0	0	0	0	0	0	0	0
290.70	0	4	0	0	0	0	0	0	0	0	0
290.80	0	4	0	0	0	0	0	0	0	0	0
290.90	0	4	0	0	0	0	0	0	0	0	0
291.00	0	4	0	0	0	0	0	0	0	0	0
291.10	0	4	0	0	0	0	0	0	0	0	0
291.20	0	4	0	0	0	0	0	0	0	0	0
291.30	0	4	0	0	0	0	0	0	0	0	0
291.40	0	4	0	0	0	0	0	0	0	0	0
291.50	0	4	0	0	0	0	0	0	0	0	0
291.60	0	4	0	0	0	0	0	0	0	0	0
291.70	0	4	0	0	0	0	0	0	0	0	0
291.80	0	4	0	0	0	0	0	0	0	0	0
291.90	0	4	0	0	0	0	0	0	0	0	0
292.00	0	4	0	0	0	0	0	0	0	0	0
292.10	0	4	0	0	0	0	0	0	0	0	0
292.20	0	4	0	0	0	0	0	0	0	0	0
292.30	0	4	0	0	0	0	0	0	0	0	0
292.40	0	4	0	0	0	0	0	0	0	0	0
292.50	0	4	0	0	0	0	0	0	0	0	0
292.60	0	4	0	0	0	0	0	0	0	0	0
292.70	0	4	0	0	0	0	0	0	0	0	0
292.80	0	4	0	0	0	0	0	0	0	0	0
292.90	0	4	0	0	0	0	0	0	0	0	0
293.00	0	4	0	0	0	0	0	0	0	0	0
293.10	0	4	0	0	0	0	0	0	0	0	0
293.20	0	4	0	0	0	0	0	0	0	0	0
293.30	0	4	0	0	0	0	0	0	0	0	0
293.40	0	4	0	0	0	0	0	0	0	0	0
293.50	0	4	0	0	0	0	0	0	0	0	0
293.60	0	4	0	0	0	0	0	0	0	0	0
293.70	0	4	0	0	0	0	0	0	0	0	0
293.80	0	4	0	0	0	0	0	0	0	0	0
293.90	0	4	0	0	0	0	0	0	0	0	0
294.00	0	4	0	0	0	0	0	0	0	0	0
294.10	0	4	0	0	0	0	0	0	0	0	0
294.20	0	4	0	0	0	0	0	0	0	0	0
294.30	0	4	0	0	0	0	0	0	0	0	0
294.40	0	4	0	0	0	0	0	0	0	0	0
294.50	0	4	0	0	0	0	0	0	0	0	0
294.60	0	4	0	0	0	0	0	0	0	0	0
294.70	0	4	0	0	0	0	0	0	0	0	0
294.80	0	4	0	0	0	0	0	0	0	0	0
294.90	0	4	0	0	0	0	0	0	0	0	0
295.00	0	4	0	0	0	0	0	0	0	0	0
295.10	0	4	0	0	0	0	0	0	0	0	0
295.20	0	4	0	0	0	0	0	0	0	0	0
295.30	0	4	0	0	0	0	0	0	0	0	0
295.40	0	4	0	0	0	0	0	0	0	0	0
295.42	0	4	0	0	0	0	0	0	0	0	0