-999	"MyLake init"
Z (m)	Az (m2)	Tz (deg C)	Cz	Sz (kg/m3)	TPz (mg/m3)	DOPz (mg/m3)	Chlaz (mg/m3)	DOCz (mg/m3)	TPz_sed (mg/m3)	Chlaz_sed (mg/m3)	"Fvol_IM (m3/m3	 dry w.)"	Hice (m)	Hsnow (m)
0.00	3176610	4	0	0	0	0	0	0	0	0	0	0	0
0.10	3161653	4	0	0	0	0	0	0	0	0	0
0.20	3146697	4	0	0	0	0	0	0	0	0	0
0.30	3131739	4	0	0	0	0	0	0	0	0	0
0.40	3116782	4	0	0	0	0	0	0	0	0	0
0.50	3101823	4	0	0	0	0	0	0	0	0	0
0.60	3086864	4	0	0	0	0	0	0	0	0	0
0.70	3071905	4	0	0	0	0	0	0	0	0	0
0.80	3056944	4	0	0	0	0	0	0	0	0	0
0.90	3041984	4	0	0	0	0	0	0	0	0	0
1.00	3027022	4	0	0	0	0	0	0	0	0	0
1.10	3012060	4	0	0	0	0	0	0	0	0	0
1.20	2997098	4	0	0	0	0	0	0	0	0	0
1.30	2982135	4	0	0	0	0	0	0	0	0	0
1.40	2967171	4	0	0	0	0	0	0	0	0	0
1.50	2952207	4	0	0	0	0	0	0	0	0	0
1.60	2937242	4	0	0	0	0	0	0	0	0	0
1.70	2922276	4	0	0	0	0	0	0	0	0	0
1.80	2907310	4	0	0	0	0	0	0	0	0	0
1.90	2892343	4	0	0	0	0	0	0	0	0	0
2.00	2877376	4	0	0	0	0	0	0	0	0	0
2.10	2862408	4	0	0	0	0	0	0	0	0	0
2.20	2847439	4	0	0	0	0	0	0	0	0	0
2.30	2832470	4	0	0	0	0	0	0	0	0	0
2.40	2817500	4	0	0	0	0	0	0	0	0	0
2.50	2802530	4	0	0	0	0	0	0	0	0	0
2.60	2787559	4	0	0	0	0	0	0	0	0	0
2.70	2772587	4	0	0	0	0	0	0	0	0	0
2.80	2757614	4	0	0	0	0	0	0	0	0	0
2.90	2742641	4	0	0	0	0	0	0	0	0	0
3.00	2727667	4	0	0	0	0	0	0	0	0	0
3.10	2712693	4	0	0	0	0	0	0	0	0	0
3.20	2697718	4	0	0	0	0	0	0	0	0	0
3.30	2682742	4	0	0	0	0	0	0	0	0	0
3.40	2667766	4	0	0	0	0	0	0	0	0	0
3.50	2652789	4	0	0	0	0	0	0	0	0	0
3.60	2637811	4	0	0	0	0	0	0	0	0	0
3.70	2622833	4	0	0	0	0	0	0	0	0	0
3.80	2607854	4	0	0	0	0	0	0	0	0	0
3.90	2592874	4	0	0	0	0	0	0	0	0	0
4.00	2577893	4	0	0	0	0	0	0	0	0	0
4.10	2562912	4	0	0	0	0	0	0	0	0	0
4.20	2547930	4	0	0	0	0	0	0	0	0	0
4.30	2532948	4	0	0	0	0	0	0	0	0	0
4.40	2517964	4	0	0	0	0	0	0	0	0	0
4.50	2502980	4	0	0	0	0	0	0	0	0	0
4.60	2487996	4	0	0	0	0	0	0	0	0	0
4.70	2473010	4	0	0	0	0	0	0	0	0	0
4.80	2458024	4	0	0	0	0	0	0	0	0	0
4.90	2443037	4	0	0	0	0	0	0	0	0	0
5.00	2428049	4	0	0	0	0	0	0	0	0	0
5.10	2413061	4	0	0	0	0	0	0	0	0	0
5.20	2398072	4	0	0	0	0	0	0	0	0	0
5.30	2383082	4	0	0	0	0	0	0	0	0	0
5.40	2368091	4	0	0	0	0	0	0	0	0	0
5.50	2353100	4	0	0	0	0	0	0	0	0	0
5.60	2338108	4	0	0	0	0	0	0	0	0	0
5.70	2323115	4	0	0	0	0	0	0	0	0	0
5.80	2308121	4	0	0	0	0	0	0	0	0	0
5.90	2293127	4	0	0	0	0	0	0	0	0	0
6.00	2278132	4	0	0	0	0	0	0	0	0	0
6.10	2263136	4	0	0	0	0	0	0	0	0	0
6.20	2248139	4	0	0	0	0	0	0	0	0	0
6.30	2233141	4	0	0	0	0	0	0	0	0	0
6.40	2218143	4	0	0	0	0	0	0	0	0	0
6.50	2203144	4	0	0	0	0	0	0	0	0	0
6.60	2188144	4	0	0	0	0	0	0	0	0	0
6.70	2173143	4	0	0	0	0	0	0	0	0	0
6.80	2158141	4	0	0	0	0	0	0	0	0	0
6.90	2143138	4	0	0	0	0	0	0	0	0	0
7.00	2128135	4	0	0	0	0	0	0	0	0	0
7.10	2113131	4	0	0	0	0	0	0	0	0	0
7.20	2098126	4	0	0	0	0	0	0	0	0	0
7.30	2083120	4	0	0	0	0	0	0	0	0	0
7.40	2068113	4	0	0	0	0	0	0	0	0	0
7.50	2053106	4	0	0	0	0	0	0	0	0	0
7.60	2038097	4	0	0	0	0	0	0	0	0	0
7.70	2023088	4	0	0	0	0	0	0	0	0	0
7.80	2008077	4	0	0	0	0	0	0	0	0	0
7.90	1993066	4	0	0	0	0	0	0	0	0	0
8.00	1978054	4	0	0	0	0	0	0	0	0	0
8.10	1963041	4	0	0	0	0	0	0	0	0	0
8.20	1948027	4	0	0	0	0	0	0	0	0	0
8.30	1933012	4	0	0	0	0	0	0	0	0	0
8.40	1917996	4	0	0	0	0	0	0	0	0	0
8.50	1902980	4	0	0	0	0	0	0	0	0	0
8.60	1887962	4	0	0	0	0	0	0	0	0	0
8.70	1872943	4	0	0	0	0	0	0	0	0	0
8.80	1857924	4	0	0	0	0	0	0	0	0	0
8.90	1842903	4	0	0	0	0	0	0	0	0	0
9.00	1827882	4	0	0	0	0	0	0	0	0	0
9.10	1812859	4	0	0	0	0	0	0	0	0	0
9.20	1797836	4	0	0	0	0	0	0	0	0	0
9.30	1782811	4	0	0	0	0	0	0	0	0	0
9.40	1767786	4	0	0	0	0	0	0	0	0	0
9.50	1752759	4	0	0	0	0	0	0	0	0	0
9.60	1737732	4	0	0	0	0	0	0	0	0	0
9.70	1722703	4	0	0	0	0	0	0	0	0	0
9.80	1707673	4	0	0	0	0	0	0	0	0	0
9.90	1692643	4	0	0	0	0	0	0	0	0	0
10.00	1677611	4	0	0	0	0	0	0	0	0	0
10.10	1662578	4	0	0	0	0	0	0	0	0	0
10.20	1647544	4	0	0	0	0	0	0	0	0	0
10.30	1632509	4	0	0	0	0	0	0	0	0	0
10.40	1617473	4	0	0	0	0	0	0	0	0	0
10.50	1602436	4	0	0	0	0	0	0	0	0	0
10.60	1587397	4	0	0	0	0	0	0	0	0	0
10.70	1572358	4	0	0	0	0	0	0	0	0	0
10.80	1557317	4	0	0	0	0	0	0	0	0	0
10.90	1542275	4	0	0	0	0	0	0	0	0	0
11.00	1527232	4	0	0	0	0	0	0	0	0	0
11.10	1512188	4	0	0	0	0	0	0	0	0	0
11.20	1497143	4	0	0	0	0	0	0	0	0	0
11.30	1482096	4	0	0	0	0	0	0	0	0	0
11.40	1467048	4	0	0	0	0	0	0	0	0	0
11.50	1451999	4	0	0	0	0	0	0	0	0	0
11.60	1436949	4	0	0	0	0	0	0	0	0	0
11.70	1421897	4	0	0	0	0	0	0	0	0	0
11.80	1406845	4	0	0	0	0	0	0	0	0	0
11.90	1391791	4	0	0	0	0	0	0	0	0	0
12.00	1376735	4	0	0	0	0	0	0	0	0	0
12.10	1361678	4	0	0	0	0	0	0	0	0	0
12.20	1346620	4	0	0	0	0	0	0	0	0	0
12.30	1331561	4	0	0	0	0	0	0	0	0	0
12.40	1316500	4	0	0	0	0	0	0	0	0	0
12.50	1301438	4	0	0	0	0	0	0	0	0	0
12.60	1286375	4	0	0	0	0	0	0	0	0	0
12.70	1271310	4	0	0	0	0	0	0	0	0	0
12.80	1256243	4	0	0	0	0	0	0	0	0	0
12.90	1241175	4	0	0	0	0	0	0	0	0	0
13.00	1226106	4	0	0	0	0	0	0	0	0	0
13.10	1211035	4	0	0	0	0	0	0	0	0	0
13.20	1195963	4	0	0	0	0	0	0	0	0	0
13.30	1180889	4	0	0	0	0	0	0	0	0	0
13.40	1165814	4	0	0	0	0	0	0	0	0	0
13.50	1150737	4	0	0	0	0	0	0	0	0	0
13.60	1135659	4	0	0	0	0	0	0	0	0	0
13.70	1120579	4	0	0	0	0	0	0	0	0	0
13.80	1105497	4	0	0	0	0	0	0	0	0	0
13.90	1090414	4	0	0	0	0	0	0	0	0	0
14.00	1075329	4	0	0	0	0	0	0	0	0	0
14.10	1060242	4	0	0	0	0	0	0	0	0	0
14.20	1045154	4	0	0	0	0	0	0	0	0	0
14.30	1030064	4	0	0	0	0	0	0	0	0	0
14.40	1014972	4	0	0	0	0	0	0	0	0	0
14.50	999878	4	0	0	0	0	0	0	0	0	0
14.60	984783	4	0	0	0	0	0	0	0	0	0
14.70	969686	4	0	0	0	0	0	0	0	0	0
14.80	954586	4	0	0	0	0	0	0	0	0	0
14.90	939485	4	0	0	0	0	0	0	0	0	0
15.00	924382	4	0	0	0	0	0	0	0	0	0
15.10	909277	4	0	0	0	0	0	0	0	0	0
15.20	894170	4	0	0	0	0	0	0	0	0	0
15.30	879061	4	0	0	0	0	0	0	0	0	0
15.40	863950	4	0	0	0	0	0	0	0	0	0
15.50	848837	4	0	0	0	0	0	0	0	0	0
15.60	833721	4	0	0	0	0	0	0	0	0	0
15.70	818604	4	0	0	0	0	0	0	0	0	0
15.80	803484	4	0	0	0	0	0	0	0	0	0
15.90	788362	4	0	0	0	0	0	0	0	0	0
16.00	773237	4	0	0	0	0	0	0	0	0	0
16.10	758111	4	0	0	0	0	0	0	0	0	0
16.20	742982	4	0	0	0	0	0	0	0	0	0
16.30	727850	4	0	0	0	0	0	0	0	0	0
16.40	712716	4	0	0	0	0	0	0	0	0	0
16.50	697579	4	0	0	0	0	0	0	0	0	0
16.60	682440	4	0	0	0	0	0	0	0	0	0
16.70	667298	4	0	0	0	0	0	0	0	0	0
16.80	652153	4	0	0	0	0	0	0	0	0	0
16.90	637005	4	0	0	0	0	0	0	0	0	0
17.00	621855	4	0	0	0	0	0	0	0	0	0
17.10	606701	4	0	0	0	0	0	0	0	0	0
17.20	591545	4	0	0	0	0	0	0	0	0	0
17.30	576385	4	0	0	0	0	0	0	0	0	0
17.40	561223	4	0	0	0	0	0	0	0	0	0
17.50	546057	4	0	0	0	0	0	0	0	0	0
17.60	530887	4	0	0	0	0	0	0	0	0	0
17.70	515715	4	0	0	0	0	0	0	0	0	0
17.80	500538	4	0	0	0	0	0	0	0	0	0
17.90	485358	4	0	0	0	0	0	0	0	0	0
18.00	470174	4	0	0	0	0	0	0	0	0	0
18.10	454987	4	0	0	0	0	0	0	0	0	0
18.20	439795	4	0	0	0	0	0	0	0	0	0
18.30	424599	4	0	0	0	0	0	0	0	0	0
18.40	409398	4	0	0	0	0	0	0	0	0	0
18.50	394194	4	0	0	0	0	0	0	0	0	0
18.60	378984	4	0	0	0	0	0	0	0	0	0
18.70	363770	4	0	0	0	0	0	0	0	0	0
18.80	348550	4	0	0	0	0	0	0	0	0	0
18.90	333325	4	0	0	0	0	0	0	0	0	0
19.00	318095	4	0	0	0	0	0	0	0	0	0
19.10	302859	4	0	0	0	0	0	0	0	0	0
19.20	287616	4	0	0	0	0	0	0	0	0	0
19.30	272368	4	0	0	0	0	0	0	0	0	0
19.40	257112	4	0	0	0	0	0	0	0	0	0
19.50	241849	4	0	0	0	0	0	0	0	0	0
19.60	226579	4	0	0	0	0	0	0	0	0	0
19.70	211300	4	0	0	0	0	0	0	0	0	0
19.80	196012	4	0	0	0	0	0	0	0	0	0
19.90	180715	4	0	0	0	0	0	0	0	0	0
20.00	165407	4	0	0	0	0	0	0	0	0	0
20.10	150089	4	0	0	0	0	0	0	0	0	0
20.20	134757	4	0	0	0	0	0	0	0	0	0
20.30	119412	4	0	0	0	0	0	0	0	0	0
20.40	104051	4	0	0	0	0	0	0	0	0	0
20.50	88671	4	0	0	0	0	0	0	0	0	0
20.60	73271	4	0	0	0	0	0	0	0	0	0
20.70	57844	4	0	0	0	0	0	0	0	0	0
20.80	42384	4	0	0	0	0	0	0	0	0	0
20.90	26877	4	0	0	0	0	0	0	0	0	0
21.00	11294	4	0	0	0	0	0	0	0	0	0
21.07	0	4	0	0	0	0	0	0	0	0	0