-999	"MyLake init"
Z (m)	Az (m2)	Tz (deg C)	Cz	Sz (kg/m3)	TPz (mg/m3)	DOPz (mg/m3)	Chlaz (mg/m3)	DOCz (mg/m3)	TPz_sed (mg/m3)	Chlaz_sed (mg/m3)	"Fvol_IM (m3/m3	 dry w.)"	Hice (m)	Hsnow (m)
0.00	3262345	4	0	0	0	0	0	0	0	0	0	0	0
0.10	3238816	4	0	0	0	0	0	0	0	0	0
0.20	3215406	4	0	0	0	0	0	0	0	0	0
0.30	3192114	4	0	0	0	0	0	0	0	0	0
0.40	3168941	4	0	0	0	0	0	0	0	0	0
0.50	3145886	4	0	0	0	0	0	0	0	0	0
0.60	3122948	4	0	0	0	0	0	0	0	0	0
0.70	3100128	4	0	0	0	0	0	0	0	0	0
0.80	3077425	4	0	0	0	0	0	0	0	0	0
0.90	3054838	4	0	0	0	0	0	0	0	0	0
1.00	3032368	4	0	0	0	0	0	0	0	0	0
1.10	3010013	4	0	0	0	0	0	0	0	0	0
1.20	2987775	4	0	0	0	0	0	0	0	0	0
1.30	2965651	4	0	0	0	0	0	0	0	0	0
1.40	2943642	4	0	0	0	0	0	0	0	0	0
1.50	2921748	4	0	0	0	0	0	0	0	0	0
1.60	2899968	4	0	0	0	0	0	0	0	0	0
1.70	2878302	4	0	0	0	0	0	0	0	0	0
1.80	2856750	4	0	0	0	0	0	0	0	0	0
1.90	2835310	4	0	0	0	0	0	0	0	0	0
2.00	2813984	4	0	0	0	0	0	0	0	0	0
2.10	2792770	4	0	0	0	0	0	0	0	0	0
2.20	2771668	4	0	0	0	0	0	0	0	0	0
2.30	2750678	4	0	0	0	0	0	0	0	0	0
2.40	2729799	4	0	0	0	0	0	0	0	0	0
2.50	2709032	4	0	0	0	0	0	0	0	0	0
2.60	2688376	4	0	0	0	0	0	0	0	0	0
2.70	2667830	4	0	0	0	0	0	0	0	0	0
2.80	2647394	4	0	0	0	0	0	0	0	0	0
2.90	2627068	4	0	0	0	0	0	0	0	0	0
3.00	2606851	4	0	0	0	0	0	0	0	0	0
3.10	2586744	4	0	0	0	0	0	0	0	0	0
3.20	2566745	4	0	0	0	0	0	0	0	0	0
3.30	2546855	4	0	0	0	0	0	0	0	0	0
3.40	2527073	4	0	0	0	0	0	0	0	0	0
3.50	2507398	4	0	0	0	0	0	0	0	0	0
3.60	2487831	4	0	0	0	0	0	0	0	0	0
3.70	2468372	4	0	0	0	0	0	0	0	0	0
3.80	2449019	4	0	0	0	0	0	0	0	0	0
3.90	2429772	4	0	0	0	0	0	0	0	0	0
4.00	2410632	4	0	0	0	0	0	0	0	0	0
4.10	2391597	4	0	0	0	0	0	0	0	0	0
4.20	2372668	4	0	0	0	0	0	0	0	0	0
4.30	2353843	4	0	0	0	0	0	0	0	0	0
4.40	2335124	4	0	0	0	0	0	0	0	0	0
4.50	2316509	4	0	0	0	0	0	0	0	0	0
4.60	2297998	4	0	0	0	0	0	0	0	0	0
4.70	2279591	4	0	0	0	0	0	0	0	0	0
4.80	2261287	4	0	0	0	0	0	0	0	0	0
4.90	2243087	4	0	0	0	0	0	0	0	0	0
5.00	2224989	4	0	0	0	0	0	0	0	0	0
5.10	2206994	4	0	0	0	0	0	0	0	0	0
5.20	2189100	4	0	0	0	0	0	0	0	0	0
5.30	2171309	4	0	0	0	0	0	0	0	0	0
5.40	2153619	4	0	0	0	0	0	0	0	0	0
5.50	2136030	4	0	0	0	0	0	0	0	0	0
5.60	2118542	4	0	0	0	0	0	0	0	0	0
5.70	2101154	4	0	0	0	0	0	0	0	0	0
5.80	2083866	4	0	0	0	0	0	0	0	0	0
5.90	2066679	4	0	0	0	0	0	0	0	0	0
6.00	2049590	4	0	0	0	0	0	0	0	0	0
6.10	2032601	4	0	0	0	0	0	0	0	0	0
6.20	2015711	4	0	0	0	0	0	0	0	0	0
6.30	1998919	4	0	0	0	0	0	0	0	0	0
6.40	1982225	4	0	0	0	0	0	0	0	0	0
6.50	1965629	4	0	0	0	0	0	0	0	0	0
6.60	1949130	4	0	0	0	0	0	0	0	0	0
6.70	1932729	4	0	0	0	0	0	0	0	0	0
6.80	1916424	4	0	0	0	0	0	0	0	0	0
6.90	1900216	4	0	0	0	0	0	0	0	0	0
7.00	1884105	4	0	0	0	0	0	0	0	0	0
7.10	1868089	4	0	0	0	0	0	0	0	0	0
7.20	1852168	4	0	0	0	0	0	0	0	0	0
7.30	1836343	4	0	0	0	0	0	0	0	0	0
7.40	1820612	4	0	0	0	0	0	0	0	0	0
7.50	1804976	4	0	0	0	0	0	0	0	0	0
7.60	1789435	4	0	0	0	0	0	0	0	0	0
7.70	1773987	4	0	0	0	0	0	0	0	0	0
7.80	1758633	4	0	0	0	0	0	0	0	0	0
7.90	1743372	4	0	0	0	0	0	0	0	0	0
8.00	1728204	4	0	0	0	0	0	0	0	0	0
8.10	1713128	4	0	0	0	0	0	0	0	0	0
8.20	1698145	4	0	0	0	0	0	0	0	0	0
8.30	1683254	4	0	0	0	0	0	0	0	0	0
8.40	1668454	4	0	0	0	0	0	0	0	0	0
8.50	1653746	4	0	0	0	0	0	0	0	0	0
8.60	1639129	4	0	0	0	0	0	0	0	0	0
8.70	1624602	4	0	0	0	0	0	0	0	0	0
8.80	1610166	4	0	0	0	0	0	0	0	0	0
8.90	1595819	4	0	0	0	0	0	0	0	0	0
9.00	1581563	4	0	0	0	0	0	0	0	0	0
9.10	1567396	4	0	0	0	0	0	0	0	0	0
9.20	1553317	4	0	0	0	0	0	0	0	0	0
9.30	1539328	4	0	0	0	0	0	0	0	0	0
9.40	1525427	4	0	0	0	0	0	0	0	0	0
9.50	1511614	4	0	0	0	0	0	0	0	0	0
9.60	1497889	4	0	0	0	0	0	0	0	0	0
9.70	1484251	4	0	0	0	0	0	0	0	0	0
9.80	1470700	4	0	0	0	0	0	0	0	0	0
9.90	1457237	4	0	0	0	0	0	0	0	0	0
10.00	1443859	4	0	0	0	0	0	0	0	0	0
10.10	1430568	4	0	0	0	0	0	0	0	0	0
10.20	1417363	4	0	0	0	0	0	0	0	0	0
10.30	1404243	4	0	0	0	0	0	0	0	0	0
10.40	1391209	4	0	0	0	0	0	0	0	0	0
10.50	1378259	4	0	0	0	0	0	0	0	0	0
10.60	1365394	4	0	0	0	0	0	0	0	0	0
10.70	1352614	4	0	0	0	0	0	0	0	0	0
10.80	1339917	4	0	0	0	0	0	0	0	0	0
10.90	1327304	4	0	0	0	0	0	0	0	0	0
11.00	1314774	4	0	0	0	0	0	0	0	0	0
11.10	1302327	4	0	0	0	0	0	0	0	0	0
11.20	1289963	4	0	0	0	0	0	0	0	0	0
11.30	1277681	4	0	0	0	0	0	0	0	0	0
11.40	1265482	4	0	0	0	0	0	0	0	0	0
11.50	1253364	4	0	0	0	0	0	0	0	0	0
11.60	1241327	4	0	0	0	0	0	0	0	0	0
11.70	1229372	4	0	0	0	0	0	0	0	0	0
11.80	1217498	4	0	0	0	0	0	0	0	0	0
11.90	1205704	4	0	0	0	0	0	0	0	0	0
12.00	1193990	4	0	0	0	0	0	0	0	0	0
12.10	1182356	4	0	0	0	0	0	0	0	0	0
12.20	1170802	4	0	0	0	0	0	0	0	0	0
12.30	1159326	4	0	0	0	0	0	0	0	0	0
12.40	1147930	4	0	0	0	0	0	0	0	0	0
12.50	1136613	4	0	0	0	0	0	0	0	0	0
12.60	1125373	4	0	0	0	0	0	0	0	0	0
12.70	1114212	4	0	0	0	0	0	0	0	0	0
12.80	1103129	4	0	0	0	0	0	0	0	0	0
12.90	1092123	4	0	0	0	0	0	0	0	0	0
13.00	1081194	4	0	0	0	0	0	0	0	0	0
13.10	1070341	4	0	0	0	0	0	0	0	0	0
13.20	1059565	4	0	0	0	0	0	0	0	0	0
13.30	1048866	4	0	0	0	0	0	0	0	0	0
13.40	1038242	4	0	0	0	0	0	0	0	0	0
13.50	1027694	4	0	0	0	0	0	0	0	0	0
13.60	1017221	4	0	0	0	0	0	0	0	0	0
13.70	1006822	4	0	0	0	0	0	0	0	0	0
13.80	996499	4	0	0	0	0	0	0	0	0	0
13.90	986250	4	0	0	0	0	0	0	0	0	0
14.00	976074	4	0	0	0	0	0	0	0	0	0
14.10	965973	4	0	0	0	0	0	0	0	0	0
14.20	955945	4	0	0	0	0	0	0	0	0	0
14.30	945990	4	0	0	0	0	0	0	0	0	0
14.40	936107	4	0	0	0	0	0	0	0	0	0
14.50	926298	4	0	0	0	0	0	0	0	0	0
14.60	916560	4	0	0	0	0	0	0	0	0	0
14.70	906894	4	0	0	0	0	0	0	0	0	0
14.80	897300	4	0	0	0	0	0	0	0	0	0
14.90	887777	4	0	0	0	0	0	0	0	0	0
15.00	878325	4	0	0	0	0	0	0	0	0	0
15.10	868944	4	0	0	0	0	0	0	0	0	0
15.20	859633	4	0	0	0	0	0	0	0	0	0
15.30	850392	4	0	0	0	0	0	0	0	0	0
15.40	841221	4	0	0	0	0	0	0	0	0	0
15.50	832119	4	0	0	0	0	0	0	0	0	0
15.60	823086	4	0	0	0	0	0	0	0	0	0
15.70	814122	4	0	0	0	0	0	0	0	0	0
15.80	805227	4	0	0	0	0	0	0	0	0	0
15.90	796400	4	0	0	0	0	0	0	0	0	0
16.00	787641	4	0	0	0	0	0	0	0	0	0
16.10	778950	4	0	0	0	0	0	0	0	0	0
16.20	770326	4	0	0	0	0	0	0	0	0	0
16.30	761769	4	0	0	0	0	0	0	0	0	0
16.40	753278	4	0	0	0	0	0	0	0	0	0
16.50	744854	4	0	0	0	0	0	0	0	0	0
16.60	736497	4	0	0	0	0	0	0	0	0	0
16.70	728205	4	0	0	0	0	0	0	0	0	0
16.80	719979	4	0	0	0	0	0	0	0	0	0
16.90	711818	4	0	0	0	0	0	0	0	0	0
17.00	703722	4	0	0	0	0	0	0	0	0	0
17.10	695690	4	0	0	0	0	0	0	0	0	0
17.20	687723	4	0	0	0	0	0	0	0	0	0
17.30	679820	4	0	0	0	0	0	0	0	0	0
17.40	671981	4	0	0	0	0	0	0	0	0	0
17.50	664205	4	0	0	0	0	0	0	0	0	0
17.60	656493	4	0	0	0	0	0	0	0	0	0
17.70	648843	4	0	0	0	0	0	0	0	0	0
17.80	641256	4	0	0	0	0	0	0	0	0	0
17.90	633731	4	0	0	0	0	0	0	0	0	0
18.00	626269	4	0	0	0	0	0	0	0	0	0
18.10	618868	4	0	0	0	0	0	0	0	0	0
18.20	611528	4	0	0	0	0	0	0	0	0	0
18.30	604249	4	0	0	0	0	0	0	0	0	0
18.40	597032	4	0	0	0	0	0	0	0	0	0
18.50	589875	4	0	0	0	0	0	0	0	0	0
18.60	582778	4	0	0	0	0	0	0	0	0	0
18.70	575741	4	0	0	0	0	0	0	0	0	0
18.80	568764	4	0	0	0	0	0	0	0	0	0
18.90	561846	4	0	0	0	0	0	0	0	0	0
19.00	554988	4	0	0	0	0	0	0	0	0	0
19.10	548188	4	0	0	0	0	0	0	0	0	0
19.20	541446	4	0	0	0	0	0	0	0	0	0
19.30	534763	4	0	0	0	0	0	0	0	0	0
19.40	528138	4	0	0	0	0	0	0	0	0	0
19.50	521571	4	0	0	0	0	0	0	0	0	0
19.60	515061	4	0	0	0	0	0	0	0	0	0
19.70	508608	4	0	0	0	0	0	0	0	0	0
19.80	502211	4	0	0	0	0	0	0	0	0	0
19.90	495871	4	0	0	0	0	0	0	0	0	0
20.00	489588	4	0	0	0	0	0	0	0	0	0
20.10	483360	4	0	0	0	0	0	0	0	0	0
20.20	477188	4	0	0	0	0	0	0	0	0	0
20.30	471072	4	0	0	0	0	0	0	0	0	0
20.40	465010	4	0	0	0	0	0	0	0	0	0
20.50	459004	4	0	0	0	0	0	0	0	0	0
20.60	453051	4	0	0	0	0	0	0	0	0	0
20.70	447153	4	0	0	0	0	0	0	0	0	0
20.80	441309	4	0	0	0	0	0	0	0	0	0
20.90	435519	4	0	0	0	0	0	0	0	0	0
21.00	429782	4	0	0	0	0	0	0	0	0	0
21.10	424098	4	0	0	0	0	0	0	0	0	0
21.20	418467	4	0	0	0	0	0	0	0	0	0
21.30	412889	4	0	0	0	0	0	0	0	0	0
21.40	407362	4	0	0	0	0	0	0	0	0	0
21.50	401888	4	0	0	0	0	0	0	0	0	0
21.60	396465	4	0	0	0	0	0	0	0	0	0
21.70	391094	4	0	0	0	0	0	0	0	0	0
21.80	385774	4	0	0	0	0	0	0	0	0	0
21.90	380505	4	0	0	0	0	0	0	0	0	0
22.00	375286	4	0	0	0	0	0	0	0	0	0
22.10	370118	4	0	0	0	0	0	0	0	0	0
22.20	365000	4	0	0	0	0	0	0	0	0	0
22.30	359931	4	0	0	0	0	0	0	0	0	0
22.40	354912	4	0	0	0	0	0	0	0	0	0
22.50	349942	4	0	0	0	0	0	0	0	0	0
22.60	345021	4	0	0	0	0	0	0	0	0	0
22.70	340148	4	0	0	0	0	0	0	0	0	0
22.80	335324	4	0	0	0	0	0	0	0	0	0
22.90	330548	4	0	0	0	0	0	0	0	0	0
23.00	325820	4	0	0	0	0	0	0	0	0	0
23.10	321140	4	0	0	0	0	0	0	0	0	0
23.20	316506	4	0	0	0	0	0	0	0	0	0
23.30	311920	4	0	0	0	0	0	0	0	0	0
23.40	307380	4	0	0	0	0	0	0	0	0	0
23.50	302887	4	0	0	0	0	0	0	0	0	0
23.60	298440	4	0	0	0	0	0	0	0	0	0
23.70	294039	4	0	0	0	0	0	0	0	0	0
23.80	289683	4	0	0	0	0	0	0	0	0	0
23.90	285373	4	0	0	0	0	0	0	0	0	0
24.00	281108	4	0	0	0	0	0	0	0	0	0
24.10	276888	4	0	0	0	0	0	0	0	0	0
24.20	272712	4	0	0	0	0	0	0	0	0	0
24.30	268581	4	0	0	0	0	0	0	0	0	0
24.40	264493	4	0	0	0	0	0	0	0	0	0
24.50	260449	4	0	0	0	0	0	0	0	0	0
24.60	256449	4	0	0	0	0	0	0	0	0	0
24.70	252492	4	0	0	0	0	0	0	0	0	0
24.80	248578	4	0	0	0	0	0	0	0	0	0
24.90	244707	4	0	0	0	0	0	0	0	0	0
25.00	240877	4	0	0	0	0	0	0	0	0	0
25.10	237090	4	0	0	0	0	0	0	0	0	0
25.20	233345	4	0	0	0	0	0	0	0	0	0
25.30	229642	4	0	0	0	0	0	0	0	0	0
25.40	225980	4	0	0	0	0	0	0	0	0	0
25.50	222359	4	0	0	0	0	0	0	0	0	0
25.60	218778	4	0	0	0	0	0	0	0	0	0
25.70	215239	4	0	0	0	0	0	0	0	0	0
25.80	211739	4	0	0	0	0	0	0	0	0	0
25.90	208280	4	0	0	0	0	0	0	0	0	0
26.00	204860	4	0	0	0	0	0	0	0	0	0
26.10	201480	4	0	0	0	0	0	0	0	0	0
26.20	198139	4	0	0	0	0	0	0	0	0	0
26.30	194837	4	0	0	0	0	0	0	0	0	0
26.40	191573	4	0	0	0	0	0	0	0	0	0
26.50	188348	4	0	0	0	0	0	0	0	0	0
26.60	185162	4	0	0	0	0	0	0	0	0	0
26.70	182013	4	0	0	0	0	0	0	0	0	0
26.80	178902	4	0	0	0	0	0	0	0	0	0
26.90	175828	4	0	0	0	0	0	0	0	0	0
27.00	172792	4	0	0	0	0	0	0	0	0	0
27.10	169792	4	0	0	0	0	0	0	0	0	0
27.20	166829	4	0	0	0	0	0	0	0	0	0
27.30	163902	4	0	0	0	0	0	0	0	0	0
27.40	161012	4	0	0	0	0	0	0	0	0	0
27.50	158157	4	0	0	0	0	0	0	0	0	0
27.60	155338	4	0	0	0	0	0	0	0	0	0
27.70	152554	4	0	0	0	0	0	0	0	0	0
27.80	149806	4	0	0	0	0	0	0	0	0	0
27.90	147092	4	0	0	0	0	0	0	0	0	0
28.00	144413	4	0	0	0	0	0	0	0	0	0
28.10	141768	4	0	0	0	0	0	0	0	0	0
28.20	139157	4	0	0	0	0	0	0	0	0	0
28.30	136580	4	0	0	0	0	0	0	0	0	0
28.40	134037	4	0	0	0	0	0	0	0	0	0
28.50	131527	4	0	0	0	0	0	0	0	0	0
28.60	129050	4	0	0	0	0	0	0	0	0	0
28.70	126606	4	0	0	0	0	0	0	0	0	0
28.80	124195	4	0	0	0	0	0	0	0	0	0
28.90	121815	4	0	0	0	0	0	0	0	0	0
29.00	119468	4	0	0	0	0	0	0	0	0	0
29.10	117153	4	0	0	0	0	0	0	0	0	0
29.20	114869	4	0	0	0	0	0	0	0	0	0
29.30	112617	4	0	0	0	0	0	0	0	0	0
29.40	110396	4	0	0	0	0	0	0	0	0	0
29.50	108205	4	0	0	0	0	0	0	0	0	0
29.60	106045	4	0	0	0	0	0	0	0	0	0
29.70	103916	4	0	0	0	0	0	0	0	0	0
29.80	101817	4	0	0	0	0	0	0	0	0	0
29.90	99747	4	0	0	0	0	0	0	0	0	0
30.00	97707	4	0	0	0	0	0	0	0	0	0
30.10	95697	4	0	0	0	0	0	0	0	0	0
30.20	93715	4	0	0	0	0	0	0	0	0	0
30.30	91763	4	0	0	0	0	0	0	0	0	0
30.40	89839	4	0	0	0	0	0	0	0	0	0
30.50	87944	4	0	0	0	0	0	0	0	0	0
30.60	86076	4	0	0	0	0	0	0	0	0	0
30.70	84237	4	0	0	0	0	0	0	0	0	0
30.80	82425	4	0	0	0	0	0	0	0	0	0
30.90	80641	4	0	0	0	0	0	0	0	0	0
31.00	78884	4	0	0	0	0	0	0	0	0	0
31.10	77154	4	0	0	0	0	0	0	0	0	0
31.20	75451	4	0	0	0	0	0	0	0	0	0
31.30	73774	4	0	0	0	0	0	0	0	0	0
31.40	72124	4	0	0	0	0	0	0	0	0	0
31.50	70499	4	0	0	0	0	0	0	0	0	0
31.60	68900	4	0	0	0	0	0	0	0	0	0
31.70	67327	4	0	0	0	0	0	0	0	0	0
31.80	65779	4	0	0	0	0	0	0	0	0	0
31.90	64256	4	0	0	0	0	0	0	0	0	0
32.00	62758	4	0	0	0	0	0	0	0	0	0
32.10	61285	4	0	0	0	0	0	0	0	0	0
32.20	59836	4	0	0	0	0	0	0	0	0	0
32.30	58411	4	0	0	0	0	0	0	0	0	0
32.40	57010	4	0	0	0	0	0	0	0	0	0
32.50	55633	4	0	0	0	0	0	0	0	0	0
32.60	54279	4	0	0	0	0	0	0	0	0	0
32.70	52949	4	0	0	0	0	0	0	0	0	0
32.80	51641	4	0	0	0	0	0	0	0	0	0
32.90	50356	4	0	0	0	0	0	0	0	0	0
33.00	49094	4	0	0	0	0	0	0	0	0	0
33.10	47854	4	0	0	0	0	0	0	0	0	0
33.20	46636	4	0	0	0	0	0	0	0	0	0
33.30	45440	4	0	0	0	0	0	0	0	0	0
33.40	44266	4	0	0	0	0	0	0	0	0	0
33.50	43113	4	0	0	0	0	0	0	0	0	0
33.60	41981	4	0	0	0	0	0	0	0	0	0
33.70	40870	4	0	0	0	0	0	0	0	0	0
33.80	39780	4	0	0	0	0	0	0	0	0	0
33.90	38711	4	0	0	0	0	0	0	0	0	0
34.00	37661	4	0	0	0	0	0	0	0	0	0
34.10	36632	4	0	0	0	0	0	0	0	0	0
34.20	35623	4	0	0	0	0	0	0	0	0	0
34.30	34633	4	0	0	0	0	0	0	0	0	0
34.40	33663	4	0	0	0	0	0	0	0	0	0
34.50	32711	4	0	0	0	0	0	0	0	0	0
34.60	31779	4	0	0	0	0	0	0	0	0	0
34.70	30866	4	0	0	0	0	0	0	0	0	0
34.80	29971	4	0	0	0	0	0	0	0	0	0
34.90	29094	4	0	0	0	0	0	0	0	0	0
35.00	28236	4	0	0	0	0	0	0	0	0	0
35.10	27395	4	0	0	0	0	0	0	0	0	0
35.20	26572	4	0	0	0	0	0	0	0	0	0
35.30	25767	4	0	0	0	0	0	0	0	0	0
35.40	24979	4	0	0	0	0	0	0	0	0	0
35.50	24207	4	0	0	0	0	0	0	0	0	0
35.60	23453	4	0	0	0	0	0	0	0	0	0
35.70	22715	4	0	0	0	0	0	0	0	0	0
35.80	21994	4	0	0	0	0	0	0	0	0	0
35.90	21289	4	0	0	0	0	0	0	0	0	0
36.00	20600	4	0	0	0	0	0	0	0	0	0
36.10	19926	4	0	0	0	0	0	0	0	0	0
36.20	19268	4	0	0	0	0	0	0	0	0	0
36.30	18626	4	0	0	0	0	0	0	0	0	0
36.40	17998	4	0	0	0	0	0	0	0	0	0
36.50	17386	4	0	0	0	0	0	0	0	0	0
36.60	16788	4	0	0	0	0	0	0	0	0	0
36.70	16205	4	0	0	0	0	0	0	0	0	0
36.80	15636	4	0	0	0	0	0	0	0	0	0
36.90	15082	4	0	0	0	0	0	0	0	0	0
37.00	14541	4	0	0	0	0	0	0	0	0	0
37.10	14014	4	0	0	0	0	0	0	0	0	0
37.20	13500	4	0	0	0	0	0	0	0	0	0
37.30	13000	4	0	0	0	0	0	0	0	0	0
37.40	12513	4	0	0	0	0	0	0	0	0	0
37.50	12038	4	0	0	0	0	0	0	0	0	0
37.60	11577	4	0	0	0	0	0	0	0	0	0
37.70	11128	4	0	0	0	0	0	0	0	0	0
37.80	10691	4	0	0	0	0	0	0	0	0	0
37.90	10267	4	0	0	0	0	0	0	0	0	0
38.00	9854	4	0	0	0	0	0	0	0	0	0
38.10	9454	4	0	0	0	0	0	0	0	0	0
38.20	9064	4	0	0	0	0	0	0	0	0	0
38.30	8686	4	0	0	0	0	0	0	0	0	0
38.40	8320	4	0	0	0	0	0	0	0	0	0
38.50	7964	4	0	0	0	0	0	0	0	0	0
38.60	7619	4	0	0	0	0	0	0	0	0	0
38.70	7285	4	0	0	0	0	0	0	0	0	0
38.80	6961	4	0	0	0	0	0	0	0	0	0
38.90	6647	4	0	0	0	0	0	0	0	0	0
39.00	6343	4	0	0	0	0	0	0	0	0	0
39.10	6049	4	0	0	0	0	0	0	0	0	0
39.20	5765	4	0	0	0	0	0	0	0	0	0
39.30	5490	4	0	0	0	0	0	0	0	0	0
39.40	5225	4	0	0	0	0	0	0	0	0	0
39.50	4969	4	0	0	0	0	0	0	0	0	0
39.60	4721	4	0	0	0	0	0	0	0	0	0
39.70	4482	4	0	0	0	0	0	0	0	0	0
39.80	4252	4	0	0	0	0	0	0	0	0	0
39.90	4031	4	0	0	0	0	0	0	0	0	0
40.00	3817	4	0	0	0	0	0	0	0	0	0
40.10	3612	4	0	0	0	0	0	0	0	0	0
40.20	3414	4	0	0	0	0	0	0	0	0	0
40.30	3224	4	0	0	0	0	0	0	0	0	0
40.40	3042	4	0	0	0	0	0	0	0	0	0
40.50	2867	4	0	0	0	0	0	0	0	0	0
40.60	2699	4	0	0	0	0	0	0	0	0	0
40.70	2538	4	0	0	0	0	0	0	0	0	0
40.80	2384	4	0	0	0	0	0	0	0	0	0
40.90	2237	4	0	0	0	0	0	0	0	0	0
41.00	2096	4	0	0	0	0	0	0	0	0	0
41.10	1962	4	0	0	0	0	0	0	0	0	0
41.20	1833	4	0	0	0	0	0	0	0	0	0
41.30	1711	4	0	0	0	0	0	0	0	0	0
41.40	1594	4	0	0	0	0	0	0	0	0	0
41.50	1484	4	0	0	0	0	0	0	0	0	0
41.60	1378	4	0	0	0	0	0	0	0	0	0
41.70	1278	4	0	0	0	0	0	0	0	0	0
41.80	1183	4	0	0	0	0	0	0	0	0	0
41.90	1094	4	0	0	0	0	0	0	0	0	0
42.00	1009	4	0	0	0	0	0	0	0	0	0
42.10	929	4	0	0	0	0	0	0	0	0	0
42.20	853	4	0	0	0	0	0	0	0	0	0
42.30	782	4	0	0	0	0	0	0	0	0	0
42.40	715	4	0	0	0	0	0	0	0	0	0
42.50	652	4	0	0	0	0	0	0	0	0	0
42.60	593	4	0	0	0	0	0	0	0	0	0
42.70	538	4	0	0	0	0	0	0	0	0	0
42.80	487	4	0	0	0	0	0	0	0	0	0
42.90	439	4	0	0	0	0	0	0	0	0	0
43.00	395	4	0	0	0	0	0	0	0	0	0
43.10	353	4	0	0	0	0	0	0	0	0	0
43.20	315	4	0	0	0	0	0	0	0	0	0
43.30	280	4	0	0	0	0	0	0	0	0	0
43.40	248	4	0	0	0	0	0	0	0	0	0
43.50	218	4	0	0	0	0	0	0	0	0	0
43.60	191	4	0	0	0	0	0	0	0	0	0
43.70	167	4	0	0	0	0	0	0	0	0	0
43.80	144	4	0	0	0	0	0	0	0	0	0
43.90	124	4	0	0	0	0	0	0	0	0	0
44.00	106	4	0	0	0	0	0	0	0	0	0
44.10	90	4	0	0	0	0	0	0	0	0	0
44.20	76	4	0	0	0	0	0	0	0	0	0
44.30	63	4	0	0	0	0	0	0	0	0	0
44.40	52	4	0	0	0	0	0	0	0	0	0
44.50	42	4	0	0	0	0	0	0	0	0	0
44.60	34	4	0	0	0	0	0	0	0	0	0
44.70	27	4	0	0	0	0	0	0	0	0	0
44.80	21	4	0	0	0	0	0	0	0	0	0
44.90	16	4	0	0	0	0	0	0	0	0	0
45.00	12	4	0	0	0	0	0	0	0	0	0
45.10	9	4	0	0	0	0	0	0	0	0	0
45.20	6	4	0	0	0	0	0	0	0	0	0
45.30	4	4	0	0	0	0	0	0	0	0	0
45.40	3	4	0	0	0	0	0	0	0	0	0
45.50	1	4	0	0	0	0	0	0	0	0	0
45.60	1	4	0	0	0	0	0	0	0	0	0
45.70	0	4	0	0	0	0	0	0	0	0	0
45.80	0	4	0	0	0	0	0	0	0	0	0
45.90	0	4	0	0	0	0	0	0	0	0	0
46.00	0	4	0	0	0	0	0	0	0	0	0
46.07	0	4	0	0	0	0	0	0	0	0	0