-999	"MyLake init"
Z (m)	Az (m2)	Tz (deg C)	Cz	Sz (kg/m3)	TPz (mg/m3)	DOPz (mg/m3)	Chlaz (mg/m3)	DOCz (mg/m3)	TPz_sed (mg/m3)	Chlaz_sed (mg/m3)	"Fvol_IM (m3/m3	 dry w.)"	Hice (m)	Hsnow (m)
0.00	3464499	4	0	0	0	0	0	0	0	0	0	0	0
0.10	3451990	4	0	0	0	0	0	0	0	0	0
0.20	3439454	4	0	0	0	0	0	0	0	0	0
0.30	3426889	4	0	0	0	0	0	0	0	0	0
0.40	3414297	4	0	0	0	0	0	0	0	0	0
0.50	3401676	4	0	0	0	0	0	0	0	0	0
0.60	3389026	4	0	0	0	0	0	0	0	0	0
0.70	3376347	4	0	0	0	0	0	0	0	0	0
0.80	3363640	4	0	0	0	0	0	0	0	0	0
0.90	3350902	4	0	0	0	0	0	0	0	0	0
1.00	3338135	4	0	0	0	0	0	0	0	0	0
1.10	3325339	4	0	0	0	0	0	0	0	0	0
1.20	3312512	4	0	0	0	0	0	0	0	0	0
1.30	3299655	4	0	0	0	0	0	0	0	0	0
1.40	3286767	4	0	0	0	0	0	0	0	0	0
1.50	3273848	4	0	0	0	0	0	0	0	0	0
1.60	3260898	4	0	0	0	0	0	0	0	0	0
1.70	3247916	4	0	0	0	0	0	0	0	0	0
1.80	3234903	4	0	0	0	0	0	0	0	0	0
1.90	3221857	4	0	0	0	0	0	0	0	0	0
2.00	3208779	4	0	0	0	0	0	0	0	0	0
2.10	3195669	4	0	0	0	0	0	0	0	0	0
2.20	3182526	4	0	0	0	0	0	0	0	0	0
2.30	3169349	4	0	0	0	0	0	0	0	0	0
2.40	3156139	4	0	0	0	0	0	0	0	0	0
2.50	3142895	4	0	0	0	0	0	0	0	0	0
2.60	3129617	4	0	0	0	0	0	0	0	0	0
2.70	3116304	4	0	0	0	0	0	0	0	0	0
2.80	3102957	4	0	0	0	0	0	0	0	0	0
2.90	3089574	4	0	0	0	0	0	0	0	0	0
3.00	3076156	4	0	0	0	0	0	0	0	0	0
3.10	3062702	4	0	0	0	0	0	0	0	0	0
3.20	3049211	4	0	0	0	0	0	0	0	0	0
3.30	3035685	4	0	0	0	0	0	0	0	0	0
3.40	3022121	4	0	0	0	0	0	0	0	0	0
3.50	3008520	4	0	0	0	0	0	0	0	0	0
3.60	2994881	4	0	0	0	0	0	0	0	0	0
3.70	2981205	4	0	0	0	0	0	0	0	0	0
3.80	2967490	4	0	0	0	0	0	0	0	0	0
3.90	2953736	4	0	0	0	0	0	0	0	0	0
4.00	2939943	4	0	0	0	0	0	0	0	0	0
4.10	2926110	4	0	0	0	0	0	0	0	0	0
4.20	2912237	4	0	0	0	0	0	0	0	0	0
4.30	2898324	4	0	0	0	0	0	0	0	0	0
4.40	2884369	4	0	0	0	0	0	0	0	0	0
4.50	2870374	4	0	0	0	0	0	0	0	0	0
4.60	2856336	4	0	0	0	0	0	0	0	0	0
4.70	2842257	4	0	0	0	0	0	0	0	0	0
4.80	2828134	4	0	0	0	0	0	0	0	0	0
4.90	2813969	4	0	0	0	0	0	0	0	0	0
5.00	2799759	4	0	0	0	0	0	0	0	0	0
5.10	2785506	4	0	0	0	0	0	0	0	0	0
5.20	2771208	4	0	0	0	0	0	0	0	0	0
5.30	2756864	4	0	0	0	0	0	0	0	0	0
5.40	2742475	4	0	0	0	0	0	0	0	0	0
5.50	2728040	4	0	0	0	0	0	0	0	0	0
5.60	2713558	4	0	0	0	0	0	0	0	0	0
5.70	2699028	4	0	0	0	0	0	0	0	0	0
5.80	2684451	4	0	0	0	0	0	0	0	0	0
5.90	2669825	4	0	0	0	0	0	0	0	0	0
6.00	2655150	4	0	0	0	0	0	0	0	0	0
6.10	2640425	4	0	0	0	0	0	0	0	0	0
6.20	2625650	4	0	0	0	0	0	0	0	0	0
6.30	2610824	4	0	0	0	0	0	0	0	0	0
6.40	2595946	4	0	0	0	0	0	0	0	0	0
6.50	2581016	4	0	0	0	0	0	0	0	0	0
6.60	2566033	4	0	0	0	0	0	0	0	0	0
6.70	2550997	4	0	0	0	0	0	0	0	0	0
6.80	2535906	4	0	0	0	0	0	0	0	0	0
6.90	2520760	4	0	0	0	0	0	0	0	0	0
7.00	2505558	4	0	0	0	0	0	0	0	0	0
7.10	2490300	4	0	0	0	0	0	0	0	0	0
7.20	2474985	4	0	0	0	0	0	0	0	0	0
7.30	2459611	4	0	0	0	0	0	0	0	0	0
7.40	2444178	4	0	0	0	0	0	0	0	0	0
7.50	2428686	4	0	0	0	0	0	0	0	0	0
7.60	2413133	4	0	0	0	0	0	0	0	0	0
7.70	2397519	4	0	0	0	0	0	0	0	0	0
7.80	2381842	4	0	0	0	0	0	0	0	0	0
7.90	2366102	4	0	0	0	0	0	0	0	0	0
8.00	2350298	4	0	0	0	0	0	0	0	0	0
8.10	2334428	4	0	0	0	0	0	0	0	0	0
8.20	2318493	4	0	0	0	0	0	0	0	0	0
8.30	2302490	4	0	0	0	0	0	0	0	0	0
8.40	2286419	4	0	0	0	0	0	0	0	0	0
8.50	2270279	4	0	0	0	0	0	0	0	0	0
8.60	2254068	4	0	0	0	0	0	0	0	0	0
8.70	2237786	4	0	0	0	0	0	0	0	0	0
8.80	2221431	4	0	0	0	0	0	0	0	0	0
8.90	2205002	4	0	0	0	0	0	0	0	0	0
9.00	2188498	4	0	0	0	0	0	0	0	0	0
9.10	2171918	4	0	0	0	0	0	0	0	0	0
9.20	2155260	4	0	0	0	0	0	0	0	0	0
9.30	2138523	4	0	0	0	0	0	0	0	0	0
9.40	2121706	4	0	0	0	0	0	0	0	0	0
9.50	2104807	4	0	0	0	0	0	0	0	0	0
9.60	2087824	4	0	0	0	0	0	0	0	0	0
9.70	2070757	4	0	0	0	0	0	0	0	0	0
9.80	2053603	4	0	0	0	0	0	0	0	0	0
9.90	2036362	4	0	0	0	0	0	0	0	0	0
10.00	2019031	4	0	0	0	0	0	0	0	0	0
10.10	2001608	4	0	0	0	0	0	0	0	0	0
10.20	1984092	4	0	0	0	0	0	0	0	0	0
10.30	1966482	4	0	0	0	0	0	0	0	0	0
10.40	1948774	4	0	0	0	0	0	0	0	0	0
10.50	1930968	4	0	0	0	0	0	0	0	0	0
10.60	1913061	4	0	0	0	0	0	0	0	0	0
10.70	1895051	4	0	0	0	0	0	0	0	0	0
10.80	1876935	4	0	0	0	0	0	0	0	0	0
10.90	1858713	4	0	0	0	0	0	0	0	0	0
11.00	1840380	4	0	0	0	0	0	0	0	0	0
11.10	1821935	4	0	0	0	0	0	0	0	0	0
11.20	1803376	4	0	0	0	0	0	0	0	0	0
11.30	1784699	4	0	0	0	0	0	0	0	0	0
11.40	1765902	4	0	0	0	0	0	0	0	0	0
11.50	1746982	4	0	0	0	0	0	0	0	0	0
11.60	1727936	4	0	0	0	0	0	0	0	0	0
11.70	1708761	4	0	0	0	0	0	0	0	0	0
11.80	1689453	4	0	0	0	0	0	0	0	0	0
11.90	1670010	4	0	0	0	0	0	0	0	0	0
12.00	1650427	4	0	0	0	0	0	0	0	0	0
12.10	1630702	4	0	0	0	0	0	0	0	0	0
12.20	1610829	4	0	0	0	0	0	0	0	0	0
12.30	1590806	4	0	0	0	0	0	0	0	0	0
12.40	1570628	4	0	0	0	0	0	0	0	0	0
12.50	1550290	4	0	0	0	0	0	0	0	0	0
12.60	1529788	4	0	0	0	0	0	0	0	0	0
12.70	1509116	4	0	0	0	0	0	0	0	0	0
12.80	1488270	4	0	0	0	0	0	0	0	0	0
12.90	1467245	4	0	0	0	0	0	0	0	0	0
13.00	1446033	4	0	0	0	0	0	0	0	0	0
13.10	1424630	4	0	0	0	0	0	0	0	0	0
13.20	1403028	4	0	0	0	0	0	0	0	0	0
13.30	1381222	4	0	0	0	0	0	0	0	0	0
13.40	1359203	4	0	0	0	0	0	0	0	0	0
13.50	1336964	4	0	0	0	0	0	0	0	0	0
13.60	1314497	4	0	0	0	0	0	0	0	0	0
13.70	1291793	4	0	0	0	0	0	0	0	0	0
13.80	1268842	4	0	0	0	0	0	0	0	0	0
13.90	1245635	4	0	0	0	0	0	0	0	0	0
14.00	1222160	4	0	0	0	0	0	0	0	0	0
14.10	1198407	4	0	0	0	0	0	0	0	0	0
14.20	1174363	4	0	0	0	0	0	0	0	0	0
14.30	1150015	4	0	0	0	0	0	0	0	0	0
14.40	1125347	4	0	0	0	0	0	0	0	0	0
14.50	1100344	4	0	0	0	0	0	0	0	0	0
14.60	1074990	4	0	0	0	0	0	0	0	0	0
14.70	1049265	4	0	0	0	0	0	0	0	0	0
14.80	1023148	4	0	0	0	0	0	0	0	0	0
14.90	996618	4	0	0	0	0	0	0	0	0	0
15.00	969650	4	0	0	0	0	0	0	0	0	0
15.10	942215	4	0	0	0	0	0	0	0	0	0
15.20	914283	4	0	0	0	0	0	0	0	0	0
15.30	885820	4	0	0	0	0	0	0	0	0	0
15.40	856787	4	0	0	0	0	0	0	0	0	0
15.50	827140	4	0	0	0	0	0	0	0	0	0
15.60	796829	4	0	0	0	0	0	0	0	0	0
15.70	765797	4	0	0	0	0	0	0	0	0	0
15.80	733977	4	0	0	0	0	0	0	0	0	0
15.90	701291	4	0	0	0	0	0	0	0	0	0
16.00	667646	4	0	0	0	0	0	0	0	0	0
16.10	632931	4	0	0	0	0	0	0	0	0	0
16.20	597012	4	0	0	0	0	0	0	0	0	0
16.30	559721	4	0	0	0	0	0	0	0	0	0
16.40	520845	4	0	0	0	0	0	0	0	0	0
16.50	480108	4	0	0	0	0	0	0	0	0	0
16.60	437139	4	0	0	0	0	0	0	0	0	0
16.70	391414	4	0	0	0	0	0	0	0	0	0
16.80	342156	4	0	0	0	0	0	0	0	0	0
16.90	288106	4	0	0	0	0	0	0	0	0	0
17.00	226948	4	0	0	0	0	0	0	0	0	0
17.10	153263	4	0	0	0	0	0	0	0	0	0
17.20	40664	4	0	0	0	0	0	0	0	0	0
17.21	0	4	0	0	0	0	0	0	0	0	0