-999	"MyLake init"
Z (m)	Az (m2)	Tz (deg C)	Cz	Sz (kg/m3)	TPz (mg/m3)	DOPz (mg/m3)	Chlaz (mg/m3)	DOCz (mg/m3)	TPz_sed (mg/m3)	Chlaz_sed (mg/m3)	"Fvol_IM (m3/m3	 dry w.)"	Hice (m)	Hsnow (m)
0.00	16929597	4	0	0	0	0	0	0	0	0	0	0	0
0.10	16864219	4	0	0	0	0	0	0	0	0	0
0.20	16798891	4	0	0	0	0	0	0	0	0	0
0.30	16733611	4	0	0	0	0	0	0	0	0	0
0.40	16668381	4	0	0	0	0	0	0	0	0	0
0.50	16603200	4	0	0	0	0	0	0	0	0	0
0.60	16538069	4	0	0	0	0	0	0	0	0	0
0.70	16472987	4	0	0	0	0	0	0	0	0	0
0.80	16407956	4	0	0	0	0	0	0	0	0	0
0.90	16342974	4	0	0	0	0	0	0	0	0	0
1.00	16278042	4	0	0	0	0	0	0	0	0	0
1.10	16213161	4	0	0	0	0	0	0	0	0	0
1.20	16148329	4	0	0	0	0	0	0	0	0	0
1.30	16083549	4	0	0	0	0	0	0	0	0	0
1.40	16018818	4	0	0	0	0	0	0	0	0	0
1.50	15954139	4	0	0	0	0	0	0	0	0	0
1.60	15889510	4	0	0	0	0	0	0	0	0	0
1.70	15824932	4	0	0	0	0	0	0	0	0	0
1.80	15760405	4	0	0	0	0	0	0	0	0	0
1.90	15695930	4	0	0	0	0	0	0	0	0	0
2.00	15631505	4	0	0	0	0	0	0	0	0	0
2.10	15567133	4	0	0	0	0	0	0	0	0	0
2.20	15502811	4	0	0	0	0	0	0	0	0	0
2.30	15438542	4	0	0	0	0	0	0	0	0	0
2.40	15374324	4	0	0	0	0	0	0	0	0	0
2.50	15310158	4	0	0	0	0	0	0	0	0	0
2.60	15246044	4	0	0	0	0	0	0	0	0	0
2.70	15181983	4	0	0	0	0	0	0	0	0	0
2.80	15117974	4	0	0	0	0	0	0	0	0	0
2.90	15054017	4	0	0	0	0	0	0	0	0	0
3.00	14990113	4	0	0	0	0	0	0	0	0	0
3.10	14926262	4	0	0	0	0	0	0	0	0	0
3.20	14862464	4	0	0	0	0	0	0	0	0	0
3.30	14798719	4	0	0	0	0	0	0	0	0	0
3.40	14735027	4	0	0	0	0	0	0	0	0	0
3.50	14671388	4	0	0	0	0	0	0	0	0	0
3.60	14607803	4	0	0	0	0	0	0	0	0	0
3.70	14544271	4	0	0	0	0	0	0	0	0	0
3.80	14480793	4	0	0	0	0	0	0	0	0	0
3.90	14417369	4	0	0	0	0	0	0	0	0	0
4.00	14354000	4	0	0	0	0	0	0	0	0	0
4.10	14290684	4	0	0	0	0	0	0	0	0	0
4.20	14227423	4	0	0	0	0	0	0	0	0	0
4.30	14164216	4	0	0	0	0	0	0	0	0	0
4.40	14101064	4	0	0	0	0	0	0	0	0	0
4.50	14037966	4	0	0	0	0	0	0	0	0	0
4.60	13974924	4	0	0	0	0	0	0	0	0	0
4.70	13911936	4	0	0	0	0	0	0	0	0	0
4.80	13849004	4	0	0	0	0	0	0	0	0	0
4.90	13786127	4	0	0	0	0	0	0	0	0	0
5.00	13723306	4	0	0	0	0	0	0	0	0	0
5.10	13660541	4	0	0	0	0	0	0	0	0	0
5.20	13597831	4	0	0	0	0	0	0	0	0	0
5.30	13535178	4	0	0	0	0	0	0	0	0	0
5.40	13472580	4	0	0	0	0	0	0	0	0	0
5.50	13410039	4	0	0	0	0	0	0	0	0	0
5.60	13347555	4	0	0	0	0	0	0	0	0	0
5.70	13285127	4	0	0	0	0	0	0	0	0	0
5.80	13222756	4	0	0	0	0	0	0	0	0	0
5.90	13160441	4	0	0	0	0	0	0	0	0	0
6.00	13098185	4	0	0	0	0	0	0	0	0	0
6.10	13035985	4	0	0	0	0	0	0	0	0	0
6.20	12973843	4	0	0	0	0	0	0	0	0	0
6.30	12911758	4	0	0	0	0	0	0	0	0	0
6.40	12849732	4	0	0	0	0	0	0	0	0	0
6.50	12787763	4	0	0	0	0	0	0	0	0	0
6.60	12725853	4	0	0	0	0	0	0	0	0	0
6.70	12664000	4	0	0	0	0	0	0	0	0	0
6.80	12602207	4	0	0	0	0	0	0	0	0	0
6.90	12540472	4	0	0	0	0	0	0	0	0	0
7.00	12478796	4	0	0	0	0	0	0	0	0	0
7.10	12417179	4	0	0	0	0	0	0	0	0	0
7.20	12355621	4	0	0	0	0	0	0	0	0	0
7.30	12294123	4	0	0	0	0	0	0	0	0	0
7.40	12232684	4	0	0	0	0	0	0	0	0	0
7.50	12171305	4	0	0	0	0	0	0	0	0	0
7.60	12109986	4	0	0	0	0	0	0	0	0	0
7.70	12048727	4	0	0	0	0	0	0	0	0	0
7.80	11987528	4	0	0	0	0	0	0	0	0	0
7.90	11926390	4	0	0	0	0	0	0	0	0	0
8.00	11865313	4	0	0	0	0	0	0	0	0	0
8.10	11804296	4	0	0	0	0	0	0	0	0	0
8.20	11743341	4	0	0	0	0	0	0	0	0	0
8.30	11682447	4	0	0	0	0	0	0	0	0	0
8.40	11621614	4	0	0	0	0	0	0	0	0	0
8.50	11560843	4	0	0	0	0	0	0	0	0	0
8.60	11500134	4	0	0	0	0	0	0	0	0	0
8.70	11439487	4	0	0	0	0	0	0	0	0	0
8.80	11378902	4	0	0	0	0	0	0	0	0	0
8.90	11318380	4	0	0	0	0	0	0	0	0	0
9.00	11257921	4	0	0	0	0	0	0	0	0	0
9.10	11197524	4	0	0	0	0	0	0	0	0	0
9.20	11137190	4	0	0	0	0	0	0	0	0	0
9.30	11076920	4	0	0	0	0	0	0	0	0	0
9.40	11016713	4	0	0	0	0	0	0	0	0	0
9.50	10956570	4	0	0	0	0	0	0	0	0	0
9.60	10896491	4	0	0	0	0	0	0	0	0	0
9.70	10836476	4	0	0	0	0	0	0	0	0	0
9.80	10776526	4	0	0	0	0	0	0	0	0	0
9.90	10716640	4	0	0	0	0	0	0	0	0	0
10.00	10656819	4	0	0	0	0	0	0	0	0	0
10.10	10597062	4	0	0	0	0	0	0	0	0	0
10.20	10537372	4	0	0	0	0	0	0	0	0	0
10.30	10477746	4	0	0	0	0	0	0	0	0	0
10.40	10418187	4	0	0	0	0	0	0	0	0	0
10.50	10358693	4	0	0	0	0	0	0	0	0	0
10.60	10299265	4	0	0	0	0	0	0	0	0	0
10.70	10239904	4	0	0	0	0	0	0	0	0	0
10.80	10180610	4	0	0	0	0	0	0	0	0	0
10.90	10121382	4	0	0	0	0	0	0	0	0	0
11.00	10062222	4	0	0	0	0	0	0	0	0	0
11.10	10003128	4	0	0	0	0	0	0	0	0	0
11.20	9944103	4	0	0	0	0	0	0	0	0	0
11.30	9885145	4	0	0	0	0	0	0	0	0	0
11.40	9826256	4	0	0	0	0	0	0	0	0	0
11.50	9767435	4	0	0	0	0	0	0	0	0	0
11.60	9708682	4	0	0	0	0	0	0	0	0	0
11.70	9649998	4	0	0	0	0	0	0	0	0	0
11.80	9591384	4	0	0	0	0	0	0	0	0	0
11.90	9532838	4	0	0	0	0	0	0	0	0	0
12.00	9474363	4	0	0	0	0	0	0	0	0	0
12.10	9415957	4	0	0	0	0	0	0	0	0	0
12.20	9357621	4	0	0	0	0	0	0	0	0	0
12.30	9299356	4	0	0	0	0	0	0	0	0	0
12.40	9241162	4	0	0	0	0	0	0	0	0	0
12.50	9183038	4	0	0	0	0	0	0	0	0	0
12.60	9124986	4	0	0	0	0	0	0	0	0	0
12.70	9067005	4	0	0	0	0	0	0	0	0	0
12.80	9009096	4	0	0	0	0	0	0	0	0	0
12.90	8951259	4	0	0	0	0	0	0	0	0	0
13.00	8893495	4	0	0	0	0	0	0	0	0	0
13.10	8835803	4	0	0	0	0	0	0	0	0	0
13.20	8778184	4	0	0	0	0	0	0	0	0	0
13.30	8720638	4	0	0	0	0	0	0	0	0	0
13.40	8663166	4	0	0	0	0	0	0	0	0	0
13.50	8605768	4	0	0	0	0	0	0	0	0	0
13.60	8548444	4	0	0	0	0	0	0	0	0	0
13.70	8491194	4	0	0	0	0	0	0	0	0	0
13.80	8434019	4	0	0	0	0	0	0	0	0	0
13.90	8376919	4	0	0	0	0	0	0	0	0	0
14.00	8319895	4	0	0	0	0	0	0	0	0	0
14.10	8262946	4	0	0	0	0	0	0	0	0	0
14.20	8206073	4	0	0	0	0	0	0	0	0	0
14.30	8149276	4	0	0	0	0	0	0	0	0	0
14.40	8092556	4	0	0	0	0	0	0	0	0	0
14.50	8035913	4	0	0	0	0	0	0	0	0	0
14.60	7979348	4	0	0	0	0	0	0	0	0	0
14.70	7922860	4	0	0	0	0	0	0	0	0	0
14.80	7866450	4	0	0	0	0	0	0	0	0	0
14.90	7810118	4	0	0	0	0	0	0	0	0	0
15.00	7753865	4	0	0	0	0	0	0	0	0	0
15.10	7697691	4	0	0	0	0	0	0	0	0	0
15.20	7641596	4	0	0	0	0	0	0	0	0	0
15.30	7585581	4	0	0	0	0	0	0	0	0	0
15.40	7529646	4	0	0	0	0	0	0	0	0	0
15.50	7473792	4	0	0	0	0	0	0	0	0	0
15.60	7418018	4	0	0	0	0	0	0	0	0	0
15.70	7362326	4	0	0	0	0	0	0	0	0	0
15.80	7306715	4	0	0	0	0	0	0	0	0	0
15.90	7251186	4	0	0	0	0	0	0	0	0	0
16.00	7195740	4	0	0	0	0	0	0	0	0	0
16.10	7140376	4	0	0	0	0	0	0	0	0	0
16.20	7085095	4	0	0	0	0	0	0	0	0	0
16.30	7029898	4	0	0	0	0	0	0	0	0	0
16.40	6974784	4	0	0	0	0	0	0	0	0	0
16.50	6919755	4	0	0	0	0	0	0	0	0	0
16.60	6864811	4	0	0	0	0	0	0	0	0	0
16.70	6809952	4	0	0	0	0	0	0	0	0	0
16.80	6755178	4	0	0	0	0	0	0	0	0	0
16.90	6700490	4	0	0	0	0	0	0	0	0	0
17.00	6645889	4	0	0	0	0	0	0	0	0	0
17.10	6591375	4	0	0	0	0	0	0	0	0	0
17.20	6536948	4	0	0	0	0	0	0	0	0	0
17.30	6482608	4	0	0	0	0	0	0	0	0	0
17.40	6428357	4	0	0	0	0	0	0	0	0	0
17.50	6374194	4	0	0	0	0	0	0	0	0	0
17.60	6320121	4	0	0	0	0	0	0	0	0	0
17.70	6266137	4	0	0	0	0	0	0	0	0	0
17.80	6212243	4	0	0	0	0	0	0	0	0	0
17.90	6158439	4	0	0	0	0	0	0	0	0	0
18.00	6104727	4	0	0	0	0	0	0	0	0	0
18.10	6051106	4	0	0	0	0	0	0	0	0	0
18.20	5997577	4	0	0	0	0	0	0	0	0	0
18.30	5944140	4	0	0	0	0	0	0	0	0	0
18.40	5890797	4	0	0	0	0	0	0	0	0	0
18.50	5837547	4	0	0	0	0	0	0	0	0	0
18.60	5784390	4	0	0	0	0	0	0	0	0	0
18.70	5731329	4	0	0	0	0	0	0	0	0	0
18.80	5678362	4	0	0	0	0	0	0	0	0	0
18.90	5625492	4	0	0	0	0	0	0	0	0	0
19.00	5572717	4	0	0	0	0	0	0	0	0	0
19.10	5520039	4	0	0	0	0	0	0	0	0	0
19.20	5467458	4	0	0	0	0	0	0	0	0	0
19.30	5414976	4	0	0	0	0	0	0	0	0	0
19.40	5362591	4	0	0	0	0	0	0	0	0	0
19.50	5310306	4	0	0	0	0	0	0	0	0	0
19.60	5258120	4	0	0	0	0	0	0	0	0	0
19.70	5206035	4	0	0	0	0	0	0	0	0	0
19.80	5154050	4	0	0	0	0	0	0	0	0	0
19.90	5102167	4	0	0	0	0	0	0	0	0	0
20.00	5050386	4	0	0	0	0	0	0	0	0	0
20.10	4998707	4	0	0	0	0	0	0	0	0	0
20.20	4947132	4	0	0	0	0	0	0	0	0	0
20.30	4895662	4	0	0	0	0	0	0	0	0	0
20.40	4844295	4	0	0	0	0	0	0	0	0	0
20.50	4793034	4	0	0	0	0	0	0	0	0	0
20.60	4741880	4	0	0	0	0	0	0	0	0	0
20.70	4690832	4	0	0	0	0	0	0	0	0	0
20.80	4639891	4	0	0	0	0	0	0	0	0	0
20.90	4589059	4	0	0	0	0	0	0	0	0	0
21.00	4538336	4	0	0	0	0	0	0	0	0	0
21.10	4487722	4	0	0	0	0	0	0	0	0	0
21.20	4437219	4	0	0	0	0	0	0	0	0	0
21.30	4386827	4	0	0	0	0	0	0	0	0	0
21.40	4336547	4	0	0	0	0	0	0	0	0	0
21.50	4286379	4	0	0	0	0	0	0	0	0	0
21.60	4236326	4	0	0	0	0	0	0	0	0	0
21.70	4186386	4	0	0	0	0	0	0	0	0	0
21.80	4136562	4	0	0	0	0	0	0	0	0	0
21.90	4086854	4	0	0	0	0	0	0	0	0	0
22.00	4037263	4	0	0	0	0	0	0	0	0	0
22.10	3987790	4	0	0	0	0	0	0	0	0	0
22.20	3938436	4	0	0	0	0	0	0	0	0	0
22.30	3889201	4	0	0	0	0	0	0	0	0	0
22.40	3840087	4	0	0	0	0	0	0	0	0	0
22.50	3791094	4	0	0	0	0	0	0	0	0	0
22.60	3742223	4	0	0	0	0	0	0	0	0	0
22.70	3693477	4	0	0	0	0	0	0	0	0	0
22.80	3644854	4	0	0	0	0	0	0	0	0	0
22.90	3596357	4	0	0	0	0	0	0	0	0	0
23.00	3547986	4	0	0	0	0	0	0	0	0	0
23.10	3499743	4	0	0	0	0	0	0	0	0	0
23.20	3451629	4	0	0	0	0	0	0	0	0	0
23.30	3403644	4	0	0	0	0	0	0	0	0	0
23.40	3355790	4	0	0	0	0	0	0	0	0	0
23.50	3308068	4	0	0	0	0	0	0	0	0	0
23.60	3260479	4	0	0	0	0	0	0	0	0	0
23.70	3213025	4	0	0	0	0	0	0	0	0	0
23.80	3165706	4	0	0	0	0	0	0	0	0	0
23.90	3118523	4	0	0	0	0	0	0	0	0	0
24.00	3071479	4	0	0	0	0	0	0	0	0	0
24.10	3024574	4	0	0	0	0	0	0	0	0	0
24.20	2977809	4	0	0	0	0	0	0	0	0	0
24.30	2931187	4	0	0	0	0	0	0	0	0	0
24.40	2884708	4	0	0	0	0	0	0	0	0	0
24.50	2838374	4	0	0	0	0	0	0	0	0	0
24.60	2792185	4	0	0	0	0	0	0	0	0	0
24.70	2746145	4	0	0	0	0	0	0	0	0	0
24.80	2700253	4	0	0	0	0	0	0	0	0	0
24.90	2654513	4	0	0	0	0	0	0	0	0	0
25.00	2608925	4	0	0	0	0	0	0	0	0	0
25.10	2563490	4	0	0	0	0	0	0	0	0	0
25.20	2518211	4	0	0	0	0	0	0	0	0	0
25.30	2473090	4	0	0	0	0	0	0	0	0	0
25.40	2428128	4	0	0	0	0	0	0	0	0	0
25.50	2383326	4	0	0	0	0	0	0	0	0	0
25.60	2338687	4	0	0	0	0	0	0	0	0	0
25.70	2294213	4	0	0	0	0	0	0	0	0	0
25.80	2249905	4	0	0	0	0	0	0	0	0	0
25.90	2205766	4	0	0	0	0	0	0	0	0	0
26.00	2161798	4	0	0	0	0	0	0	0	0	0
26.10	2118002	4	0	0	0	0	0	0	0	0	0
26.20	2074381	4	0	0	0	0	0	0	0	0	0
26.30	2030937	4	0	0	0	0	0	0	0	0	0
26.40	1987672	4	0	0	0	0	0	0	0	0	0
26.50	1944590	4	0	0	0	0	0	0	0	0	0
26.60	1901692	4	0	0	0	0	0	0	0	0	0
26.70	1858980	4	0	0	0	0	0	0	0	0	0
26.80	1816458	4	0	0	0	0	0	0	0	0	0
26.90	1774128	4	0	0	0	0	0	0	0	0	0
27.00	1731993	4	0	0	0	0	0	0	0	0	0
27.10	1690056	4	0	0	0	0	0	0	0	0	0
27.20	1648320	4	0	0	0	0	0	0	0	0	0
27.30	1606788	4	0	0	0	0	0	0	0	0	0
27.40	1565462	4	0	0	0	0	0	0	0	0	0
27.50	1524347	4	0	0	0	0	0	0	0	0	0
27.60	1483447	4	0	0	0	0	0	0	0	0	0
27.70	1442763	4	0	0	0	0	0	0	0	0	0
27.80	1402301	4	0	0	0	0	0	0	0	0	0
27.90	1362064	4	0	0	0	0	0	0	0	0	0
28.00	1322056	4	0	0	0	0	0	0	0	0	0
28.10	1282282	4	0	0	0	0	0	0	0	0	0
28.20	1242745	4	0	0	0	0	0	0	0	0	0
28.30	1203451	4	0	0	0	0	0	0	0	0	0
28.40	1164404	4	0	0	0	0	0	0	0	0	0
28.50	1125609	4	0	0	0	0	0	0	0	0	0
28.60	1087072	4	0	0	0	0	0	0	0	0	0
28.70	1048797	4	0	0	0	0	0	0	0	0	0
28.80	1010792	4	0	0	0	0	0	0	0	0	0
28.90	973062	4	0	0	0	0	0	0	0	0	0
29.00	935614	4	0	0	0	0	0	0	0	0	0
29.10	898454	4	0	0	0	0	0	0	0	0	0
29.20	861589	4	0	0	0	0	0	0	0	0	0
29.30	825028	4	0	0	0	0	0	0	0	0	0
29.40	788779	4	0	0	0	0	0	0	0	0	0
29.50	752850	4	0	0	0	0	0	0	0	0	0
29.60	717250	4	0	0	0	0	0	0	0	0	0
29.70	681990	4	0	0	0	0	0	0	0	0	0
29.80	647079	4	0	0	0	0	0	0	0	0	0
29.90	612531	4	0	0	0	0	0	0	0	0	0
30.00	578356	4	0	0	0	0	0	0	0	0	0
30.10	544568	4	0	0	0	0	0	0	0	0	0
30.20	511182	4	0	0	0	0	0	0	0	0	0
30.30	478214	4	0	0	0	0	0	0	0	0	0
30.40	445681	4	0	0	0	0	0	0	0	0	0
30.50	413603	4	0	0	0	0	0	0	0	0	0
30.60	381999	4	0	0	0	0	0	0	0	0	0
30.70	350896	4	0	0	0	0	0	0	0	0	0
30.80	320318	4	0	0	0	0	0	0	0	0	0
30.90	290296	4	0	0	0	0	0	0	0	0	0
31.00	260866	4	0	0	0	0	0	0	0	0	0
31.10	232066	4	0	0	0	0	0	0	0	0	0
31.20	203944	4	0	0	0	0	0	0	0	0	0
31.30	176556	4	0	0	0	0	0	0	0	0	0
31.40	149970	4	0	0	0	0	0	0	0	0	0
31.50	124271	4	0	0	0	0	0	0	0	0	0
31.60	99567	4	0	0	0	0	0	0	0	0	0
31.70	76004	4	0	0	0	0	0	0	0	0	0
31.80	53792	4	0	0	0	0	0	0	0	0	0
31.90	33257	4	0	0	0	0	0	0	0	0	0
32.00	15007	4	0	0	0	0	0	0	0	0	0
32.10	871	4	0	0	0	0	0	0	0	0	0
32.11	0	4	0	0	0	0	0	0	0	0	0