-999	"MyLake init"
Z (m)	Az (m2)	Tz (deg C)	Cz	Sz (kg/m3)	TPz (mg/m3)	DOPz (mg/m3)	Chlaz (mg/m3)	DOCz (mg/m3)	TPz_sed (mg/m3)	Chlaz_sed (mg/m3)	"Fvol_IM (m3/m3	 dry w.)"	Hice (m)	Hsnow (m)
0.00	3684179	4	0	0	0	0	0	0	0	0	0	0	0
0.10	3659473	4	0	0	0	0	0	0	0	0	0
0.20	3634870	4	0	0	0	0	0	0	0	0	0
0.30	3610369	4	0	0	0	0	0	0	0	0	0
0.40	3585970	4	0	0	0	0	0	0	0	0	0
0.50	3561674	4	0	0	0	0	0	0	0	0	0
0.60	3537479	4	0	0	0	0	0	0	0	0	0
0.70	3513387	4	0	0	0	0	0	0	0	0	0
0.80	3489396	4	0	0	0	0	0	0	0	0	0
0.90	3465507	4	0	0	0	0	0	0	0	0	0
1.00	3441719	4	0	0	0	0	0	0	0	0	0
1.10	3418032	4	0	0	0	0	0	0	0	0	0
1.20	3394446	4	0	0	0	0	0	0	0	0	0
1.30	3370961	4	0	0	0	0	0	0	0	0	0
1.40	3347577	4	0	0	0	0	0	0	0	0	0
1.50	3324293	4	0	0	0	0	0	0	0	0	0
1.60	3301110	4	0	0	0	0	0	0	0	0	0
1.70	3278027	4	0	0	0	0	0	0	0	0	0
1.80	3255044	4	0	0	0	0	0	0	0	0	0
1.90	3232161	4	0	0	0	0	0	0	0	0	0
2.00	3209377	4	0	0	0	0	0	0	0	0	0
2.10	3186693	4	0	0	0	0	0	0	0	0	0
2.20	3164109	4	0	0	0	0	0	0	0	0	0
2.30	3141623	4	0	0	0	0	0	0	0	0	0
2.40	3119237	4	0	0	0	0	0	0	0	0	0
2.50	3096949	4	0	0	0	0	0	0	0	0	0
2.60	3074761	4	0	0	0	0	0	0	0	0	0
2.70	3052670	4	0	0	0	0	0	0	0	0	0
2.80	3030678	4	0	0	0	0	0	0	0	0	0
2.90	3008785	4	0	0	0	0	0	0	0	0	0
3.00	2986989	4	0	0	0	0	0	0	0	0	0
3.10	2965291	4	0	0	0	0	0	0	0	0	0
3.20	2943691	4	0	0	0	0	0	0	0	0	0
3.30	2922188	4	0	0	0	0	0	0	0	0	0
3.40	2900783	4	0	0	0	0	0	0	0	0	0
3.50	2879475	4	0	0	0	0	0	0	0	0	0
3.60	2858264	4	0	0	0	0	0	0	0	0	0
3.70	2837150	4	0	0	0	0	0	0	0	0	0
3.80	2816132	4	0	0	0	0	0	0	0	0	0
3.90	2795211	4	0	0	0	0	0	0	0	0	0
4.00	2774387	4	0	0	0	0	0	0	0	0	0
4.10	2753658	4	0	0	0	0	0	0	0	0	0
4.20	2733026	4	0	0	0	0	0	0	0	0	0
4.30	2712489	4	0	0	0	0	0	0	0	0	0
4.40	2692048	4	0	0	0	0	0	0	0	0	0
4.50	2671702	4	0	0	0	0	0	0	0	0	0
4.60	2651452	4	0	0	0	0	0	0	0	0	0
4.70	2631297	4	0	0	0	0	0	0	0	0	0
4.80	2611237	4	0	0	0	0	0	0	0	0	0
4.90	2591272	4	0	0	0	0	0	0	0	0	0
5.00	2571401	4	0	0	0	0	0	0	0	0	0
5.10	2551625	4	0	0	0	0	0	0	0	0	0
5.20	2531943	4	0	0	0	0	0	0	0	0	0
5.30	2512355	4	0	0	0	0	0	0	0	0	0
5.40	2492861	4	0	0	0	0	0	0	0	0	0
5.50	2473461	4	0	0	0	0	0	0	0	0	0
5.60	2454154	4	0	0	0	0	0	0	0	0	0
5.70	2434941	4	0	0	0	0	0	0	0	0	0
5.80	2415821	4	0	0	0	0	0	0	0	0	0
5.90	2396795	4	0	0	0	0	0	0	0	0	0
6.00	2377861	4	0	0	0	0	0	0	0	0	0
6.10	2359020	4	0	0	0	0	0	0	0	0	0
6.20	2340271	4	0	0	0	0	0	0	0	0	0
6.30	2321615	4	0	0	0	0	0	0	0	0	0
6.40	2303051	4	0	0	0	0	0	0	0	0	0
6.50	2284579	4	0	0	0	0	0	0	0	0	0
6.60	2266199	4	0	0	0	0	0	0	0	0	0
6.70	2247910	4	0	0	0	0	0	0	0	0	0
6.80	2229713	4	0	0	0	0	0	0	0	0	0
6.90	2211608	4	0	0	0	0	0	0	0	0	0
7.00	2193593	4	0	0	0	0	0	0	0	0	0
7.10	2175670	4	0	0	0	0	0	0	0	0	0
7.20	2157837	4	0	0	0	0	0	0	0	0	0
7.30	2140095	4	0	0	0	0	0	0	0	0	0
7.40	2122444	4	0	0	0	0	0	0	0	0	0
7.50	2104882	4	0	0	0	0	0	0	0	0	0
7.60	2087411	4	0	0	0	0	0	0	0	0	0
7.70	2070030	4	0	0	0	0	0	0	0	0	0
7.80	2052738	4	0	0	0	0	0	0	0	0	0
7.90	2035536	4	0	0	0	0	0	0	0	0	0
8.00	2018424	4	0	0	0	0	0	0	0	0	0
8.10	2001400	4	0	0	0	0	0	0	0	0	0
8.20	1984466	4	0	0	0	0	0	0	0	0	0
8.30	1967620	4	0	0	0	0	0	0	0	0	0
8.40	1950863	4	0	0	0	0	0	0	0	0	0
8.50	1934195	4	0	0	0	0	0	0	0	0	0
8.60	1917615	4	0	0	0	0	0	0	0	0	0
8.70	1901123	4	0	0	0	0	0	0	0	0	0
8.80	1884719	4	0	0	0	0	0	0	0	0	0
8.90	1868403	4	0	0	0	0	0	0	0	0	0
9.00	1852174	4	0	0	0	0	0	0	0	0	0
9.10	1836033	4	0	0	0	0	0	0	0	0	0
9.20	1819979	4	0	0	0	0	0	0	0	0	0
9.30	1804012	4	0	0	0	0	0	0	0	0	0
9.40	1788132	4	0	0	0	0	0	0	0	0	0
9.50	1772339	4	0	0	0	0	0	0	0	0	0
9.60	1756632	4	0	0	0	0	0	0	0	0	0
9.70	1741012	4	0	0	0	0	0	0	0	0	0
9.80	1725478	4	0	0	0	0	0	0	0	0	0
9.90	1710029	4	0	0	0	0	0	0	0	0	0
10.00	1694667	4	0	0	0	0	0	0	0	0	0
10.10	1679390	4	0	0	0	0	0	0	0	0	0
10.20	1664198	4	0	0	0	0	0	0	0	0	0
10.30	1649092	4	0	0	0	0	0	0	0	0	0
10.40	1634070	4	0	0	0	0	0	0	0	0	0
10.50	1619134	4	0	0	0	0	0	0	0	0	0
10.60	1604282	4	0	0	0	0	0	0	0	0	0
10.70	1589515	4	0	0	0	0	0	0	0	0	0
10.80	1574832	4	0	0	0	0	0	0	0	0	0
10.90	1560233	4	0	0	0	0	0	0	0	0	0
11.00	1545718	4	0	0	0	0	0	0	0	0	0
11.10	1531287	4	0	0	0	0	0	0	0	0	0
11.20	1516940	4	0	0	0	0	0	0	0	0	0
11.30	1502676	4	0	0	0	0	0	0	0	0	0
11.40	1488495	4	0	0	0	0	0	0	0	0	0
11.50	1474397	4	0	0	0	0	0	0	0	0	0
11.60	1460382	4	0	0	0	0	0	0	0	0	0
11.70	1446449	4	0	0	0	0	0	0	0	0	0
11.80	1432599	4	0	0	0	0	0	0	0	0	0
11.90	1418832	4	0	0	0	0	0	0	0	0	0
12.00	1405146	4	0	0	0	0	0	0	0	0	0
12.10	1391542	4	0	0	0	0	0	0	0	0	0
12.20	1378020	4	0	0	0	0	0	0	0	0	0
12.30	1364580	4	0	0	0	0	0	0	0	0	0
12.40	1351221	4	0	0	0	0	0	0	0	0	0
12.50	1337943	4	0	0	0	0	0	0	0	0	0
12.60	1324746	4	0	0	0	0	0	0	0	0	0
12.70	1311629	4	0	0	0	0	0	0	0	0	0
12.80	1298593	4	0	0	0	0	0	0	0	0	0
12.90	1285638	4	0	0	0	0	0	0	0	0	0
13.00	1272763	4	0	0	0	0	0	0	0	0	0
13.10	1259968	4	0	0	0	0	0	0	0	0	0
13.20	1247252	4	0	0	0	0	0	0	0	0	0
13.30	1234617	4	0	0	0	0	0	0	0	0	0
13.40	1222060	4	0	0	0	0	0	0	0	0	0
13.50	1209583	4	0	0	0	0	0	0	0	0	0
13.60	1197185	4	0	0	0	0	0	0	0	0	0
13.70	1184866	4	0	0	0	0	0	0	0	0	0
13.80	1172626	4	0	0	0	0	0	0	0	0	0
13.90	1160464	4	0	0	0	0	0	0	0	0	0
14.00	1148380	4	0	0	0	0	0	0	0	0	0
14.10	1136374	4	0	0	0	0	0	0	0	0	0
14.20	1124446	4	0	0	0	0	0	0	0	0	0
14.30	1112596	4	0	0	0	0	0	0	0	0	0
14.40	1100824	4	0	0	0	0	0	0	0	0	0
14.50	1089128	4	0	0	0	0	0	0	0	0	0
14.60	1077510	4	0	0	0	0	0	0	0	0	0
14.70	1065969	4	0	0	0	0	0	0	0	0	0
14.80	1054504	4	0	0	0	0	0	0	0	0	0
14.90	1043116	4	0	0	0	0	0	0	0	0	0
15.00	1031805	4	0	0	0	0	0	0	0	0	0
15.10	1020569	4	0	0	0	0	0	0	0	0	0
15.20	1009410	4	0	0	0	0	0	0	0	0	0
15.30	998326	4	0	0	0	0	0	0	0	0	0
15.40	987317	4	0	0	0	0	0	0	0	0	0
15.50	976384	4	0	0	0	0	0	0	0	0	0
15.60	965527	4	0	0	0	0	0	0	0	0	0
15.70	954744	4	0	0	0	0	0	0	0	0	0
15.80	944036	4	0	0	0	0	0	0	0	0	0
15.90	933402	4	0	0	0	0	0	0	0	0	0
16.00	922843	4	0	0	0	0	0	0	0	0	0
16.10	912358	4	0	0	0	0	0	0	0	0	0
16.20	901947	4	0	0	0	0	0	0	0	0	0
16.30	891609	4	0	0	0	0	0	0	0	0	0
16.40	881345	4	0	0	0	0	0	0	0	0	0
16.50	871155	4	0	0	0	0	0	0	0	0	0
16.60	861038	4	0	0	0	0	0	0	0	0	0
16.70	850993	4	0	0	0	0	0	0	0	0	0
16.80	841022	4	0	0	0	0	0	0	0	0	0
16.90	831123	4	0	0	0	0	0	0	0	0	0
17.00	821296	4	0	0	0	0	0	0	0	0	0
17.10	811541	4	0	0	0	0	0	0	0	0	0
17.20	801859	4	0	0	0	0	0	0	0	0	0
17.30	792248	4	0	0	0	0	0	0	0	0	0
17.40	782708	4	0	0	0	0	0	0	0	0	0
17.50	773240	4	0	0	0	0	0	0	0	0	0
17.60	763843	4	0	0	0	0	0	0	0	0	0
17.70	754517	4	0	0	0	0	0	0	0	0	0
17.80	745262	4	0	0	0	0	0	0	0	0	0
17.90	736077	4	0	0	0	0	0	0	0	0	0
18.00	726963	4	0	0	0	0	0	0	0	0	0
18.10	717918	4	0	0	0	0	0	0	0	0	0
18.20	708944	4	0	0	0	0	0	0	0	0	0
18.30	700039	4	0	0	0	0	0	0	0	0	0
18.40	691203	4	0	0	0	0	0	0	0	0	0
18.50	682437	4	0	0	0	0	0	0	0	0	0
18.60	673740	4	0	0	0	0	0	0	0	0	0
18.70	665112	4	0	0	0	0	0	0	0	0	0
18.80	656552	4	0	0	0	0	0	0	0	0	0
18.90	648061	4	0	0	0	0	0	0	0	0	0
19.00	639638	4	0	0	0	0	0	0	0	0	0
19.10	631283	4	0	0	0	0	0	0	0	0	0
19.20	622996	4	0	0	0	0	0	0	0	0	0
19.30	614776	4	0	0	0	0	0	0	0	0	0
19.40	606624	4	0	0	0	0	0	0	0	0	0
19.50	598539	4	0	0	0	0	0	0	0	0	0
19.60	590521	4	0	0	0	0	0	0	0	0	0
19.70	582569	4	0	0	0	0	0	0	0	0	0
19.80	574685	4	0	0	0	0	0	0	0	0	0
19.90	566866	4	0	0	0	0	0	0	0	0	0
20.00	559113	4	0	0	0	0	0	0	0	0	0
20.10	551427	4	0	0	0	0	0	0	0	0	0
20.20	543806	4	0	0	0	0	0	0	0	0	0
20.30	536250	4	0	0	0	0	0	0	0	0	0
20.40	528760	4	0	0	0	0	0	0	0	0	0
20.50	521335	4	0	0	0	0	0	0	0	0	0
20.60	513974	4	0	0	0	0	0	0	0	0	0
20.70	506679	4	0	0	0	0	0	0	0	0	0
20.80	499447	4	0	0	0	0	0	0	0	0	0
20.90	492280	4	0	0	0	0	0	0	0	0	0
21.00	485176	4	0	0	0	0	0	0	0	0	0
21.10	478136	4	0	0	0	0	0	0	0	0	0
21.20	471160	4	0	0	0	0	0	0	0	0	0
21.30	464247	4	0	0	0	0	0	0	0	0	0
21.40	457397	4	0	0	0	0	0	0	0	0	0
21.50	450610	4	0	0	0	0	0	0	0	0	0
21.60	443886	4	0	0	0	0	0	0	0	0	0
21.70	437224	4	0	0	0	0	0	0	0	0	0
21.80	430624	4	0	0	0	0	0	0	0	0	0
21.90	424085	4	0	0	0	0	0	0	0	0	0
22.00	417609	4	0	0	0	0	0	0	0	0	0
22.10	411194	4	0	0	0	0	0	0	0	0	0
22.20	404841	4	0	0	0	0	0	0	0	0	0
22.30	398548	4	0	0	0	0	0	0	0	0	0
22.40	392317	4	0	0	0	0	0	0	0	0	0
22.50	386145	4	0	0	0	0	0	0	0	0	0
22.60	380035	4	0	0	0	0	0	0	0	0	0
22.70	373984	4	0	0	0	0	0	0	0	0	0
22.80	367993	4	0	0	0	0	0	0	0	0	0
22.90	362062	4	0	0	0	0	0	0	0	0	0
23.00	356191	4	0	0	0	0	0	0	0	0	0
23.10	350378	4	0	0	0	0	0	0	0	0	0
23.20	344625	4	0	0	0	0	0	0	0	0	0
23.30	338930	4	0	0	0	0	0	0	0	0	0
23.40	333294	4	0	0	0	0	0	0	0	0	0
23.50	327716	4	0	0	0	0	0	0	0	0	0
23.60	322197	4	0	0	0	0	0	0	0	0	0
23.70	316735	4	0	0	0	0	0	0	0	0	0
23.80	311331	4	0	0	0	0	0	0	0	0	0
23.90	305984	4	0	0	0	0	0	0	0	0	0
24.00	300694	4	0	0	0	0	0	0	0	0	0
24.10	295461	4	0	0	0	0	0	0	0	0	0
24.20	290285	4	0	0	0	0	0	0	0	0	0
24.30	285165	4	0	0	0	0	0	0	0	0	0
24.40	280101	4	0	0	0	0	0	0	0	0	0
24.50	275094	4	0	0	0	0	0	0	0	0	0
24.60	270142	4	0	0	0	0	0	0	0	0	0
24.70	265245	4	0	0	0	0	0	0	0	0	0
24.80	260404	4	0	0	0	0	0	0	0	0	0
24.90	255618	4	0	0	0	0	0	0	0	0	0
25.00	250887	4	0	0	0	0	0	0	0	0	0
25.10	246210	4	0	0	0	0	0	0	0	0	0
25.20	241587	4	0	0	0	0	0	0	0	0	0
25.30	237018	4	0	0	0	0	0	0	0	0	0
25.40	232504	4	0	0	0	0	0	0	0	0	0
25.50	228042	4	0	0	0	0	0	0	0	0	0
25.60	223634	4	0	0	0	0	0	0	0	0	0
25.70	219279	4	0	0	0	0	0	0	0	0	0
25.80	214977	4	0	0	0	0	0	0	0	0	0
25.90	210728	4	0	0	0	0	0	0	0	0	0
26.00	206530	4	0	0	0	0	0	0	0	0	0
26.10	202385	4	0	0	0	0	0	0	0	0	0
26.20	198292	4	0	0	0	0	0	0	0	0	0
26.30	194250	4	0	0	0	0	0	0	0	0	0
26.40	190260	4	0	0	0	0	0	0	0	0	0
26.50	186320	4	0	0	0	0	0	0	0	0	0
26.60	182432	4	0	0	0	0	0	0	0	0	0
26.70	178594	4	0	0	0	0	0	0	0	0	0
26.80	174806	4	0	0	0	0	0	0	0	0	0
26.90	171068	4	0	0	0	0	0	0	0	0	0
27.00	167381	4	0	0	0	0	0	0	0	0	0
27.10	163742	4	0	0	0	0	0	0	0	0	0
27.20	160153	4	0	0	0	0	0	0	0	0	0
27.30	156613	4	0	0	0	0	0	0	0	0	0
27.40	153122	4	0	0	0	0	0	0	0	0	0
27.50	149680	4	0	0	0	0	0	0	0	0	0
27.60	146285	4	0	0	0	0	0	0	0	0	0
27.70	142939	4	0	0	0	0	0	0	0	0	0
27.80	139640	4	0	0	0	0	0	0	0	0	0
27.90	136389	4	0	0	0	0	0	0	0	0	0
28.00	133185	4	0	0	0	0	0	0	0	0	0
28.10	130028	4	0	0	0	0	0	0	0	0	0
28.20	126917	4	0	0	0	0	0	0	0	0	0
28.30	123854	4	0	0	0	0	0	0	0	0	0
28.40	120836	4	0	0	0	0	0	0	0	0	0
28.50	117864	4	0	0	0	0	0	0	0	0	0
28.60	114937	4	0	0	0	0	0	0	0	0	0
28.70	112056	4	0	0	0	0	0	0	0	0	0
28.80	109221	4	0	0	0	0	0	0	0	0	0
28.90	106429	4	0	0	0	0	0	0	0	0	0
29.00	103683	4	0	0	0	0	0	0	0	0	0
29.10	100980	4	0	0	0	0	0	0	0	0	0
29.20	98322	4	0	0	0	0	0	0	0	0	0
29.30	95707	4	0	0	0	0	0	0	0	0	0
29.40	93136	4	0	0	0	0	0	0	0	0	0
29.50	90608	4	0	0	0	0	0	0	0	0	0
29.60	88123	4	0	0	0	0	0	0	0	0	0
29.70	85680	4	0	0	0	0	0	0	0	0	0
29.80	83280	4	0	0	0	0	0	0	0	0	0
29.90	80921	4	0	0	0	0	0	0	0	0	0
30.00	78605	4	0	0	0	0	0	0	0	0	0
30.10	76329	4	0	0	0	0	0	0	0	0	0
30.20	74095	4	0	0	0	0	0	0	0	0	0
30.30	71902	4	0	0	0	0	0	0	0	0	0
30.40	69750	4	0	0	0	0	0	0	0	0	0
30.50	67637	4	0	0	0	0	0	0	0	0	0
30.60	65565	4	0	0	0	0	0	0	0	0	0
30.70	63533	4	0	0	0	0	0	0	0	0	0
30.80	61539	4	0	0	0	0	0	0	0	0	0
30.90	59585	4	0	0	0	0	0	0	0	0	0
31.00	57670	4	0	0	0	0	0	0	0	0	0
31.10	55794	4	0	0	0	0	0	0	0	0	0
31.20	53955	4	0	0	0	0	0	0	0	0	0
31.30	52155	4	0	0	0	0	0	0	0	0	0
31.40	50392	4	0	0	0	0	0	0	0	0	0
31.50	48666	4	0	0	0	0	0	0	0	0	0
31.60	46977	4	0	0	0	0	0	0	0	0	0
31.70	45326	4	0	0	0	0	0	0	0	0	0
31.80	43710	4	0	0	0	0	0	0	0	0	0
31.90	42131	4	0	0	0	0	0	0	0	0	0
32.00	40587	4	0	0	0	0	0	0	0	0	0
32.10	39079	4	0	0	0	0	0	0	0	0	0
32.20	37606	4	0	0	0	0	0	0	0	0	0
32.30	36167	4	0	0	0	0	0	0	0	0	0
32.40	34764	4	0	0	0	0	0	0	0	0	0
32.50	33394	4	0	0	0	0	0	0	0	0	0
32.60	32059	4	0	0	0	0	0	0	0	0	0
32.70	30756	4	0	0	0	0	0	0	0	0	0
32.80	29487	4	0	0	0	0	0	0	0	0	0
32.90	28251	4	0	0	0	0	0	0	0	0	0
33.00	27048	4	0	0	0	0	0	0	0	0	0
33.10	25877	4	0	0	0	0	0	0	0	0	0
33.20	24737	4	0	0	0	0	0	0	0	0	0
33.30	23629	4	0	0	0	0	0	0	0	0	0
33.40	22553	4	0	0	0	0	0	0	0	0	0
33.50	21507	4	0	0	0	0	0	0	0	0	0
33.60	20492	4	0	0	0	0	0	0	0	0	0
33.70	19506	4	0	0	0	0	0	0	0	0	0
33.80	18551	4	0	0	0	0	0	0	0	0	0
33.90	17625	4	0	0	0	0	0	0	0	0	0
34.00	16729	4	0	0	0	0	0	0	0	0	0
34.10	15861	4	0	0	0	0	0	0	0	0	0
34.20	15021	4	0	0	0	0	0	0	0	0	0
34.30	14210	4	0	0	0	0	0	0	0	0	0
34.40	13426	4	0	0	0	0	0	0	0	0	0
34.50	12669	4	0	0	0	0	0	0	0	0	0
34.60	11940	4	0	0	0	0	0	0	0	0	0
34.70	11237	4	0	0	0	0	0	0	0	0	0
34.80	10560	4	0	0	0	0	0	0	0	0	0
34.90	9909	4	0	0	0	0	0	0	0	0	0
35.00	9283	4	0	0	0	0	0	0	0	0	0
35.10	8682	4	0	0	0	0	0	0	0	0	0
35.20	8106	4	0	0	0	0	0	0	0	0	0
35.30	7555	4	0	0	0	0	0	0	0	0	0
35.40	7027	4	0	0	0	0	0	0	0	0	0
35.50	6522	4	0	0	0	0	0	0	0	0	0
35.60	6041	4	0	0	0	0	0	0	0	0	0
35.70	5582	4	0	0	0	0	0	0	0	0	0
35.80	5145	4	0	0	0	0	0	0	0	0	0
35.90	4730	4	0	0	0	0	0	0	0	0	0
36.00	4337	4	0	0	0	0	0	0	0	0	0
36.10	3964	4	0	0	0	0	0	0	0	0	0
36.20	3612	4	0	0	0	0	0	0	0	0	0
36.30	3280	4	0	0	0	0	0	0	0	0	0
36.40	2967	4	0	0	0	0	0	0	0	0	0
36.50	2674	4	0	0	0	0	0	0	0	0	0
36.60	2399	4	0	0	0	0	0	0	0	0	0
36.70	2142	4	0	0	0	0	0	0	0	0	0
36.80	1904	4	0	0	0	0	0	0	0	0	0
36.90	1682	4	0	0	0	0	0	0	0	0	0
37.00	1477	4	0	0	0	0	0	0	0	0	0
37.10	1288	4	0	0	0	0	0	0	0	0	0
37.20	1115	4	0	0	0	0	0	0	0	0	0
37.30	957	4	0	0	0	0	0	0	0	0	0
37.40	814	4	0	0	0	0	0	0	0	0	0
37.50	685	4	0	0	0	0	0	0	0	0	0
37.60	569	4	0	0	0	0	0	0	0	0	0
37.70	466	4	0	0	0	0	0	0	0	0	0
37.80	376	4	0	0	0	0	0	0	0	0	0
37.90	297	4	0	0	0	0	0	0	0	0	0
38.00	229	4	0	0	0	0	0	0	0	0	0
38.10	172	4	0	0	0	0	0	0	0	0	0
38.20	125	4	0	0	0	0	0	0	0	0	0
38.30	87	4	0	0	0	0	0	0	0	0	0
38.40	56	4	0	0	0	0	0	0	0	0	0
38.50	34	4	0	0	0	0	0	0	0	0	0
38.60	18	4	0	0	0	0	0	0	0	0	0
38.70	8	4	0	0	0	0	0	0	0	0	0
38.80	2	4	0	0	0	0	0	0	0	0	0
38.90	0	4	0	0	0	0	0	0	0	0	0
38.96	0	4	0	0	0	0	0	0	0	0	0