-999	"MyLake init"
Z (m)	Az (m2)	Tz (deg C)	Cz	Sz (kg/m3)	TPz (mg/m3)	DOPz (mg/m3)	Chlaz (mg/m3)	DOCz (mg/m3)	TPz_sed (mg/m3)	Chlaz_sed (mg/m3)	"Fvol_IM (m3/m3	 dry w.)"	Hice (m)	Hsnow (m)
0.00	50861687	4	0	0	0	0	0	0	0	0	0	0	0
0.10	50701224	4	0	0	0	0	0	0	0	0	0
0.20	50540841	4	0	0	0	0	0	0	0	0	0
0.30	50380540	4	0	0	0	0	0	0	0	0	0
0.40	50220320	4	0	0	0	0	0	0	0	0	0
0.50	50060181	4	0	0	0	0	0	0	0	0	0
0.60	49900124	4	0	0	0	0	0	0	0	0	0
0.70	49740149	4	0	0	0	0	0	0	0	0	0
0.80	49580256	4	0	0	0	0	0	0	0	0	0
0.90	49420444	4	0	0	0	0	0	0	0	0	0
1.00	49260716	4	0	0	0	0	0	0	0	0	0
1.10	49101069	4	0	0	0	0	0	0	0	0	0
1.20	48941506	4	0	0	0	0	0	0	0	0	0
1.30	48782025	4	0	0	0	0	0	0	0	0	0
1.40	48622627	4	0	0	0	0	0	0	0	0	0
1.50	48463313	4	0	0	0	0	0	0	0	0	0
1.60	48304082	4	0	0	0	0	0	0	0	0	0
1.70	48144935	4	0	0	0	0	0	0	0	0	0
1.80	47985871	4	0	0	0	0	0	0	0	0	0
1.90	47826892	4	0	0	0	0	0	0	0	0	0
2.00	47667997	4	0	0	0	0	0	0	0	0	0
2.10	47509186	4	0	0	0	0	0	0	0	0	0
2.20	47350459	4	0	0	0	0	0	0	0	0	0
2.30	47191818	4	0	0	0	0	0	0	0	0	0
2.40	47033261	4	0	0	0	0	0	0	0	0	0
2.50	46874790	4	0	0	0	0	0	0	0	0	0
2.60	46716403	4	0	0	0	0	0	0	0	0	0
2.70	46558103	4	0	0	0	0	0	0	0	0	0
2.80	46399888	4	0	0	0	0	0	0	0	0	0
2.90	46241759	4	0	0	0	0	0	0	0	0	0
3.00	46083716	4	0	0	0	0	0	0	0	0	0
3.10	45925760	4	0	0	0	0	0	0	0	0	0
3.20	45767890	4	0	0	0	0	0	0	0	0	0
3.30	45610107	4	0	0	0	0	0	0	0	0	0
3.40	45452411	4	0	0	0	0	0	0	0	0	0
3.50	45294802	4	0	0	0	0	0	0	0	0	0
3.60	45137280	4	0	0	0	0	0	0	0	0	0
3.70	44979846	4	0	0	0	0	0	0	0	0	0
3.80	44822500	4	0	0	0	0	0	0	0	0	0
3.90	44665242	4	0	0	0	0	0	0	0	0	0
4.00	44508072	4	0	0	0	0	0	0	0	0	0
4.10	44350990	4	0	0	0	0	0	0	0	0	0
4.20	44193997	4	0	0	0	0	0	0	0	0	0
4.30	44037093	4	0	0	0	0	0	0	0	0	0
4.40	43880278	4	0	0	0	0	0	0	0	0	0
4.50	43723552	4	0	0	0	0	0	0	0	0	0
4.60	43566916	4	0	0	0	0	0	0	0	0	0
4.70	43410369	4	0	0	0	0	0	0	0	0	0
4.80	43253913	4	0	0	0	0	0	0	0	0	0
4.90	43097546	4	0	0	0	0	0	0	0	0	0
5.00	42941270	4	0	0	0	0	0	0	0	0	0
5.10	42785085	4	0	0	0	0	0	0	0	0	0
5.20	42628990	4	0	0	0	0	0	0	0	0	0
5.30	42472986	4	0	0	0	0	0	0	0	0	0
5.40	42317074	4	0	0	0	0	0	0	0	0	0
5.50	42161253	4	0	0	0	0	0	0	0	0	0
5.60	42005524	4	0	0	0	0	0	0	0	0	0
5.70	41849887	4	0	0	0	0	0	0	0	0	0
5.80	41694342	4	0	0	0	0	0	0	0	0	0
5.90	41538889	4	0	0	0	0	0	0	0	0	0
6.00	41383530	4	0	0	0	0	0	0	0	0	0
6.10	41228263	4	0	0	0	0	0	0	0	0	0
6.20	41073089	4	0	0	0	0	0	0	0	0	0
6.30	40918009	4	0	0	0	0	0	0	0	0	0
6.40	40763022	4	0	0	0	0	0	0	0	0	0
6.50	40608129	4	0	0	0	0	0	0	0	0	0
6.60	40453330	4	0	0	0	0	0	0	0	0	0
6.70	40298626	4	0	0	0	0	0	0	0	0	0
6.80	40144016	4	0	0	0	0	0	0	0	0	0
6.90	39989501	4	0	0	0	0	0	0	0	0	0
7.00	39835082	4	0	0	0	0	0	0	0	0	0
7.10	39680757	4	0	0	0	0	0	0	0	0	0
7.20	39526528	4	0	0	0	0	0	0	0	0	0
7.30	39372395	4	0	0	0	0	0	0	0	0	0
7.40	39218359	4	0	0	0	0	0	0	0	0	0
7.50	39064418	4	0	0	0	0	0	0	0	0	0
7.60	38910574	4	0	0	0	0	0	0	0	0	0
7.70	38756827	4	0	0	0	0	0	0	0	0	0
7.80	38603178	4	0	0	0	0	0	0	0	0	0
7.90	38449625	4	0	0	0	0	0	0	0	0	0
8.00	38296171	4	0	0	0	0	0	0	0	0	0
8.10	38142814	4	0	0	0	0	0	0	0	0	0
8.20	37989555	4	0	0	0	0	0	0	0	0	0
8.30	37836395	4	0	0	0	0	0	0	0	0	0
8.40	37683334	4	0	0	0	0	0	0	0	0	0
8.50	37530372	4	0	0	0	0	0	0	0	0	0
8.60	37377509	4	0	0	0	0	0	0	0	0	0
8.70	37224746	4	0	0	0	0	0	0	0	0	0
8.80	37072082	4	0	0	0	0	0	0	0	0	0
8.90	36919519	4	0	0	0	0	0	0	0	0	0
9.00	36767056	4	0	0	0	0	0	0	0	0	0
9.10	36614694	4	0	0	0	0	0	0	0	0	0
9.20	36462433	4	0	0	0	0	0	0	0	0	0
9.30	36310273	4	0	0	0	0	0	0	0	0	0
9.40	36158214	4	0	0	0	0	0	0	0	0	0
9.50	36006258	4	0	0	0	0	0	0	0	0	0
9.60	35854404	4	0	0	0	0	0	0	0	0	0
9.70	35702652	4	0	0	0	0	0	0	0	0	0
9.80	35551003	4	0	0	0	0	0	0	0	0	0
9.90	35399457	4	0	0	0	0	0	0	0	0	0
10.00	35248014	4	0	0	0	0	0	0	0	0	0
10.10	35096675	4	0	0	0	0	0	0	0	0	0
10.20	34945440	4	0	0	0	0	0	0	0	0	0
10.30	34794309	4	0	0	0	0	0	0	0	0	0
10.40	34643282	4	0	0	0	0	0	0	0	0	0
10.50	34492361	4	0	0	0	0	0	0	0	0	0
10.60	34341545	4	0	0	0	0	0	0	0	0	0
10.70	34190834	4	0	0	0	0	0	0	0	0	0
10.80	34040229	4	0	0	0	0	0	0	0	0	0
10.90	33889730	4	0	0	0	0	0	0	0	0	0
11.00	33739338	4	0	0	0	0	0	0	0	0	0
11.10	33589052	4	0	0	0	0	0	0	0	0	0
11.20	33438874	4	0	0	0	0	0	0	0	0	0
11.30	33288803	4	0	0	0	0	0	0	0	0	0
11.40	33138840	4	0	0	0	0	0	0	0	0	0
11.50	32988984	4	0	0	0	0	0	0	0	0	0
11.60	32839238	4	0	0	0	0	0	0	0	0	0
11.70	32689600	4	0	0	0	0	0	0	0	0	0
11.80	32540071	4	0	0	0	0	0	0	0	0	0
11.90	32390651	4	0	0	0	0	0	0	0	0	0
12.00	32241342	4	0	0	0	0	0	0	0	0	0
12.10	32092142	4	0	0	0	0	0	0	0	0	0
12.20	31943053	4	0	0	0	0	0	0	0	0	0
12.30	31794075	4	0	0	0	0	0	0	0	0	0
12.40	31645208	4	0	0	0	0	0	0	0	0	0
12.50	31496453	4	0	0	0	0	0	0	0	0	0
12.60	31347809	4	0	0	0	0	0	0	0	0	0
12.70	31199278	4	0	0	0	0	0	0	0	0	0
12.80	31050859	4	0	0	0	0	0	0	0	0	0
12.90	30902554	4	0	0	0	0	0	0	0	0	0
13.00	30754361	4	0	0	0	0	0	0	0	0	0
13.10	30606283	4	0	0	0	0	0	0	0	0	0
13.20	30458318	4	0	0	0	0	0	0	0	0	0
13.30	30310468	4	0	0	0	0	0	0	0	0	0
13.40	30162733	4	0	0	0	0	0	0	0	0	0
13.50	30015113	4	0	0	0	0	0	0	0	0	0
13.60	29867609	4	0	0	0	0	0	0	0	0	0
13.70	29720221	4	0	0	0	0	0	0	0	0	0
13.80	29572949	4	0	0	0	0	0	0	0	0	0
13.90	29425794	4	0	0	0	0	0	0	0	0	0
14.00	29278757	4	0	0	0	0	0	0	0	0	0
14.10	29131836	4	0	0	0	0	0	0	0	0	0
14.20	28985034	4	0	0	0	0	0	0	0	0	0
14.30	28838351	4	0	0	0	0	0	0	0	0	0
14.40	28691786	4	0	0	0	0	0	0	0	0	0
14.50	28545340	4	0	0	0	0	0	0	0	0	0
14.60	28399014	4	0	0	0	0	0	0	0	0	0
14.70	28252808	4	0	0	0	0	0	0	0	0	0
14.80	28106723	4	0	0	0	0	0	0	0	0	0
14.90	27960758	4	0	0	0	0	0	0	0	0	0
15.00	27814915	4	0	0	0	0	0	0	0	0	0
15.10	27669194	4	0	0	0	0	0	0	0	0	0
15.20	27523595	4	0	0	0	0	0	0	0	0	0
15.30	27378119	4	0	0	0	0	0	0	0	0	0
15.40	27232765	4	0	0	0	0	0	0	0	0	0
15.50	27087536	4	0	0	0	0	0	0	0	0	0
15.60	26942430	4	0	0	0	0	0	0	0	0	0
15.70	26797449	4	0	0	0	0	0	0	0	0	0
15.80	26652592	4	0	0	0	0	0	0	0	0	0
15.90	26507861	4	0	0	0	0	0	0	0	0	0
16.00	26363256	4	0	0	0	0	0	0	0	0	0
16.10	26218777	4	0	0	0	0	0	0	0	0	0
16.20	26074425	4	0	0	0	0	0	0	0	0	0
16.30	25930201	4	0	0	0	0	0	0	0	0	0
16.40	25786104	4	0	0	0	0	0	0	0	0	0
16.50	25642135	4	0	0	0	0	0	0	0	0	0
16.60	25498295	4	0	0	0	0	0	0	0	0	0
16.70	25354584	4	0	0	0	0	0	0	0	0	0
16.80	25211003	4	0	0	0	0	0	0	0	0	0
16.90	25067552	4	0	0	0	0	0	0	0	0	0
17.00	24924232	4	0	0	0	0	0	0	0	0	0
17.10	24781043	4	0	0	0	0	0	0	0	0	0
17.20	24637986	4	0	0	0	0	0	0	0	0	0
17.30	24495062	4	0	0	0	0	0	0	0	0	0
17.40	24352270	4	0	0	0	0	0	0	0	0	0
17.50	24209611	4	0	0	0	0	0	0	0	0	0
17.60	24067086	4	0	0	0	0	0	0	0	0	0
17.70	23924696	4	0	0	0	0	0	0	0	0	0
17.80	23782440	4	0	0	0	0	0	0	0	0	0
17.90	23640320	4	0	0	0	0	0	0	0	0	0
18.00	23498337	4	0	0	0	0	0	0	0	0	0
18.10	23356489	4	0	0	0	0	0	0	0	0	0
18.20	23214779	4	0	0	0	0	0	0	0	0	0
18.30	23073207	4	0	0	0	0	0	0	0	0	0
18.40	22931773	4	0	0	0	0	0	0	0	0	0
18.50	22790478	4	0	0	0	0	0	0	0	0	0
18.60	22649322	4	0	0	0	0	0	0	0	0	0
18.70	22508307	4	0	0	0	0	0	0	0	0	0
18.80	22367432	4	0	0	0	0	0	0	0	0	0
18.90	22226699	4	0	0	0	0	0	0	0	0	0
19.00	22086107	4	0	0	0	0	0	0	0	0	0
19.10	21945658	4	0	0	0	0	0	0	0	0	0
19.20	21805352	4	0	0	0	0	0	0	0	0	0
19.30	21665190	4	0	0	0	0	0	0	0	0	0
19.40	21525172	4	0	0	0	0	0	0	0	0	0
19.50	21385299	4	0	0	0	0	0	0	0	0	0
19.60	21245572	4	0	0	0	0	0	0	0	0	0
19.70	21105991	4	0	0	0	0	0	0	0	0	0
19.80	20966557	4	0	0	0	0	0	0	0	0	0
19.90	20827271	4	0	0	0	0	0	0	0	0	0
20.00	20688133	4	0	0	0	0	0	0	0	0	0
20.10	20549144	4	0	0	0	0	0	0	0	0	0
20.20	20410305	4	0	0	0	0	0	0	0	0	0
20.30	20271616	4	0	0	0	0	0	0	0	0	0
20.40	20133079	4	0	0	0	0	0	0	0	0	0
20.50	19994693	4	0	0	0	0	0	0	0	0	0
20.60	19856459	4	0	0	0	0	0	0	0	0	0
20.70	19718379	4	0	0	0	0	0	0	0	0	0
20.80	19580453	4	0	0	0	0	0	0	0	0	0
20.90	19442682	4	0	0	0	0	0	0	0	0	0
21.00	19305065	4	0	0	0	0	0	0	0	0	0
21.10	19167606	4	0	0	0	0	0	0	0	0	0
21.20	19030303	4	0	0	0	0	0	0	0	0	0
21.30	18893157	4	0	0	0	0	0	0	0	0	0
21.40	18756171	4	0	0	0	0	0	0	0	0	0
21.50	18619343	4	0	0	0	0	0	0	0	0	0
21.60	18482676	4	0	0	0	0	0	0	0	0	0
21.70	18346169	4	0	0	0	0	0	0	0	0	0
21.80	18209825	4	0	0	0	0	0	0	0	0	0
21.90	18073643	4	0	0	0	0	0	0	0	0	0
22.00	17937624	4	0	0	0	0	0	0	0	0	0
22.10	17801769	4	0	0	0	0	0	0	0	0	0
22.20	17666080	4	0	0	0	0	0	0	0	0	0
22.30	17530556	4	0	0	0	0	0	0	0	0	0
22.40	17395199	4	0	0	0	0	0	0	0	0	0
22.50	17260010	4	0	0	0	0	0	0	0	0	0
22.60	17124989	4	0	0	0	0	0	0	0	0	0
22.70	16990138	4	0	0	0	0	0	0	0	0	0
22.80	16855457	4	0	0	0	0	0	0	0	0	0
22.90	16720948	4	0	0	0	0	0	0	0	0	0
23.00	16586611	4	0	0	0	0	0	0	0	0	0
23.10	16452447	4	0	0	0	0	0	0	0	0	0
23.20	16318457	4	0	0	0	0	0	0	0	0	0
23.30	16184643	4	0	0	0	0	0	0	0	0	0
23.40	16051004	4	0	0	0	0	0	0	0	0	0
23.50	15917543	4	0	0	0	0	0	0	0	0	0
23.60	15784259	4	0	0	0	0	0	0	0	0	0
23.70	15651155	4	0	0	0	0	0	0	0	0	0
23.80	15518231	4	0	0	0	0	0	0	0	0	0
23.90	15385489	4	0	0	0	0	0	0	0	0	0
24.00	15252928	4	0	0	0	0	0	0	0	0	0
24.10	15120551	4	0	0	0	0	0	0	0	0	0
24.20	14988359	4	0	0	0	0	0	0	0	0	0
24.30	14856352	4	0	0	0	0	0	0	0	0	0
24.40	14724532	4	0	0	0	0	0	0	0	0	0
24.50	14592899	4	0	0	0	0	0	0	0	0	0
24.60	14461456	4	0	0	0	0	0	0	0	0	0
24.70	14330203	4	0	0	0	0	0	0	0	0	0
24.80	14199141	4	0	0	0	0	0	0	0	0	0
24.90	14068272	4	0	0	0	0	0	0	0	0	0
25.00	13937596	4	0	0	0	0	0	0	0	0	0
25.10	13807116	4	0	0	0	0	0	0	0	0	0
25.20	13676831	4	0	0	0	0	0	0	0	0	0
25.30	13546745	4	0	0	0	0	0	0	0	0	0
25.40	13416857	4	0	0	0	0	0	0	0	0	0
25.50	13287169	4	0	0	0	0	0	0	0	0	0
25.60	13157682	4	0	0	0	0	0	0	0	0	0
25.70	13028399	4	0	0	0	0	0	0	0	0	0
25.80	12899320	4	0	0	0	0	0	0	0	0	0
25.90	12770446	4	0	0	0	0	0	0	0	0	0
26.00	12641779	4	0	0	0	0	0	0	0	0	0
26.10	12513320	4	0	0	0	0	0	0	0	0	0
26.20	12385072	4	0	0	0	0	0	0	0	0	0
26.30	12257035	4	0	0	0	0	0	0	0	0	0
26.40	12129210	4	0	0	0	0	0	0	0	0	0
26.50	12001600	4	0	0	0	0	0	0	0	0	0
26.60	11874206	4	0	0	0	0	0	0	0	0	0
26.70	11747029	4	0	0	0	0	0	0	0	0	0
26.80	11620072	4	0	0	0	0	0	0	0	0	0
26.90	11493335	4	0	0	0	0	0	0	0	0	0
27.00	11366821	4	0	0	0	0	0	0	0	0	0
27.10	11240530	4	0	0	0	0	0	0	0	0	0
27.20	11114466	4	0	0	0	0	0	0	0	0	0
27.30	10988629	4	0	0	0	0	0	0	0	0	0
27.40	10863021	4	0	0	0	0	0	0	0	0	0
27.50	10737644	4	0	0	0	0	0	0	0	0	0
27.60	10612500	4	0	0	0	0	0	0	0	0	0
27.70	10487591	4	0	0	0	0	0	0	0	0	0
27.80	10362919	4	0	0	0	0	0	0	0	0	0
27.90	10238485	4	0	0	0	0	0	0	0	0	0
28.00	10114292	4	0	0	0	0	0	0	0	0	0
28.10	9990342	4	0	0	0	0	0	0	0	0	0
28.20	9866636	4	0	0	0	0	0	0	0	0	0
28.30	9743177	4	0	0	0	0	0	0	0	0	0
28.40	9619967	4	0	0	0	0	0	0	0	0	0
28.50	9497007	4	0	0	0	0	0	0	0	0	0
28.60	9374301	4	0	0	0	0	0	0	0	0	0
28.70	9251851	4	0	0	0	0	0	0	0	0	0
28.80	9129658	4	0	0	0	0	0	0	0	0	0
28.90	9007726	4	0	0	0	0	0	0	0	0	0
29.00	8886056	4	0	0	0	0	0	0	0	0	0
29.10	8764651	4	0	0	0	0	0	0	0	0	0
29.20	8643513	4	0	0	0	0	0	0	0	0	0
29.30	8522646	4	0	0	0	0	0	0	0	0	0
29.40	8402051	4	0	0	0	0	0	0	0	0	0
29.50	8281731	4	0	0	0	0	0	0	0	0	0
29.60	8161689	4	0	0	0	0	0	0	0	0	0
29.70	8041929	4	0	0	0	0	0	0	0	0	0
29.80	7922451	4	0	0	0	0	0	0	0	0	0
29.90	7803261	4	0	0	0	0	0	0	0	0	0
30.00	7684359	4	0	0	0	0	0	0	0	0	0
30.10	7565751	4	0	0	0	0	0	0	0	0	0
30.20	7447438	4	0	0	0	0	0	0	0	0	0
30.30	7329424	4	0	0	0	0	0	0	0	0	0
30.40	7211712	4	0	0	0	0	0	0	0	0	0
30.50	7094305	4	0	0	0	0	0	0	0	0	0
30.60	6977207	4	0	0	0	0	0	0	0	0	0
30.70	6860422	4	0	0	0	0	0	0	0	0	0
30.80	6743953	4	0	0	0	0	0	0	0	0	0
30.90	6627804	4	0	0	0	0	0	0	0	0	0
31.00	6511978	4	0	0	0	0	0	0	0	0	0
31.10	6396479	4	0	0	0	0	0	0	0	0	0
31.20	6281312	4	0	0	0	0	0	0	0	0	0
31.30	6166481	4	0	0	0	0	0	0	0	0	0
31.40	6051990	4	0	0	0	0	0	0	0	0	0
31.50	5937842	4	0	0	0	0	0	0	0	0	0
31.60	5824044	4	0	0	0	0	0	0	0	0	0
31.70	5710599	4	0	0	0	0	0	0	0	0	0
31.80	5597512	4	0	0	0	0	0	0	0	0	0
31.90	5484788	4	0	0	0	0	0	0	0	0	0
32.00	5372432	4	0	0	0	0	0	0	0	0	0
32.10	5260449	4	0	0	0	0	0	0	0	0	0
32.20	5148845	4	0	0	0	0	0	0	0	0	0
32.30	5037626	4	0	0	0	0	0	0	0	0	0
32.40	4926796	4	0	0	0	0	0	0	0	0	0
32.50	4816363	4	0	0	0	0	0	0	0	0	0
32.60	4706332	4	0	0	0	0	0	0	0	0	0
32.70	4596709	4	0	0	0	0	0	0	0	0	0
32.80	4487501	4	0	0	0	0	0	0	0	0	0
32.90	4378716	4	0	0	0	0	0	0	0	0	0
33.00	4270359	4	0	0	0	0	0	0	0	0	0
33.10	4162439	4	0	0	0	0	0	0	0	0	0
33.20	4054963	4	0	0	0	0	0	0	0	0	0
33.30	3947940	4	0	0	0	0	0	0	0	0	0
33.40	3841377	4	0	0	0	0	0	0	0	0	0
33.50	3735283	4	0	0	0	0	0	0	0	0	0
33.60	3629668	4	0	0	0	0	0	0	0	0	0
33.70	3524540	4	0	0	0	0	0	0	0	0	0
33.80	3419909	4	0	0	0	0	0	0	0	0	0
33.90	3315786	4	0	0	0	0	0	0	0	0	0
34.00	3212183	4	0	0	0	0	0	0	0	0	0
34.10	3109109	4	0	0	0	0	0	0	0	0	0
34.20	3006576	4	0	0	0	0	0	0	0	0	0
34.30	2904599	4	0	0	0	0	0	0	0	0	0
34.40	2803189	4	0	0	0	0	0	0	0	0	0
34.50	2702360	4	0	0	0	0	0	0	0	0	0
34.60	2602128	4	0	0	0	0	0	0	0	0	0
34.70	2502508	4	0	0	0	0	0	0	0	0	0
34.80	2403515	4	0	0	0	0	0	0	0	0	0
34.90	2305169	4	0	0	0	0	0	0	0	0	0
35.00	2207487	4	0	0	0	0	0	0	0	0	0
35.10	2110489	4	0	0	0	0	0	0	0	0	0
35.20	2014197	4	0	0	0	0	0	0	0	0	0
35.30	1918633	4	0	0	0	0	0	0	0	0	0
35.40	1823823	4	0	0	0	0	0	0	0	0	0
35.50	1729792	4	0	0	0	0	0	0	0	0	0
35.60	1636569	4	0	0	0	0	0	0	0	0	0
35.70	1544185	4	0	0	0	0	0	0	0	0	0
35.80	1452674	4	0	0	0	0	0	0	0	0	0
35.90	1362073	4	0	0	0	0	0	0	0	0	0
36.00	1272423	4	0	0	0	0	0	0	0	0	0
36.10	1183770	4	0	0	0	0	0	0	0	0	0
36.20	1096163	4	0	0	0	0	0	0	0	0	0
36.30	1009659	4	0	0	0	0	0	0	0	0	0
36.40	924322	4	0	0	0	0	0	0	0	0	0
36.50	840224	4	0	0	0	0	0	0	0	0	0
36.60	757447	4	0	0	0	0	0	0	0	0	0
36.70	676091	4	0	0	0	0	0	0	0	0	0
36.80	596268	4	0	0	0	0	0	0	0	0	0
36.90	518116	4	0	0	0	0	0	0	0	0	0
37.00	441805	4	0	0	0	0	0	0	0	0	0
37.10	367546	4	0	0	0	0	0	0	0	0	0
37.20	295615	4	0	0	0	0	0	0	0	0	0
37.30	226390	4	0	0	0	0	0	0	0	0	0
37.40	160418	4	0	0	0	0	0	0	0	0	0
37.50	98586	4	0	0	0	0	0	0	0	0	0
37.60	42638	4	0	0	0	0	0	0	0	0	0
37.70	0	4	0	0	0	0	0	0	0	0	0