-999	"MyLake init"
Z (m)	Az (m2)	Tz (deg C)	Cz	Sz (kg/m3)	TPz (mg/m3)	DOPz (mg/m3)	Chlaz (mg/m3)	DOCz (mg/m3)	TPz_sed (mg/m3)	Chlaz_sed (mg/m3)	"Fvol_IM (m3/m3	 dry w.)"	Hice (m)	Hsnow (m)
0.00	2046572	4	0	0	0	0	0	0	0	0	0	0	0
0.10	2036268	4	0	0	0	0	0	0	0	0	0
0.20	2025958	4	0	0	0	0	0	0	0	0	0
0.30	2015642	4	0	0	0	0	0	0	0	0	0
0.40	2005319	4	0	0	0	0	0	0	0	0	0
0.50	1994990	4	0	0	0	0	0	0	0	0	0
0.60	1984654	4	0	0	0	0	0	0	0	0	0
0.70	1974311	4	0	0	0	0	0	0	0	0	0
0.80	1963963	4	0	0	0	0	0	0	0	0	0
0.90	1953607	4	0	0	0	0	0	0	0	0	0
1.00	1943245	4	0	0	0	0	0	0	0	0	0
1.10	1932876	4	0	0	0	0	0	0	0	0	0
1.20	1922500	4	0	0	0	0	0	0	0	0	0
1.30	1912118	4	0	0	0	0	0	0	0	0	0
1.40	1901728	4	0	0	0	0	0	0	0	0	0
1.50	1891332	4	0	0	0	0	0	0	0	0	0
1.60	1880929	4	0	0	0	0	0	0	0	0	0
1.70	1870519	4	0	0	0	0	0	0	0	0	0
1.80	1860102	4	0	0	0	0	0	0	0	0	0
1.90	1849678	4	0	0	0	0	0	0	0	0	0
2.00	1839246	4	0	0	0	0	0	0	0	0	0
2.10	1828808	4	0	0	0	0	0	0	0	0	0
2.20	1818362	4	0	0	0	0	0	0	0	0	0
2.30	1807909	4	0	0	0	0	0	0	0	0	0
2.40	1797449	4	0	0	0	0	0	0	0	0	0
2.50	1786981	4	0	0	0	0	0	0	0	0	0
2.60	1776506	4	0	0	0	0	0	0	0	0	0
2.70	1766023	4	0	0	0	0	0	0	0	0	0
2.80	1755533	4	0	0	0	0	0	0	0	0	0
2.90	1745035	4	0	0	0	0	0	0	0	0	0
3.00	1734529	4	0	0	0	0	0	0	0	0	0
3.10	1724016	4	0	0	0	0	0	0	0	0	0
3.20	1713495	4	0	0	0	0	0	0	0	0	0
3.30	1702966	4	0	0	0	0	0	0	0	0	0
3.40	1692429	4	0	0	0	0	0	0	0	0	0
3.50	1681884	4	0	0	0	0	0	0	0	0	0
3.60	1671331	4	0	0	0	0	0	0	0	0	0
3.70	1660771	4	0	0	0	0	0	0	0	0	0
3.80	1650201	4	0	0	0	0	0	0	0	0	0
3.90	1639624	4	0	0	0	0	0	0	0	0	0
4.00	1629039	4	0	0	0	0	0	0	0	0	0
4.10	1618445	4	0	0	0	0	0	0	0	0	0
4.20	1607842	4	0	0	0	0	0	0	0	0	0
4.30	1597232	4	0	0	0	0	0	0	0	0	0
4.40	1586612	4	0	0	0	0	0	0	0	0	0
4.50	1575984	4	0	0	0	0	0	0	0	0	0
4.60	1565348	4	0	0	0	0	0	0	0	0	0
4.70	1554702	4	0	0	0	0	0	0	0	0	0
4.80	1544048	4	0	0	0	0	0	0	0	0	0
4.90	1533385	4	0	0	0	0	0	0	0	0	0
5.00	1522712	4	0	0	0	0	0	0	0	0	0
5.10	1512031	4	0	0	0	0	0	0	0	0	0
5.20	1501340	4	0	0	0	0	0	0	0	0	0
5.30	1490641	4	0	0	0	0	0	0	0	0	0
5.40	1479932	4	0	0	0	0	0	0	0	0	0
5.50	1469213	4	0	0	0	0	0	0	0	0	0
5.60	1458485	4	0	0	0	0	0	0	0	0	0
5.70	1447748	4	0	0	0	0	0	0	0	0	0
5.80	1437000	4	0	0	0	0	0	0	0	0	0
5.90	1426244	4	0	0	0	0	0	0	0	0	0
6.00	1415477	4	0	0	0	0	0	0	0	0	0
6.10	1404700	4	0	0	0	0	0	0	0	0	0
6.20	1393913	4	0	0	0	0	0	0	0	0	0
6.30	1383116	4	0	0	0	0	0	0	0	0	0
6.40	1372309	4	0	0	0	0	0	0	0	0	0
6.50	1361491	4	0	0	0	0	0	0	0	0	0
6.60	1350664	4	0	0	0	0	0	0	0	0	0
6.70	1339825	4	0	0	0	0	0	0	0	0	0
6.80	1328976	4	0	0	0	0	0	0	0	0	0
6.90	1318116	4	0	0	0	0	0	0	0	0	0
7.00	1307245	4	0	0	0	0	0	0	0	0	0
7.10	1296364	4	0	0	0	0	0	0	0	0	0
7.20	1285471	4	0	0	0	0	0	0	0	0	0
7.30	1274567	4	0	0	0	0	0	0	0	0	0
7.40	1263651	4	0	0	0	0	0	0	0	0	0
7.50	1252724	4	0	0	0	0	0	0	0	0	0
7.60	1241786	4	0	0	0	0	0	0	0	0	0
7.70	1230836	4	0	0	0	0	0	0	0	0	0
7.80	1219874	4	0	0	0	0	0	0	0	0	0
7.90	1208900	4	0	0	0	0	0	0	0	0	0
8.00	1197914	4	0	0	0	0	0	0	0	0	0
8.10	1186916	4	0	0	0	0	0	0	0	0	0
8.20	1175905	4	0	0	0	0	0	0	0	0	0
8.30	1164882	4	0	0	0	0	0	0	0	0	0
8.40	1153847	4	0	0	0	0	0	0	0	0	0
8.50	1142798	4	0	0	0	0	0	0	0	0	0
8.60	1131736	4	0	0	0	0	0	0	0	0	0
8.70	1120662	4	0	0	0	0	0	0	0	0	0
8.80	1109574	4	0	0	0	0	0	0	0	0	0
8.90	1098472	4	0	0	0	0	0	0	0	0	0
9.00	1087357	4	0	0	0	0	0	0	0	0	0
9.10	1076228	4	0	0	0	0	0	0	0	0	0
9.20	1065085	4	0	0	0	0	0	0	0	0	0
9.30	1053928	4	0	0	0	0	0	0	0	0	0
9.40	1042757	4	0	0	0	0	0	0	0	0	0
9.50	1031571	4	0	0	0	0	0	0	0	0	0
9.60	1020370	4	0	0	0	0	0	0	0	0	0
9.70	1009155	4	0	0	0	0	0	0	0	0	0
9.80	997924	4	0	0	0	0	0	0	0	0	0
9.90	986678	4	0	0	0	0	0	0	0	0	0
10.00	975416	4	0	0	0	0	0	0	0	0	0
10.10	964139	4	0	0	0	0	0	0	0	0	0
10.20	952845	4	0	0	0	0	0	0	0	0	0
10.30	941536	4	0	0	0	0	0	0	0	0	0
10.40	930209	4	0	0	0	0	0	0	0	0	0
10.50	918866	4	0	0	0	0	0	0	0	0	0
10.60	907506	4	0	0	0	0	0	0	0	0	0
10.70	896129	4	0	0	0	0	0	0	0	0	0
10.80	884734	4	0	0	0	0	0	0	0	0	0
10.90	873322	4	0	0	0	0	0	0	0	0	0
11.00	861891	4	0	0	0	0	0	0	0	0	0
11.10	850442	4	0	0	0	0	0	0	0	0	0
11.20	838974	4	0	0	0	0	0	0	0	0	0
11.30	827487	4	0	0	0	0	0	0	0	0	0
11.40	815980	4	0	0	0	0	0	0	0	0	0
11.50	804454	4	0	0	0	0	0	0	0	0	0
11.60	792908	4	0	0	0	0	0	0	0	0	0
11.70	781342	4	0	0	0	0	0	0	0	0	0
11.80	769754	4	0	0	0	0	0	0	0	0	0
11.90	758146	4	0	0	0	0	0	0	0	0	0
12.00	746515	4	0	0	0	0	0	0	0	0	0
12.10	734863	4	0	0	0	0	0	0	0	0	0
12.20	723189	4	0	0	0	0	0	0	0	0	0
12.30	711491	4	0	0	0	0	0	0	0	0	0
12.40	699770	4	0	0	0	0	0	0	0	0	0
12.50	688025	4	0	0	0	0	0	0	0	0	0
12.60	676256	4	0	0	0	0	0	0	0	0	0
12.70	664462	4	0	0	0	0	0	0	0	0	0
12.80	652642	4	0	0	0	0	0	0	0	0	0
12.90	640797	4	0	0	0	0	0	0	0	0	0
13.00	628925	4	0	0	0	0	0	0	0	0	0
13.10	617025	4	0	0	0	0	0	0	0	0	0
13.20	605098	4	0	0	0	0	0	0	0	0	0
13.30	593142	4	0	0	0	0	0	0	0	0	0
13.40	581157	4	0	0	0	0	0	0	0	0	0
13.50	569141	4	0	0	0	0	0	0	0	0	0
13.60	557095	4	0	0	0	0	0	0	0	0	0
13.70	545017	4	0	0	0	0	0	0	0	0	0
13.80	532907	4	0	0	0	0	0	0	0	0	0
13.90	520763	4	0	0	0	0	0	0	0	0	0
14.00	508584	4	0	0	0	0	0	0	0	0	0
14.10	496371	4	0	0	0	0	0	0	0	0	0
14.20	484120	4	0	0	0	0	0	0	0	0	0
14.30	471832	4	0	0	0	0	0	0	0	0	0
14.40	459505	4	0	0	0	0	0	0	0	0	0
14.50	447138	4	0	0	0	0	0	0	0	0	0
14.60	434729	4	0	0	0	0	0	0	0	0	0
14.70	422277	4	0	0	0	0	0	0	0	0	0
14.80	409780	4	0	0	0	0	0	0	0	0	0
14.90	397237	4	0	0	0	0	0	0	0	0	0
15.00	384645	4	0	0	0	0	0	0	0	0	0
15.10	372003	4	0	0	0	0	0	0	0	0	0
15.20	359309	4	0	0	0	0	0	0	0	0	0
15.30	346561	4	0	0	0	0	0	0	0	0	0
15.40	333755	4	0	0	0	0	0	0	0	0	0
15.50	320889	4	0	0	0	0	0	0	0	0	0
15.60	307960	4	0	0	0	0	0	0	0	0	0
15.70	294966	4	0	0	0	0	0	0	0	0	0
15.80	281901	4	0	0	0	0	0	0	0	0	0
15.90	268762	4	0	0	0	0	0	0	0	0	0
16.00	255545	4	0	0	0	0	0	0	0	0	0
16.10	242245	4	0	0	0	0	0	0	0	0	0
16.20	228855	4	0	0	0	0	0	0	0	0	0
16.30	215369	4	0	0	0	0	0	0	0	0	0
16.40	201781	4	0	0	0	0	0	0	0	0	0
16.50	188080	4	0	0	0	0	0	0	0	0	0
16.60	174257	4	0	0	0	0	0	0	0	0	0
16.70	160299	4	0	0	0	0	0	0	0	0	0
16.80	146192	4	0	0	0	0	0	0	0	0	0
16.90	131918	4	0	0	0	0	0	0	0	0	0
17.00	117453	4	0	0	0	0	0	0	0	0	0
17.10	102769	4	0	0	0	0	0	0	0	0	0
17.20	87824	4	0	0	0	0	0	0	0	0	0
17.30	72562	4	0	0	0	0	0	0	0	0	0
17.40	56897	4	0	0	0	0	0	0	0	0	0
17.50	40682	4	0	0	0	0	0	0	0	0	0
17.60	23611	4	0	0	0	0	0	0	0	0	0
17.70	4592	4	0	0	0	0	0	0	0	0	0
17.72	0	4	0	0	0	0	0	0	0	0	0