-999	"MyLake init"
Z (m)	Az (m2)	Tz (deg C)	Cz	Sz (kg/m3)	TPz (mg/m3)	DOPz (mg/m3)	Chlaz (mg/m3)	DOCz (mg/m3)	TPz_sed (mg/m3)	Chlaz_sed (mg/m3)	"Fvol_IM (m3/m3	 dry w.)"	Hice (m)	Hsnow (m)
0.00	4416622	4	0	0	0	0	0	0	0	0	0	0	0
0.10	4388282	4	0	0	0	0	0	0	0	0	0
0.20	4360056	4	0	0	0	0	0	0	0	0	0
0.30	4331942	4	0	0	0	0	0	0	0	0	0
0.40	4303942	4	0	0	0	0	0	0	0	0	0
0.50	4276054	4	0	0	0	0	0	0	0	0	0
0.60	4248278	4	0	0	0	0	0	0	0	0	0
0.70	4220615	4	0	0	0	0	0	0	0	0	0
0.80	4193064	4	0	0	0	0	0	0	0	0	0
0.90	4165625	4	0	0	0	0	0	0	0	0	0
1.00	4138298	4	0	0	0	0	0	0	0	0	0
1.10	4111082	4	0	0	0	0	0	0	0	0	0
1.20	4083978	4	0	0	0	0	0	0	0	0	0
1.30	4056985	4	0	0	0	0	0	0	0	0	0
1.40	4030103	4	0	0	0	0	0	0	0	0	0
1.50	4003331	4	0	0	0	0	0	0	0	0	0
1.60	3976671	4	0	0	0	0	0	0	0	0	0
1.70	3950121	4	0	0	0	0	0	0	0	0	0
1.80	3923681	4	0	0	0	0	0	0	0	0	0
1.90	3897352	4	0	0	0	0	0	0	0	0	0
2.00	3871133	4	0	0	0	0	0	0	0	0	0
2.10	3845023	4	0	0	0	0	0	0	0	0	0
2.20	3819023	4	0	0	0	0	0	0	0	0	0
2.30	3793132	4	0	0	0	0	0	0	0	0	0
2.40	3767351	4	0	0	0	0	0	0	0	0	0
2.50	3741679	4	0	0	0	0	0	0	0	0	0
2.60	3716116	4	0	0	0	0	0	0	0	0	0
2.70	3690661	4	0	0	0	0	0	0	0	0	0
2.80	3665315	4	0	0	0	0	0	0	0	0	0
2.90	3640077	4	0	0	0	0	0	0	0	0	0
3.00	3614948	4	0	0	0	0	0	0	0	0	0
3.10	3589926	4	0	0	0	0	0	0	0	0	0
3.20	3565013	4	0	0	0	0	0	0	0	0	0
3.30	3540207	4	0	0	0	0	0	0	0	0	0
3.40	3515508	4	0	0	0	0	0	0	0	0	0
3.50	3490917	4	0	0	0	0	0	0	0	0	0
3.60	3466433	4	0	0	0	0	0	0	0	0	0
3.70	3442055	4	0	0	0	0	0	0	0	0	0
3.80	3417785	4	0	0	0	0	0	0	0	0	0
3.90	3393621	4	0	0	0	0	0	0	0	0	0
4.00	3369563	4	0	0	0	0	0	0	0	0	0
4.10	3345612	4	0	0	0	0	0	0	0	0	0
4.20	3321766	4	0	0	0	0	0	0	0	0	0
4.30	3298027	4	0	0	0	0	0	0	0	0	0
4.40	3274393	4	0	0	0	0	0	0	0	0	0
4.50	3250864	4	0	0	0	0	0	0	0	0	0
4.60	3227441	4	0	0	0	0	0	0	0	0	0
4.70	3204123	4	0	0	0	0	0	0	0	0	0
4.80	3180909	4	0	0	0	0	0	0	0	0	0
4.90	3157801	4	0	0	0	0	0	0	0	0	0
5.00	3134797	4	0	0	0	0	0	0	0	0	0
5.10	3111897	4	0	0	0	0	0	0	0	0	0
5.20	3089101	4	0	0	0	0	0	0	0	0	0
5.30	3066410	4	0	0	0	0	0	0	0	0	0
5.40	3043822	4	0	0	0	0	0	0	0	0	0
5.50	3021338	4	0	0	0	0	0	0	0	0	0
5.60	2998957	4	0	0	0	0	0	0	0	0	0
5.70	2976679	4	0	0	0	0	0	0	0	0	0
5.80	2954505	4	0	0	0	0	0	0	0	0	0
5.90	2932433	4	0	0	0	0	0	0	0	0	0
6.00	2910464	4	0	0	0	0	0	0	0	0	0
6.10	2888598	4	0	0	0	0	0	0	0	0	0
6.20	2866834	4	0	0	0	0	0	0	0	0	0
6.30	2845172	4	0	0	0	0	0	0	0	0	0
6.40	2823611	4	0	0	0	0	0	0	0	0	0
6.50	2802153	4	0	0	0	0	0	0	0	0	0
6.60	2780796	4	0	0	0	0	0	0	0	0	0
6.70	2759541	4	0	0	0	0	0	0	0	0	0
6.80	2738386	4	0	0	0	0	0	0	0	0	0
6.90	2717333	4	0	0	0	0	0	0	0	0	0
7.00	2696380	4	0	0	0	0	0	0	0	0	0
7.10	2675528	4	0	0	0	0	0	0	0	0	0
7.20	2654777	4	0	0	0	0	0	0	0	0	0
7.30	2634126	4	0	0	0	0	0	0	0	0	0
7.40	2613574	4	0	0	0	0	0	0	0	0	0
7.50	2593123	4	0	0	0	0	0	0	0	0	0
7.60	2572771	4	0	0	0	0	0	0	0	0	0
7.70	2552519	4	0	0	0	0	0	0	0	0	0
7.80	2532366	4	0	0	0	0	0	0	0	0	0
7.90	2512312	4	0	0	0	0	0	0	0	0	0
8.00	2492357	4	0	0	0	0	0	0	0	0	0
8.10	2472501	4	0	0	0	0	0	0	0	0	0
8.20	2452743	4	0	0	0	0	0	0	0	0	0
8.30	2433084	4	0	0	0	0	0	0	0	0	0
8.40	2413523	4	0	0	0	0	0	0	0	0	0
8.50	2394060	4	0	0	0	0	0	0	0	0	0
8.60	2374694	4	0	0	0	0	0	0	0	0	0
8.70	2355426	4	0	0	0	0	0	0	0	0	0
8.80	2336255	4	0	0	0	0	0	0	0	0	0
8.90	2317182	4	0	0	0	0	0	0	0	0	0
9.00	2298206	4	0	0	0	0	0	0	0	0	0
9.10	2279326	4	0	0	0	0	0	0	0	0	0
9.20	2260543	4	0	0	0	0	0	0	0	0	0
9.30	2241856	4	0	0	0	0	0	0	0	0	0
9.40	2223266	4	0	0	0	0	0	0	0	0	0
9.50	2204771	4	0	0	0	0	0	0	0	0	0
9.60	2186373	4	0	0	0	0	0	0	0	0	0
9.70	2168070	4	0	0	0	0	0	0	0	0	0
9.80	2149863	4	0	0	0	0	0	0	0	0	0
9.90	2131750	4	0	0	0	0	0	0	0	0	0
10.00	2113733	4	0	0	0	0	0	0	0	0	0
10.10	2095811	4	0	0	0	0	0	0	0	0	0
10.20	2077983	4	0	0	0	0	0	0	0	0	0
10.30	2060250	4	0	0	0	0	0	0	0	0	0
10.40	2042611	4	0	0	0	0	0	0	0	0	0
10.50	2025066	4	0	0	0	0	0	0	0	0	0
10.60	2007615	4	0	0	0	0	0	0	0	0	0
10.70	1990258	4	0	0	0	0	0	0	0	0	0
10.80	1972994	4	0	0	0	0	0	0	0	0	0
10.90	1955824	4	0	0	0	0	0	0	0	0	0
11.00	1938746	4	0	0	0	0	0	0	0	0	0
11.10	1921762	4	0	0	0	0	0	0	0	0	0
11.20	1904870	4	0	0	0	0	0	0	0	0	0
11.30	1888071	4	0	0	0	0	0	0	0	0	0
11.40	1871364	4	0	0	0	0	0	0	0	0	0
11.50	1854749	4	0	0	0	0	0	0	0	0	0
11.60	1838226	4	0	0	0	0	0	0	0	0	0
11.70	1821794	4	0	0	0	0	0	0	0	0	0
11.80	1805455	4	0	0	0	0	0	0	0	0	0
11.90	1789206	4	0	0	0	0	0	0	0	0	0
12.00	1773049	4	0	0	0	0	0	0	0	0	0
12.10	1756982	4	0	0	0	0	0	0	0	0	0
12.20	1741007	4	0	0	0	0	0	0	0	0	0
12.30	1725121	4	0	0	0	0	0	0	0	0	0
12.40	1709326	4	0	0	0	0	0	0	0	0	0
12.50	1693622	4	0	0	0	0	0	0	0	0	0
12.60	1678007	4	0	0	0	0	0	0	0	0	0
12.70	1662482	4	0	0	0	0	0	0	0	0	0
12.80	1647046	4	0	0	0	0	0	0	0	0	0
12.90	1631699	4	0	0	0	0	0	0	0	0	0
13.00	1616442	4	0	0	0	0	0	0	0	0	0
13.10	1601274	4	0	0	0	0	0	0	0	0	0
13.20	1586194	4	0	0	0	0	0	0	0	0	0
13.30	1571203	4	0	0	0	0	0	0	0	0	0
13.40	1556300	4	0	0	0	0	0	0	0	0	0
13.50	1541485	4	0	0	0	0	0	0	0	0	0
13.60	1526758	4	0	0	0	0	0	0	0	0	0
13.70	1512119	4	0	0	0	0	0	0	0	0	0
13.80	1497567	4	0	0	0	0	0	0	0	0	0
13.90	1483103	4	0	0	0	0	0	0	0	0	0
14.00	1468725	4	0	0	0	0	0	0	0	0	0
14.10	1454434	4	0	0	0	0	0	0	0	0	0
14.20	1440231	4	0	0	0	0	0	0	0	0	0
14.30	1426113	4	0	0	0	0	0	0	0	0	0
14.40	1412082	4	0	0	0	0	0	0	0	0	0
14.50	1398137	4	0	0	0	0	0	0	0	0	0
14.60	1384277	4	0	0	0	0	0	0	0	0	0
14.70	1370504	4	0	0	0	0	0	0	0	0	0
14.80	1356815	4	0	0	0	0	0	0	0	0	0
14.90	1343212	4	0	0	0	0	0	0	0	0	0
15.00	1329694	4	0	0	0	0	0	0	0	0	0
15.10	1316261	4	0	0	0	0	0	0	0	0	0
15.20	1302912	4	0	0	0	0	0	0	0	0	0
15.30	1289648	4	0	0	0	0	0	0	0	0	0
15.40	1276468	4	0	0	0	0	0	0	0	0	0
15.50	1263371	4	0	0	0	0	0	0	0	0	0
15.60	1250359	4	0	0	0	0	0	0	0	0	0
15.70	1237430	4	0	0	0	0	0	0	0	0	0
15.80	1224585	4	0	0	0	0	0	0	0	0	0
15.90	1211822	4	0	0	0	0	0	0	0	0	0
16.00	1199143	4	0	0	0	0	0	0	0	0	0
16.10	1186546	4	0	0	0	0	0	0	0	0	0
16.20	1174032	4	0	0	0	0	0	0	0	0	0
16.30	1161600	4	0	0	0	0	0	0	0	0	0
16.40	1149250	4	0	0	0	0	0	0	0	0	0
16.50	1136981	4	0	0	0	0	0	0	0	0	0
16.60	1124795	4	0	0	0	0	0	0	0	0	0
16.70	1112690	4	0	0	0	0	0	0	0	0	0
16.80	1100666	4	0	0	0	0	0	0	0	0	0
16.90	1088723	4	0	0	0	0	0	0	0	0	0
17.00	1076861	4	0	0	0	0	0	0	0	0	0
17.10	1065080	4	0	0	0	0	0	0	0	0	0
17.20	1053379	4	0	0	0	0	0	0	0	0	0
17.30	1041758	4	0	0	0	0	0	0	0	0	0
17.40	1030217	4	0	0	0	0	0	0	0	0	0
17.50	1018756	4	0	0	0	0	0	0	0	0	0
17.60	1007374	4	0	0	0	0	0	0	0	0	0
17.70	996072	4	0	0	0	0	0	0	0	0	0
17.80	984849	4	0	0	0	0	0	0	0	0	0
17.90	973704	4	0	0	0	0	0	0	0	0	0
18.00	962638	4	0	0	0	0	0	0	0	0	0
18.10	951651	4	0	0	0	0	0	0	0	0	0
18.20	940742	4	0	0	0	0	0	0	0	0	0
18.30	929910	4	0	0	0	0	0	0	0	0	0
18.40	919157	4	0	0	0	0	0	0	0	0	0
18.50	908481	4	0	0	0	0	0	0	0	0	0
18.60	897882	4	0	0	0	0	0	0	0	0	0
18.70	887361	4	0	0	0	0	0	0	0	0	0
18.80	876916	4	0	0	0	0	0	0	0	0	0
18.90	866549	4	0	0	0	0	0	0	0	0	0
19.00	856257	4	0	0	0	0	0	0	0	0	0
19.10	846042	4	0	0	0	0	0	0	0	0	0
19.20	835903	4	0	0	0	0	0	0	0	0	0
19.30	825840	4	0	0	0	0	0	0	0	0	0
19.40	815852	4	0	0	0	0	0	0	0	0	0
19.50	805939	4	0	0	0	0	0	0	0	0	0
19.60	796102	4	0	0	0	0	0	0	0	0	0
19.70	786340	4	0	0	0	0	0	0	0	0	0
19.80	776652	4	0	0	0	0	0	0	0	0	0
19.90	767039	4	0	0	0	0	0	0	0	0	0
20.00	757499	4	0	0	0	0	0	0	0	0	0
20.10	748034	4	0	0	0	0	0	0	0	0	0
20.20	738643	4	0	0	0	0	0	0	0	0	0
20.30	729326	4	0	0	0	0	0	0	0	0	0
20.40	720081	4	0	0	0	0	0	0	0	0	0
20.50	710910	4	0	0	0	0	0	0	0	0	0
20.60	701812	4	0	0	0	0	0	0	0	0	0
20.70	692786	4	0	0	0	0	0	0	0	0	0
20.80	683833	4	0	0	0	0	0	0	0	0	0
20.90	674951	4	0	0	0	0	0	0	0	0	0
21.00	666142	4	0	0	0	0	0	0	0	0	0
21.10	657405	4	0	0	0	0	0	0	0	0	0
21.20	648739	4	0	0	0	0	0	0	0	0	0
21.30	640145	4	0	0	0	0	0	0	0	0	0
21.40	631621	4	0	0	0	0	0	0	0	0	0
21.50	623168	4	0	0	0	0	0	0	0	0	0
21.60	614786	4	0	0	0	0	0	0	0	0	0
21.70	606475	4	0	0	0	0	0	0	0	0	0
21.80	598233	4	0	0	0	0	0	0	0	0	0
21.90	590061	4	0	0	0	0	0	0	0	0	0
22.00	581959	4	0	0	0	0	0	0	0	0	0
22.10	573927	4	0	0	0	0	0	0	0	0	0
22.20	565963	4	0	0	0	0	0	0	0	0	0
22.30	558069	4	0	0	0	0	0	0	0	0	0
22.40	550243	4	0	0	0	0	0	0	0	0	0
22.50	542486	4	0	0	0	0	0	0	0	0	0
22.60	534797	4	0	0	0	0	0	0	0	0	0
22.70	527176	4	0	0	0	0	0	0	0	0	0
22.80	519623	4	0	0	0	0	0	0	0	0	0
22.90	512138	4	0	0	0	0	0	0	0	0	0
23.00	504720	4	0	0	0	0	0	0	0	0	0
23.10	497369	4	0	0	0	0	0	0	0	0	0
23.20	490084	4	0	0	0	0	0	0	0	0	0
23.30	482867	4	0	0	0	0	0	0	0	0	0
23.40	475716	4	0	0	0	0	0	0	0	0	0
23.50	468630	4	0	0	0	0	0	0	0	0	0
23.60	461611	4	0	0	0	0	0	0	0	0	0
23.70	454658	4	0	0	0	0	0	0	0	0	0
23.80	447770	4	0	0	0	0	0	0	0	0	0
23.90	440947	4	0	0	0	0	0	0	0	0	0
24.00	434188	4	0	0	0	0	0	0	0	0	0
24.10	427495	4	0	0	0	0	0	0	0	0	0
24.20	420866	4	0	0	0	0	0	0	0	0	0
24.30	414301	4	0	0	0	0	0	0	0	0	0
24.40	407801	4	0	0	0	0	0	0	0	0	0
24.50	401364	4	0	0	0	0	0	0	0	0	0
24.60	394990	4	0	0	0	0	0	0	0	0	0
24.70	388680	4	0	0	0	0	0	0	0	0	0
24.80	382432	4	0	0	0	0	0	0	0	0	0
24.90	376248	4	0	0	0	0	0	0	0	0	0
25.00	370126	4	0	0	0	0	0	0	0	0	0
25.10	364066	4	0	0	0	0	0	0	0	0	0
25.20	358068	4	0	0	0	0	0	0	0	0	0
25.30	352132	4	0	0	0	0	0	0	0	0	0
25.40	346257	4	0	0	0	0	0	0	0	0	0
25.50	340444	4	0	0	0	0	0	0	0	0	0
25.60	334691	4	0	0	0	0	0	0	0	0	0
25.70	328999	4	0	0	0	0	0	0	0	0	0
25.80	323368	4	0	0	0	0	0	0	0	0	0
25.90	317797	4	0	0	0	0	0	0	0	0	0
26.00	312286	4	0	0	0	0	0	0	0	0	0
26.10	306835	4	0	0	0	0	0	0	0	0	0
26.20	301443	4	0	0	0	0	0	0	0	0	0
26.30	296111	4	0	0	0	0	0	0	0	0	0
26.40	290837	4	0	0	0	0	0	0	0	0	0
26.50	285622	4	0	0	0	0	0	0	0	0	0
26.60	280466	4	0	0	0	0	0	0	0	0	0
26.70	275368	4	0	0	0	0	0	0	0	0	0
26.80	270328	4	0	0	0	0	0	0	0	0	0
26.90	265345	4	0	0	0	0	0	0	0	0	0
27.00	260420	4	0	0	0	0	0	0	0	0	0
27.10	255552	4	0	0	0	0	0	0	0	0	0
27.20	250741	4	0	0	0	0	0	0	0	0	0
27.30	245986	4	0	0	0	0	0	0	0	0	0
27.40	241288	4	0	0	0	0	0	0	0	0	0
27.50	236646	4	0	0	0	0	0	0	0	0	0
27.60	232060	4	0	0	0	0	0	0	0	0	0
27.70	227530	4	0	0	0	0	0	0	0	0	0
27.80	223055	4	0	0	0	0	0	0	0	0	0
27.90	218635	4	0	0	0	0	0	0	0	0	0
28.00	214269	4	0	0	0	0	0	0	0	0	0
28.10	209959	4	0	0	0	0	0	0	0	0	0
28.20	205702	4	0	0	0	0	0	0	0	0	0
28.30	201500	4	0	0	0	0	0	0	0	0	0
28.40	197351	4	0	0	0	0	0	0	0	0	0
28.50	193256	4	0	0	0	0	0	0	0	0	0
28.60	189213	4	0	0	0	0	0	0	0	0	0
28.70	185224	4	0	0	0	0	0	0	0	0	0
28.80	181288	4	0	0	0	0	0	0	0	0	0
28.90	177404	4	0	0	0	0	0	0	0	0	0
29.00	173571	4	0	0	0	0	0	0	0	0	0
29.10	169791	4	0	0	0	0	0	0	0	0	0
29.20	166062	4	0	0	0	0	0	0	0	0	0
29.30	162385	4	0	0	0	0	0	0	0	0	0
29.40	158759	4	0	0	0	0	0	0	0	0	0
29.50	155183	4	0	0	0	0	0	0	0	0	0
29.60	151658	4	0	0	0	0	0	0	0	0	0
29.70	148182	4	0	0	0	0	0	0	0	0	0
29.80	144757	4	0	0	0	0	0	0	0	0	0
29.90	141382	4	0	0	0	0	0	0	0	0	0
30.00	138055	4	0	0	0	0	0	0	0	0	0
30.10	134778	4	0	0	0	0	0	0	0	0	0
30.20	131549	4	0	0	0	0	0	0	0	0	0
30.30	128369	4	0	0	0	0	0	0	0	0	0
30.40	125237	4	0	0	0	0	0	0	0	0	0
30.50	122153	4	0	0	0	0	0	0	0	0	0
30.60	119117	4	0	0	0	0	0	0	0	0	0
30.70	116128	4	0	0	0	0	0	0	0	0	0
30.80	113186	4	0	0	0	0	0	0	0	0	0
30.90	110290	4	0	0	0	0	0	0	0	0	0
31.00	107441	4	0	0	0	0	0	0	0	0	0
31.10	104639	4	0	0	0	0	0	0	0	0	0
31.20	101882	4	0	0	0	0	0	0	0	0	0
31.30	99170	4	0	0	0	0	0	0	0	0	0
31.40	96504	4	0	0	0	0	0	0	0	0	0
31.50	93883	4	0	0	0	0	0	0	0	0	0
31.60	91307	4	0	0	0	0	0	0	0	0	0
31.70	88775	4	0	0	0	0	0	0	0	0	0
31.80	86287	4	0	0	0	0	0	0	0	0	0
31.90	83842	4	0	0	0	0	0	0	0	0	0
32.00	81441	4	0	0	0	0	0	0	0	0	0
32.10	79084	4	0	0	0	0	0	0	0	0	0
32.20	76769	4	0	0	0	0	0	0	0	0	0
32.30	74497	4	0	0	0	0	0	0	0	0	0
32.40	72267	4	0	0	0	0	0	0	0	0	0
32.50	70079	4	0	0	0	0	0	0	0	0	0
32.60	67932	4	0	0	0	0	0	0	0	0	0
32.70	65827	4	0	0	0	0	0	0	0	0	0
32.80	63763	4	0	0	0	0	0	0	0	0	0
32.90	61739	4	0	0	0	0	0	0	0	0	0
33.00	59756	4	0	0	0	0	0	0	0	0	0
33.10	57813	4	0	0	0	0	0	0	0	0	0
33.20	55910	4	0	0	0	0	0	0	0	0	0
33.30	54046	4	0	0	0	0	0	0	0	0	0
33.40	52221	4	0	0	0	0	0	0	0	0	0
33.50	50435	4	0	0	0	0	0	0	0	0	0
33.60	48687	4	0	0	0	0	0	0	0	0	0
33.70	46977	4	0	0	0	0	0	0	0	0	0
33.80	45306	4	0	0	0	0	0	0	0	0	0
33.90	43671	4	0	0	0	0	0	0	0	0	0
34.00	42074	4	0	0	0	0	0	0	0	0	0
34.10	40514	4	0	0	0	0	0	0	0	0	0
34.20	38990	4	0	0	0	0	0	0	0	0	0
34.30	37502	4	0	0	0	0	0	0	0	0	0
34.40	36050	4	0	0	0	0	0	0	0	0	0
34.50	34633	4	0	0	0	0	0	0	0	0	0
34.60	33251	4	0	0	0	0	0	0	0	0	0
34.70	31904	4	0	0	0	0	0	0	0	0	0
34.80	30592	4	0	0	0	0	0	0	0	0	0
34.90	29314	4	0	0	0	0	0	0	0	0	0
35.00	28069	4	0	0	0	0	0	0	0	0	0
35.10	26858	4	0	0	0	0	0	0	0	0	0
35.20	25679	4	0	0	0	0	0	0	0	0	0
35.30	24534	4	0	0	0	0	0	0	0	0	0
35.40	23420	4	0	0	0	0	0	0	0	0	0
35.50	22339	4	0	0	0	0	0	0	0	0	0
35.60	21289	4	0	0	0	0	0	0	0	0	0
35.70	20270	4	0	0	0	0	0	0	0	0	0
35.80	19282	4	0	0	0	0	0	0	0	0	0
35.90	18325	4	0	0	0	0	0	0	0	0	0
36.00	17398	4	0	0	0	0	0	0	0	0	0
36.10	16500	4	0	0	0	0	0	0	0	0	0
36.20	15632	4	0	0	0	0	0	0	0	0	0
36.30	14792	4	0	0	0	0	0	0	0	0	0
36.40	13982	4	0	0	0	0	0	0	0	0	0
36.50	13199	4	0	0	0	0	0	0	0	0	0
36.60	12444	4	0	0	0	0	0	0	0	0	0
36.70	11717	4	0	0	0	0	0	0	0	0	0
36.80	11017	4	0	0	0	0	0	0	0	0	0
36.90	10343	4	0	0	0	0	0	0	0	0	0
37.00	9695	4	0	0	0	0	0	0	0	0	0
37.10	9073	4	0	0	0	0	0	0	0	0	0
37.20	8477	4	0	0	0	0	0	0	0	0	0
37.30	7906	4	0	0	0	0	0	0	0	0	0
37.40	7359	4	0	0	0	0	0	0	0	0	0
37.50	6836	4	0	0	0	0	0	0	0	0	0
37.60	6337	4	0	0	0	0	0	0	0	0	0
37.70	5861	4	0	0	0	0	0	0	0	0	0
37.80	5408	4	0	0	0	0	0	0	0	0	0
37.90	4978	4	0	0	0	0	0	0	0	0	0
38.00	4569	4	0	0	0	0	0	0	0	0	0
38.10	4182	4	0	0	0	0	0	0	0	0	0
38.20	3816	4	0	0	0	0	0	0	0	0	0
38.30	3470	4	0	0	0	0	0	0	0	0	0
38.40	3145	4	0	0	0	0	0	0	0	0	0
38.50	2839	4	0	0	0	0	0	0	0	0	0
38.60	2553	4	0	0	0	0	0	0	0	0	0
38.70	2285	4	0	0	0	0	0	0	0	0	0
38.80	2035	4	0	0	0	0	0	0	0	0	0
38.90	1803	4	0	0	0	0	0	0	0	0	0
39.00	1588	4	0	0	0	0	0	0	0	0	0
39.10	1390	4	0	0	0	0	0	0	0	0	0
39.20	1208	4	0	0	0	0	0	0	0	0	0
39.30	1042	4	0	0	0	0	0	0	0	0	0
39.40	890	4	0	0	0	0	0	0	0	0	0
39.50	753	4	0	0	0	0	0	0	0	0	0
39.60	630	4	0	0	0	0	0	0	0	0	0
39.70	521	4	0	0	0	0	0	0	0	0	0
39.80	424	4	0	0	0	0	0	0	0	0	0
39.90	339	4	0	0	0	0	0	0	0	0	0
40.00	265	4	0	0	0	0	0	0	0	0	0
40.10	203	4	0	0	0	0	0	0	0	0	0
40.20	150	4	0	0	0	0	0	0	0	0	0
40.30	107	4	0	0	0	0	0	0	0	0	0
40.40	73	4	0	0	0	0	0	0	0	0	0
40.50	46	4	0	0	0	0	0	0	0	0	0
40.60	26	4	0	0	0	0	0	0	0	0	0
40.70	13	4	0	0	0	0	0	0	0	0	0
40.80	5	4	0	0	0	0	0	0	0	0	0
40.90	1	4	0	0	0	0	0	0	0	0	0
41.00	0	4	0	0	0	0	0	0	0	0	0
41.03	0	4	0	0	0	0	0	0	0	0	0