-999	"MyLake init"
Z (m)	Az (m2)	Tz (deg C)	Cz	Sz (kg/m3)	TPz (mg/m3)	DOPz (mg/m3)	Chlaz (mg/m3)	DOCz (mg/m3)	TPz_sed (mg/m3)	Chlaz_sed (mg/m3)	"Fvol_IM (m3/m3	 dry w.)"	Hice (m)	Hsnow (m)
0.00	3393881	4	0	0	0	0	0	0	0	0	0	0	0
0.10	3379683	4	0	0	0	0	0	0	0	0	0
0.20	3365465	4	0	0	0	0	0	0	0	0	0
0.30	3351226	4	0	0	0	0	0	0	0	0	0
0.40	3336968	4	0	0	0	0	0	0	0	0	0
0.50	3322689	4	0	0	0	0	0	0	0	0	0
0.60	3308390	4	0	0	0	0	0	0	0	0	0
0.70	3294070	4	0	0	0	0	0	0	0	0	0
0.80	3279729	4	0	0	0	0	0	0	0	0	0
0.90	3265367	4	0	0	0	0	0	0	0	0	0
1.00	3250984	4	0	0	0	0	0	0	0	0	0
1.10	3236580	4	0	0	0	0	0	0	0	0	0
1.20	3222154	4	0	0	0	0	0	0	0	0	0
1.30	3207707	4	0	0	0	0	0	0	0	0	0
1.40	3193238	4	0	0	0	0	0	0	0	0	0
1.50	3178747	4	0	0	0	0	0	0	0	0	0
1.60	3164234	4	0	0	0	0	0	0	0	0	0
1.70	3149699	4	0	0	0	0	0	0	0	0	0
1.80	3135141	4	0	0	0	0	0	0	0	0	0
1.90	3120561	4	0	0	0	0	0	0	0	0	0
2.00	3105958	4	0	0	0	0	0	0	0	0	0
2.10	3091332	4	0	0	0	0	0	0	0	0	0
2.20	3076683	4	0	0	0	0	0	0	0	0	0
2.30	3062010	4	0	0	0	0	0	0	0	0	0
2.40	3047314	4	0	0	0	0	0	0	0	0	0
2.50	3032595	4	0	0	0	0	0	0	0	0	0
2.60	3017851	4	0	0	0	0	0	0	0	0	0
2.70	3003083	4	0	0	0	0	0	0	0	0	0
2.80	2988292	4	0	0	0	0	0	0	0	0	0
2.90	2973475	4	0	0	0	0	0	0	0	0	0
3.00	2958634	4	0	0	0	0	0	0	0	0	0
3.10	2943768	4	0	0	0	0	0	0	0	0	0
3.20	2928877	4	0	0	0	0	0	0	0	0	0
3.30	2913960	4	0	0	0	0	0	0	0	0	0
3.40	2899018	4	0	0	0	0	0	0	0	0	0
3.50	2884051	4	0	0	0	0	0	0	0	0	0
3.60	2869057	4	0	0	0	0	0	0	0	0	0
3.70	2854037	4	0	0	0	0	0	0	0	0	0
3.80	2838991	4	0	0	0	0	0	0	0	0	0
3.90	2823918	4	0	0	0	0	0	0	0	0	0
4.00	2808818	4	0	0	0	0	0	0	0	0	0
4.10	2793691	4	0	0	0	0	0	0	0	0	0
4.20	2778536	4	0	0	0	0	0	0	0	0	0
4.30	2763354	4	0	0	0	0	0	0	0	0	0
4.40	2748144	4	0	0	0	0	0	0	0	0	0
4.50	2732906	4	0	0	0	0	0	0	0	0	0
4.60	2717639	4	0	0	0	0	0	0	0	0	0
4.70	2702344	4	0	0	0	0	0	0	0	0	0
4.80	2687020	4	0	0	0	0	0	0	0	0	0
4.90	2671666	4	0	0	0	0	0	0	0	0	0
5.00	2656283	4	0	0	0	0	0	0	0	0	0
5.10	2640870	4	0	0	0	0	0	0	0	0	0
5.20	2625427	4	0	0	0	0	0	0	0	0	0
5.30	2609954	4	0	0	0	0	0	0	0	0	0
5.40	2594450	4	0	0	0	0	0	0	0	0	0
5.50	2578915	4	0	0	0	0	0	0	0	0	0
5.60	2563349	4	0	0	0	0	0	0	0	0	0
5.70	2547751	4	0	0	0	0	0	0	0	0	0
5.80	2532121	4	0	0	0	0	0	0	0	0	0
5.90	2516459	4	0	0	0	0	0	0	0	0	0
6.00	2500764	4	0	0	0	0	0	0	0	0	0
6.10	2485037	4	0	0	0	0	0	0	0	0	0
6.20	2469276	4	0	0	0	0	0	0	0	0	0
6.30	2453481	4	0	0	0	0	0	0	0	0	0
6.40	2437652	4	0	0	0	0	0	0	0	0	0
6.50	2421789	4	0	0	0	0	0	0	0	0	0
6.60	2405892	4	0	0	0	0	0	0	0	0	0
6.70	2389959	4	0	0	0	0	0	0	0	0	0
6.80	2373990	4	0	0	0	0	0	0	0	0	0
6.90	2357986	4	0	0	0	0	0	0	0	0	0
7.00	2341945	4	0	0	0	0	0	0	0	0	0
7.10	2325867	4	0	0	0	0	0	0	0	0	0
7.20	2309753	4	0	0	0	0	0	0	0	0	0
7.30	2293600	4	0	0	0	0	0	0	0	0	0
7.40	2277410	4	0	0	0	0	0	0	0	0	0
7.50	2261181	4	0	0	0	0	0	0	0	0	0
7.60	2244913	4	0	0	0	0	0	0	0	0	0
7.70	2228605	4	0	0	0	0	0	0	0	0	0
7.80	2212258	4	0	0	0	0	0	0	0	0	0
7.90	2195870	4	0	0	0	0	0	0	0	0	0
8.00	2179442	4	0	0	0	0	0	0	0	0	0
8.10	2162972	4	0	0	0	0	0	0	0	0	0
8.20	2146459	4	0	0	0	0	0	0	0	0	0
8.30	2129905	4	0	0	0	0	0	0	0	0	0
8.40	2113307	4	0	0	0	0	0	0	0	0	0
8.50	2096666	4	0	0	0	0	0	0	0	0	0
8.60	2079980	4	0	0	0	0	0	0	0	0	0
8.70	2063250	4	0	0	0	0	0	0	0	0	0
8.80	2046474	4	0	0	0	0	0	0	0	0	0
8.90	2029652	4	0	0	0	0	0	0	0	0	0
9.00	2012784	4	0	0	0	0	0	0	0	0	0
9.10	1995868	4	0	0	0	0	0	0	0	0	0
9.20	1978904	4	0	0	0	0	0	0	0	0	0
9.30	1961891	4	0	0	0	0	0	0	0	0	0
9.40	1944830	4	0	0	0	0	0	0	0	0	0
9.50	1927717	4	0	0	0	0	0	0	0	0	0
9.60	1910555	4	0	0	0	0	0	0	0	0	0
9.70	1893340	4	0	0	0	0	0	0	0	0	0
9.80	1876073	4	0	0	0	0	0	0	0	0	0
9.90	1858753	4	0	0	0	0	0	0	0	0	0
10.00	1841379	4	0	0	0	0	0	0	0	0	0
10.10	1823950	4	0	0	0	0	0	0	0	0	0
10.20	1806465	4	0	0	0	0	0	0	0	0	0
10.30	1788923	4	0	0	0	0	0	0	0	0	0
10.40	1771324	4	0	0	0	0	0	0	0	0	0
10.50	1753666	4	0	0	0	0	0	0	0	0	0
10.60	1735949	4	0	0	0	0	0	0	0	0	0
10.70	1718171	4	0	0	0	0	0	0	0	0	0
10.80	1700331	4	0	0	0	0	0	0	0	0	0
10.90	1682429	4	0	0	0	0	0	0	0	0	0
11.00	1664463	4	0	0	0	0	0	0	0	0	0
11.10	1646432	4	0	0	0	0	0	0	0	0	0
11.20	1628334	4	0	0	0	0	0	0	0	0	0
11.30	1610170	4	0	0	0	0	0	0	0	0	0
11.40	1591936	4	0	0	0	0	0	0	0	0	0
11.50	1573633	4	0	0	0	0	0	0	0	0	0
11.60	1555259	4	0	0	0	0	0	0	0	0	0
11.70	1536811	4	0	0	0	0	0	0	0	0	0
11.80	1518289	4	0	0	0	0	0	0	0	0	0
11.90	1499692	4	0	0	0	0	0	0	0	0	0
12.00	1481017	4	0	0	0	0	0	0	0	0	0
12.10	1462264	4	0	0	0	0	0	0	0	0	0
12.20	1443429	4	0	0	0	0	0	0	0	0	0
12.30	1424512	4	0	0	0	0	0	0	0	0	0
12.40	1405512	4	0	0	0	0	0	0	0	0	0
12.50	1386424	4	0	0	0	0	0	0	0	0	0
12.60	1367249	4	0	0	0	0	0	0	0	0	0
12.70	1347984	4	0	0	0	0	0	0	0	0	0
12.80	1328626	4	0	0	0	0	0	0	0	0	0
12.90	1309173	4	0	0	0	0	0	0	0	0	0
13.00	1289624	4	0	0	0	0	0	0	0	0	0
13.10	1269975	4	0	0	0	0	0	0	0	0	0
13.20	1250224	4	0	0	0	0	0	0	0	0	0
13.30	1230368	4	0	0	0	0	0	0	0	0	0
13.40	1210405	4	0	0	0	0	0	0	0	0	0
13.50	1190331	4	0	0	0	0	0	0	0	0	0
13.60	1170144	4	0	0	0	0	0	0	0	0	0
13.70	1149839	4	0	0	0	0	0	0	0	0	0
13.80	1129414	4	0	0	0	0	0	0	0	0	0
13.90	1108866	4	0	0	0	0	0	0	0	0	0
14.00	1088189	4	0	0	0	0	0	0	0	0	0
14.10	1067380	4	0	0	0	0	0	0	0	0	0
14.20	1046435	4	0	0	0	0	0	0	0	0	0
14.30	1025348	4	0	0	0	0	0	0	0	0	0
14.40	1004117	4	0	0	0	0	0	0	0	0	0
14.50	982734	4	0	0	0	0	0	0	0	0	0
14.60	961194	4	0	0	0	0	0	0	0	0	0
14.70	939493	4	0	0	0	0	0	0	0	0	0
14.80	917622	4	0	0	0	0	0	0	0	0	0
14.90	895576	4	0	0	0	0	0	0	0	0	0
15.00	873348	4	0	0	0	0	0	0	0	0	0
15.10	850928	4	0	0	0	0	0	0	0	0	0
15.20	828310	4	0	0	0	0	0	0	0	0	0
15.30	805484	4	0	0	0	0	0	0	0	0	0
15.40	782440	4	0	0	0	0	0	0	0	0	0
15.50	759166	4	0	0	0	0	0	0	0	0	0
15.60	735652	4	0	0	0	0	0	0	0	0	0
15.70	711885	4	0	0	0	0	0	0	0	0	0
15.80	687849	4	0	0	0	0	0	0	0	0	0
15.90	663530	4	0	0	0	0	0	0	0	0	0
16.00	638909	4	0	0	0	0	0	0	0	0	0
16.10	613967	4	0	0	0	0	0	0	0	0	0
16.20	588682	4	0	0	0	0	0	0	0	0	0
16.30	563029	4	0	0	0	0	0	0	0	0	0
16.40	536980	4	0	0	0	0	0	0	0	0	0
16.50	510501	4	0	0	0	0	0	0	0	0	0
16.60	483556	4	0	0	0	0	0	0	0	0	0
16.70	456099	4	0	0	0	0	0	0	0	0	0
16.80	428079	4	0	0	0	0	0	0	0	0	0
16.90	399431	4	0	0	0	0	0	0	0	0	0
17.00	370081	4	0	0	0	0	0	0	0	0	0
17.10	339930	4	0	0	0	0	0	0	0	0	0
17.20	308857	4	0	0	0	0	0	0	0	0	0
17.30	276702	4	0	0	0	0	0	0	0	0	0
17.40	243243	4	0	0	0	0	0	0	0	0	0
17.50	208165	4	0	0	0	0	0	0	0	0	0
17.60	170979	4	0	0	0	0	0	0	0	0	0
17.70	130838	4	0	0	0	0	0	0	0	0	0
17.80	85967	4	0	0	0	0	0	0	0	0	0
17.90	30310	4	0	0	0	0	0	0	0	0	0
17.93	0	4	0	0	0	0	0	0	0	0	0