-999	"MyLake init"
Z (m)	Az (m2)	Tz (deg C)	Cz	Sz (kg/m3)	TPz (mg/m3)	DOPz (mg/m3)	Chlaz (mg/m3)	DOCz (mg/m3)	TPz_sed (mg/m3)	Chlaz_sed (mg/m3)	"Fvol_IM (m3/m3	 dry w.)"	Hice (m)	Hsnow (m)
0.00	1439289	4	0	0	0	0	0	0	0	0	0	0	0
0.10	1428441	4	0	0	0	0	0	0	0	0	0
0.20	1417637	4	0	0	0	0	0	0	0	0	0
0.30	1406875	4	0	0	0	0	0	0	0	0	0
0.40	1396156	4	0	0	0	0	0	0	0	0	0
0.50	1385481	4	0	0	0	0	0	0	0	0	0
0.60	1374849	4	0	0	0	0	0	0	0	0	0
0.70	1364260	4	0	0	0	0	0	0	0	0	0
0.80	1353714	4	0	0	0	0	0	0	0	0	0
0.90	1343212	4	0	0	0	0	0	0	0	0	0
1.00	1332752	4	0	0	0	0	0	0	0	0	0
1.10	1322336	4	0	0	0	0	0	0	0	0	0
1.20	1311962	4	0	0	0	0	0	0	0	0	0
1.30	1301632	4	0	0	0	0	0	0	0	0	0
1.40	1291344	4	0	0	0	0	0	0	0	0	0
1.50	1281100	4	0	0	0	0	0	0	0	0	0
1.60	1270899	4	0	0	0	0	0	0	0	0	0
1.70	1260740	4	0	0	0	0	0	0	0	0	0
1.80	1250625	4	0	0	0	0	0	0	0	0	0
1.90	1240552	4	0	0	0	0	0	0	0	0	0
2.00	1230523	4	0	0	0	0	0	0	0	0	0
2.10	1220536	4	0	0	0	0	0	0	0	0	0
2.20	1210592	4	0	0	0	0	0	0	0	0	0
2.30	1200691	4	0	0	0	0	0	0	0	0	0
2.40	1190833	4	0	0	0	0	0	0	0	0	0
2.50	1181017	4	0	0	0	0	0	0	0	0	0
2.60	1171245	4	0	0	0	0	0	0	0	0	0
2.70	1161515	4	0	0	0	0	0	0	0	0	0
2.80	1151828	4	0	0	0	0	0	0	0	0	0
2.90	1142184	4	0	0	0	0	0	0	0	0	0
3.00	1132582	4	0	0	0	0	0	0	0	0	0
3.10	1123024	4	0	0	0	0	0	0	0	0	0
3.20	1113507	4	0	0	0	0	0	0	0	0	0
3.30	1104034	4	0	0	0	0	0	0	0	0	0
3.40	1094603	4	0	0	0	0	0	0	0	0	0
3.50	1085215	4	0	0	0	0	0	0	0	0	0
3.60	1075869	4	0	0	0	0	0	0	0	0	0
3.70	1066566	4	0	0	0	0	0	0	0	0	0
3.80	1057306	4	0	0	0	0	0	0	0	0	0
3.90	1048088	4	0	0	0	0	0	0	0	0	0
4.00	1038912	4	0	0	0	0	0	0	0	0	0
4.10	1029780	4	0	0	0	0	0	0	0	0	0
4.20	1020689	4	0	0	0	0	0	0	0	0	0
4.30	1011641	4	0	0	0	0	0	0	0	0	0
4.40	1002636	4	0	0	0	0	0	0	0	0	0
4.50	993673	4	0	0	0	0	0	0	0	0	0
4.60	984752	4	0	0	0	0	0	0	0	0	0
4.70	975874	4	0	0	0	0	0	0	0	0	0
4.80	967038	4	0	0	0	0	0	0	0	0	0
4.90	958244	4	0	0	0	0	0	0	0	0	0
5.00	949493	4	0	0	0	0	0	0	0	0	0
5.10	940784	4	0	0	0	0	0	0	0	0	0
5.20	932117	4	0	0	0	0	0	0	0	0	0
5.30	923493	4	0	0	0	0	0	0	0	0	0
5.40	914911	4	0	0	0	0	0	0	0	0	0
5.50	906371	4	0	0	0	0	0	0	0	0	0
5.60	897873	4	0	0	0	0	0	0	0	0	0
5.70	889417	4	0	0	0	0	0	0	0	0	0
5.80	881004	4	0	0	0	0	0	0	0	0	0
5.90	872632	4	0	0	0	0	0	0	0	0	0
6.00	864303	4	0	0	0	0	0	0	0	0	0
6.10	856016	4	0	0	0	0	0	0	0	0	0
6.20	847771	4	0	0	0	0	0	0	0	0	0
6.30	839568	4	0	0	0	0	0	0	0	0	0
6.40	831407	4	0	0	0	0	0	0	0	0	0
6.50	823288	4	0	0	0	0	0	0	0	0	0
6.60	815211	4	0	0	0	0	0	0	0	0	0
6.70	807175	4	0	0	0	0	0	0	0	0	0
6.80	799182	4	0	0	0	0	0	0	0	0	0
6.90	791231	4	0	0	0	0	0	0	0	0	0
7.00	783322	4	0	0	0	0	0	0	0	0	0
7.10	775454	4	0	0	0	0	0	0	0	0	0
7.20	767628	4	0	0	0	0	0	0	0	0	0
7.30	759845	4	0	0	0	0	0	0	0	0	0
7.40	752102	4	0	0	0	0	0	0	0	0	0
7.50	744402	4	0	0	0	0	0	0	0	0	0
7.60	736744	4	0	0	0	0	0	0	0	0	0
7.70	729127	4	0	0	0	0	0	0	0	0	0
7.80	721552	4	0	0	0	0	0	0	0	0	0
7.90	714018	4	0	0	0	0	0	0	0	0	0
8.00	706526	4	0	0	0	0	0	0	0	0	0
8.10	699076	4	0	0	0	0	0	0	0	0	0
8.20	691668	4	0	0	0	0	0	0	0	0	0
8.30	684301	4	0	0	0	0	0	0	0	0	0
8.40	676975	4	0	0	0	0	0	0	0	0	0
8.50	669691	4	0	0	0	0	0	0	0	0	0
8.60	662449	4	0	0	0	0	0	0	0	0	0
8.70	655248	4	0	0	0	0	0	0	0	0	0
8.80	648089	4	0	0	0	0	0	0	0	0	0
8.90	640971	4	0	0	0	0	0	0	0	0	0
9.00	633894	4	0	0	0	0	0	0	0	0	0
9.10	626859	4	0	0	0	0	0	0	0	0	0
9.20	619865	4	0	0	0	0	0	0	0	0	0
9.30	612912	4	0	0	0	0	0	0	0	0	0
9.40	606001	4	0	0	0	0	0	0	0	0	0
9.50	599131	4	0	0	0	0	0	0	0	0	0
9.60	592303	4	0	0	0	0	0	0	0	0	0
9.70	585515	4	0	0	0	0	0	0	0	0	0
9.80	578769	4	0	0	0	0	0	0	0	0	0
9.90	572064	4	0	0	0	0	0	0	0	0	0
10.00	565400	4	0	0	0	0	0	0	0	0	0
10.10	558777	4	0	0	0	0	0	0	0	0	0
10.20	552196	4	0	0	0	0	0	0	0	0	0
10.30	545655	4	0	0	0	0	0	0	0	0	0
10.40	539156	4	0	0	0	0	0	0	0	0	0
10.50	532697	4	0	0	0	0	0	0	0	0	0
10.60	526280	4	0	0	0	0	0	0	0	0	0
10.70	519903	4	0	0	0	0	0	0	0	0	0
10.80	513568	4	0	0	0	0	0	0	0	0	0
10.90	507273	4	0	0	0	0	0	0	0	0	0
11.00	501020	4	0	0	0	0	0	0	0	0	0
11.10	494807	4	0	0	0	0	0	0	0	0	0
11.20	488635	4	0	0	0	0	0	0	0	0	0
11.30	482504	4	0	0	0	0	0	0	0	0	0
11.40	476413	4	0	0	0	0	0	0	0	0	0
11.50	470363	4	0	0	0	0	0	0	0	0	0
11.60	464354	4	0	0	0	0	0	0	0	0	0
11.70	458386	4	0	0	0	0	0	0	0	0	0
11.80	452459	4	0	0	0	0	0	0	0	0	0
11.90	446572	4	0	0	0	0	0	0	0	0	0
12.00	440725	4	0	0	0	0	0	0	0	0	0
12.10	434920	4	0	0	0	0	0	0	0	0	0
12.20	429154	4	0	0	0	0	0	0	0	0	0
12.30	423430	4	0	0	0	0	0	0	0	0	0
12.40	417746	4	0	0	0	0	0	0	0	0	0
12.50	412102	4	0	0	0	0	0	0	0	0	0
12.60	406499	4	0	0	0	0	0	0	0	0	0
12.70	400936	4	0	0	0	0	0	0	0	0	0
12.80	395413	4	0	0	0	0	0	0	0	0	0
12.90	389931	4	0	0	0	0	0	0	0	0	0
13.00	384489	4	0	0	0	0	0	0	0	0	0
13.10	379088	4	0	0	0	0	0	0	0	0	0
13.20	373727	4	0	0	0	0	0	0	0	0	0
13.30	368406	4	0	0	0	0	0	0	0	0	0
13.40	363125	4	0	0	0	0	0	0	0	0	0
13.50	357884	4	0	0	0	0	0	0	0	0	0
13.60	352684	4	0	0	0	0	0	0	0	0	0
13.70	347523	4	0	0	0	0	0	0	0	0	0
13.80	342403	4	0	0	0	0	0	0	0	0	0
13.90	337322	4	0	0	0	0	0	0	0	0	0
14.00	332282	4	0	0	0	0	0	0	0	0	0
14.10	327282	4	0	0	0	0	0	0	0	0	0
14.20	322321	4	0	0	0	0	0	0	0	0	0
14.30	317401	4	0	0	0	0	0	0	0	0	0
14.40	312520	4	0	0	0	0	0	0	0	0	0
14.50	307679	4	0	0	0	0	0	0	0	0	0
14.60	302878	4	0	0	0	0	0	0	0	0	0
14.70	298117	4	0	0	0	0	0	0	0	0	0
14.80	293395	4	0	0	0	0	0	0	0	0	0
14.90	288714	4	0	0	0	0	0	0	0	0	0
15.00	284071	4	0	0	0	0	0	0	0	0	0
15.10	279469	4	0	0	0	0	0	0	0	0	0
15.20	274906	4	0	0	0	0	0	0	0	0	0
15.30	270383	4	0	0	0	0	0	0	0	0	0
15.40	265899	4	0	0	0	0	0	0	0	0	0
15.50	261455	4	0	0	0	0	0	0	0	0	0
15.60	257050	4	0	0	0	0	0	0	0	0	0
15.70	252684	4	0	0	0	0	0	0	0	0	0
15.80	248358	4	0	0	0	0	0	0	0	0	0
15.90	244071	4	0	0	0	0	0	0	0	0	0
16.00	239824	4	0	0	0	0	0	0	0	0	0
16.10	235616	4	0	0	0	0	0	0	0	0	0
16.20	231447	4	0	0	0	0	0	0	0	0	0
16.30	227317	4	0	0	0	0	0	0	0	0	0
16.40	223227	4	0	0	0	0	0	0	0	0	0
16.50	219175	4	0	0	0	0	0	0	0	0	0
16.60	215163	4	0	0	0	0	0	0	0	0	0
16.70	211190	4	0	0	0	0	0	0	0	0	0
16.80	207256	4	0	0	0	0	0	0	0	0	0
16.90	203360	4	0	0	0	0	0	0	0	0	0
17.00	199504	4	0	0	0	0	0	0	0	0	0
17.10	195686	4	0	0	0	0	0	0	0	0	0
17.20	191908	4	0	0	0	0	0	0	0	0	0
17.30	188168	4	0	0	0	0	0	0	0	0	0
17.40	184467	4	0	0	0	0	0	0	0	0	0
17.50	180804	4	0	0	0	0	0	0	0	0	0
17.60	177181	4	0	0	0	0	0	0	0	0	0
17.70	173596	4	0	0	0	0	0	0	0	0	0
17.80	170049	4	0	0	0	0	0	0	0	0	0
17.90	166541	4	0	0	0	0	0	0	0	0	0
18.00	163072	4	0	0	0	0	0	0	0	0	0
18.10	159641	4	0	0	0	0	0	0	0	0	0
18.20	156249	4	0	0	0	0	0	0	0	0	0
18.30	152894	4	0	0	0	0	0	0	0	0	0
18.40	149579	4	0	0	0	0	0	0	0	0	0
18.50	146301	4	0	0	0	0	0	0	0	0	0
18.60	143062	4	0	0	0	0	0	0	0	0	0
18.70	139861	4	0	0	0	0	0	0	0	0	0
18.80	136698	4	0	0	0	0	0	0	0	0	0
18.90	133573	4	0	0	0	0	0	0	0	0	0
19.00	130486	4	0	0	0	0	0	0	0	0	0
19.10	127438	4	0	0	0	0	0	0	0	0	0
19.20	124427	4	0	0	0	0	0	0	0	0	0
19.30	121454	4	0	0	0	0	0	0	0	0	0
19.40	118519	4	0	0	0	0	0	0	0	0	0
19.50	115622	4	0	0	0	0	0	0	0	0	0
19.60	112762	4	0	0	0	0	0	0	0	0	0
19.70	109940	4	0	0	0	0	0	0	0	0	0
19.80	107156	4	0	0	0	0	0	0	0	0	0
19.90	104410	4	0	0	0	0	0	0	0	0	0
20.00	101701	4	0	0	0	0	0	0	0	0	0
20.10	99029	4	0	0	0	0	0	0	0	0	0
20.20	96395	4	0	0	0	0	0	0	0	0	0
20.30	93799	4	0	0	0	0	0	0	0	0	0
20.40	91240	4	0	0	0	0	0	0	0	0	0
20.50	88718	4	0	0	0	0	0	0	0	0	0
20.60	86233	4	0	0	0	0	0	0	0	0	0
20.70	83785	4	0	0	0	0	0	0	0	0	0
20.80	81375	4	0	0	0	0	0	0	0	0	0
20.90	79001	4	0	0	0	0	0	0	0	0	0
21.00	76665	4	0	0	0	0	0	0	0	0	0
21.10	74365	4	0	0	0	0	0	0	0	0	0
21.20	72103	4	0	0	0	0	0	0	0	0	0
21.30	69877	4	0	0	0	0	0	0	0	0	0
21.40	67688	4	0	0	0	0	0	0	0	0	0
21.50	65535	4	0	0	0	0	0	0	0	0	0
21.60	63420	4	0	0	0	0	0	0	0	0	0
21.70	61340	4	0	0	0	0	0	0	0	0	0
21.80	59298	4	0	0	0	0	0	0	0	0	0
21.90	57291	4	0	0	0	0	0	0	0	0	0
22.00	55321	4	0	0	0	0	0	0	0	0	0
22.10	53388	4	0	0	0	0	0	0	0	0	0
22.20	51490	4	0	0	0	0	0	0	0	0	0
22.30	49629	4	0	0	0	0	0	0	0	0	0
22.40	47804	4	0	0	0	0	0	0	0	0	0
22.50	46014	4	0	0	0	0	0	0	0	0	0
22.60	44261	4	0	0	0	0	0	0	0	0	0
22.70	42544	4	0	0	0	0	0	0	0	0	0
22.80	40862	4	0	0	0	0	0	0	0	0	0
22.90	39216	4	0	0	0	0	0	0	0	0	0
23.00	37606	4	0	0	0	0	0	0	0	0	0
23.10	36031	4	0	0	0	0	0	0	0	0	0
23.20	34491	4	0	0	0	0	0	0	0	0	0
23.30	32988	4	0	0	0	0	0	0	0	0	0
23.40	31519	4	0	0	0	0	0	0	0	0	0
23.50	30085	4	0	0	0	0	0	0	0	0	0
23.60	28687	4	0	0	0	0	0	0	0	0	0
23.70	27324	4	0	0	0	0	0	0	0	0	0
23.80	25995	4	0	0	0	0	0	0	0	0	0
23.90	24702	4	0	0	0	0	0	0	0	0	0
24.00	23443	4	0	0	0	0	0	0	0	0	0
24.10	22219	4	0	0	0	0	0	0	0	0	0
24.20	21029	4	0	0	0	0	0	0	0	0	0
24.30	19874	4	0	0	0	0	0	0	0	0	0
24.40	18753	4	0	0	0	0	0	0	0	0	0
24.50	17666	4	0	0	0	0	0	0	0	0	0
24.60	16614	4	0	0	0	0	0	0	0	0	0
24.70	15595	4	0	0	0	0	0	0	0	0	0
24.80	14611	4	0	0	0	0	0	0	0	0	0
24.90	13660	4	0	0	0	0	0	0	0	0	0
25.00	12743	4	0	0	0	0	0	0	0	0	0
25.10	11859	4	0	0	0	0	0	0	0	0	0
25.20	11009	4	0	0	0	0	0	0	0	0	0
25.30	10192	4	0	0	0	0	0	0	0	0	0
25.40	9408	4	0	0	0	0	0	0	0	0	0
25.50	8657	4	0	0	0	0	0	0	0	0	0
25.60	7939	4	0	0	0	0	0	0	0	0	0
25.70	7254	4	0	0	0	0	0	0	0	0	0
25.80	6601	4	0	0	0	0	0	0	0	0	0
25.90	5980	4	0	0	0	0	0	0	0	0	0
26.00	5392	4	0	0	0	0	0	0	0	0	0
26.10	4836	4	0	0	0	0	0	0	0	0	0
26.20	4311	4	0	0	0	0	0	0	0	0	0
26.30	3818	4	0	0	0	0	0	0	0	0	0
26.40	3357	4	0	0	0	0	0	0	0	0	0
26.50	2927	4	0	0	0	0	0	0	0	0	0
26.60	2527	4	0	0	0	0	0	0	0	0	0
26.70	2159	4	0	0	0	0	0	0	0	0	0
26.80	1821	4	0	0	0	0	0	0	0	0	0
26.90	1513	4	0	0	0	0	0	0	0	0	0
27.00	1235	4	0	0	0	0	0	0	0	0	0
27.10	986	4	0	0	0	0	0	0	0	0	0
27.20	767	4	0	0	0	0	0	0	0	0	0
27.30	577	4	0	0	0	0	0	0	0	0	0
27.40	415	4	0	0	0	0	0	0	0	0	0
27.50	280	4	0	0	0	0	0	0	0	0	0
27.60	173	4	0	0	0	0	0	0	0	0	0
27.70	93	4	0	0	0	0	0	0	0	0	0
27.80	38	4	0	0	0	0	0	0	0	0	0
27.90	8	4	0	0	0	0	0	0	0	0	0
27.99	0	4	0	0	0	0	0	0	0	0	0