-999	"MyLake init"
Z (m)	Az (m2)	Tz (deg C)	Cz	Sz (kg/m3)	TPz (mg/m3)	DOPz (mg/m3)	Chlaz (mg/m3)	DOCz (mg/m3)	TPz_sed (mg/m3)	Chlaz_sed (mg/m3)	"Fvol_IM (m3/m3	 dry w.)"	Hice (m)	Hsnow (m)
0.00	141044241	4	0	0	0	0	0	0	0	0	0	0	0
0.10	140481206	4	0	0	0	0	0	0	0	0	0
0.20	139920008	4	0	0	0	0	0	0	0	0	0
0.30	139360644	4	0	0	0	0	0	0	0	0	0
0.40	138803107	4	0	0	0	0	0	0	0	0	0
0.50	138247393	4	0	0	0	0	0	0	0	0	0
0.60	137693499	4	0	0	0	0	0	0	0	0	0
0.70	137141418	4	0	0	0	0	0	0	0	0	0
0.80	136591147	4	0	0	0	0	0	0	0	0	0
0.90	136042682	4	0	0	0	0	0	0	0	0	0
1.00	135496016	4	0	0	0	0	0	0	0	0	0
1.10	134951146	4	0	0	0	0	0	0	0	0	0
1.20	134408068	4	0	0	0	0	0	0	0	0	0
1.30	133866776	4	0	0	0	0	0	0	0	0	0
1.40	133327266	4	0	0	0	0	0	0	0	0	0
1.50	132789533	4	0	0	0	0	0	0	0	0	0
1.60	132253574	4	0	0	0	0	0	0	0	0	0
1.70	131719383	4	0	0	0	0	0	0	0	0	0
1.80	131186956	4	0	0	0	0	0	0	0	0	0
1.90	130656288	4	0	0	0	0	0	0	0	0	0
2.00	130127375	4	0	0	0	0	0	0	0	0	0
2.10	129600212	4	0	0	0	0	0	0	0	0	0
2.20	129074796	4	0	0	0	0	0	0	0	0	0
2.30	128551120	4	0	0	0	0	0	0	0	0	0
2.40	128029182	4	0	0	0	0	0	0	0	0	0
2.50	127508976	4	0	0	0	0	0	0	0	0	0
2.60	126990498	4	0	0	0	0	0	0	0	0	0
2.70	126473743	4	0	0	0	0	0	0	0	0	0
2.80	125958707	4	0	0	0	0	0	0	0	0	0
2.90	125445386	4	0	0	0	0	0	0	0	0	0
3.00	124933775	4	0	0	0	0	0	0	0	0	0
3.10	124423870	4	0	0	0	0	0	0	0	0	0
3.20	123915666	4	0	0	0	0	0	0	0	0	0
3.30	123409159	4	0	0	0	0	0	0	0	0	0
3.40	122904345	4	0	0	0	0	0	0	0	0	0
3.50	122401219	4	0	0	0	0	0	0	0	0	0
3.60	121899776	4	0	0	0	0	0	0	0	0	0
3.70	121400013	4	0	0	0	0	0	0	0	0	0
3.80	120901925	4	0	0	0	0	0	0	0	0	0
3.90	120405507	4	0	0	0	0	0	0	0	0	0
4.00	119910756	4	0	0	0	0	0	0	0	0	0
4.10	119417667	4	0	0	0	0	0	0	0	0	0
4.20	118926235	4	0	0	0	0	0	0	0	0	0
4.30	118436457	4	0	0	0	0	0	0	0	0	0
4.40	117948328	4	0	0	0	0	0	0	0	0	0
4.50	117461843	4	0	0	0	0	0	0	0	0	0
4.60	116976998	4	0	0	0	0	0	0	0	0	0
4.70	116493790	4	0	0	0	0	0	0	0	0	0
4.80	116012214	4	0	0	0	0	0	0	0	0	0
4.90	115532265	4	0	0	0	0	0	0	0	0	0
5.00	115053939	4	0	0	0	0	0	0	0	0	0
5.10	114577232	4	0	0	0	0	0	0	0	0	0
5.20	114102140	4	0	0	0	0	0	0	0	0	0
5.30	113628658	4	0	0	0	0	0	0	0	0	0
5.40	113156783	4	0	0	0	0	0	0	0	0	0
5.50	112686509	4	0	0	0	0	0	0	0	0	0
5.60	112217833	4	0	0	0	0	0	0	0	0	0
5.70	111750751	4	0	0	0	0	0	0	0	0	0
5.80	111285258	4	0	0	0	0	0	0	0	0	0
5.90	110821351	4	0	0	0	0	0	0	0	0	0
6.00	110359024	4	0	0	0	0	0	0	0	0	0
6.10	109898274	4	0	0	0	0	0	0	0	0	0
6.20	109439097	4	0	0	0	0	0	0	0	0	0
6.30	108981488	4	0	0	0	0	0	0	0	0	0
6.40	108525443	4	0	0	0	0	0	0	0	0	0
6.50	108070959	4	0	0	0	0	0	0	0	0	0
6.60	107618030	4	0	0	0	0	0	0	0	0	0
6.70	107166654	4	0	0	0	0	0	0	0	0	0
6.80	106716825	4	0	0	0	0	0	0	0	0	0
6.90	106268539	4	0	0	0	0	0	0	0	0	0
7.00	105821793	4	0	0	0	0	0	0	0	0	0
7.10	105376583	4	0	0	0	0	0	0	0	0	0
7.20	104932904	4	0	0	0	0	0	0	0	0	0
7.30	104490752	4	0	0	0	0	0	0	0	0	0
7.40	104050123	4	0	0	0	0	0	0	0	0	0
7.50	103611013	4	0	0	0	0	0	0	0	0	0
7.60	103173418	4	0	0	0	0	0	0	0	0	0
7.70	102737334	4	0	0	0	0	0	0	0	0	0
7.80	102302757	4	0	0	0	0	0	0	0	0	0
7.90	101869682	4	0	0	0	0	0	0	0	0	0
8.00	101438107	4	0	0	0	0	0	0	0	0	0
8.10	101008026	4	0	0	0	0	0	0	0	0	0
8.20	100579436	4	0	0	0	0	0	0	0	0	0
8.30	100152332	4	0	0	0	0	0	0	0	0	0
8.40	99726712	4	0	0	0	0	0	0	0	0	0
8.50	99302570	4	0	0	0	0	0	0	0	0	0
8.60	98879903	4	0	0	0	0	0	0	0	0	0
8.70	98458706	4	0	0	0	0	0	0	0	0	0
8.80	98038976	4	0	0	0	0	0	0	0	0	0
8.90	97620709	4	0	0	0	0	0	0	0	0	0
9.00	97203901	4	0	0	0	0	0	0	0	0	0
9.10	96788548	4	0	0	0	0	0	0	0	0	0
9.20	96374646	4	0	0	0	0	0	0	0	0	0
9.30	95962191	4	0	0	0	0	0	0	0	0	0
9.40	95551179	4	0	0	0	0	0	0	0	0	0
9.50	95141606	4	0	0	0	0	0	0	0	0	0
9.60	94733468	4	0	0	0	0	0	0	0	0	0
9.70	94326762	4	0	0	0	0	0	0	0	0	0
9.80	93921483	4	0	0	0	0	0	0	0	0	0
9.90	93517628	4	0	0	0	0	0	0	0	0	0
10.00	93115193	4	0	0	0	0	0	0	0	0	0
10.10	92714173	4	0	0	0	0	0	0	0	0	0
10.20	92314565	4	0	0	0	0	0	0	0	0	0
10.30	91916365	4	0	0	0	0	0	0	0	0	0
10.40	91519570	4	0	0	0	0	0	0	0	0	0
10.50	91124175	4	0	0	0	0	0	0	0	0	0
10.60	90730176	4	0	0	0	0	0	0	0	0	0
10.70	90337570	4	0	0	0	0	0	0	0	0	0
10.80	89946353	4	0	0	0	0	0	0	0	0	0
10.90	89556521	4	0	0	0	0	0	0	0	0	0
11.00	89168071	4	0	0	0	0	0	0	0	0	0
11.10	88780998	4	0	0	0	0	0	0	0	0	0
11.20	88395298	4	0	0	0	0	0	0	0	0	0
11.30	88010969	4	0	0	0	0	0	0	0	0	0
11.40	87628005	4	0	0	0	0	0	0	0	0	0
11.50	87246404	4	0	0	0	0	0	0	0	0	0
11.60	86866162	4	0	0	0	0	0	0	0	0	0
11.70	86487274	4	0	0	0	0	0	0	0	0	0
11.80	86109737	4	0	0	0	0	0	0	0	0	0
11.90	85733548	4	0	0	0	0	0	0	0	0	0
12.00	85358702	4	0	0	0	0	0	0	0	0	0
12.10	84985197	4	0	0	0	0	0	0	0	0	0
12.20	84613027	4	0	0	0	0	0	0	0	0	0
12.30	84242190	4	0	0	0	0	0	0	0	0	0
12.40	83872681	4	0	0	0	0	0	0	0	0	0
12.50	83504498	4	0	0	0	0	0	0	0	0	0
12.60	83137636	4	0	0	0	0	0	0	0	0	0
12.70	82772092	4	0	0	0	0	0	0	0	0	0
12.80	82407861	4	0	0	0	0	0	0	0	0	0
12.90	82044941	4	0	0	0	0	0	0	0	0	0
13.00	81683328	4	0	0	0	0	0	0	0	0	0
13.10	81323018	4	0	0	0	0	0	0	0	0	0
13.20	80964007	4	0	0	0	0	0	0	0	0	0
13.30	80606292	4	0	0	0	0	0	0	0	0	0
13.40	80249868	4	0	0	0	0	0	0	0	0	0
13.50	79894734	4	0	0	0	0	0	0	0	0	0
13.60	79540884	4	0	0	0	0	0	0	0	0	0
13.70	79188316	4	0	0	0	0	0	0	0	0	0
13.80	78837025	4	0	0	0	0	0	0	0	0	0
13.90	78487008	4	0	0	0	0	0	0	0	0	0
14.00	78138262	4	0	0	0	0	0	0	0	0	0
14.10	77790782	4	0	0	0	0	0	0	0	0	0
14.20	77444566	4	0	0	0	0	0	0	0	0	0
14.30	77099610	4	0	0	0	0	0	0	0	0	0
14.40	76755909	4	0	0	0	0	0	0	0	0	0
14.50	76413462	4	0	0	0	0	0	0	0	0	0
14.60	76072263	4	0	0	0	0	0	0	0	0	0
14.70	75732311	4	0	0	0	0	0	0	0	0	0
14.80	75393600	4	0	0	0	0	0	0	0	0	0
14.90	75056127	4	0	0	0	0	0	0	0	0	0
15.00	74719890	4	0	0	0	0	0	0	0	0	0
15.10	74384884	4	0	0	0	0	0	0	0	0	0
15.20	74051106	4	0	0	0	0	0	0	0	0	0
15.30	73718553	4	0	0	0	0	0	0	0	0	0
15.40	73387220	4	0	0	0	0	0	0	0	0	0
15.50	73057105	4	0	0	0	0	0	0	0	0	0
15.60	72728204	4	0	0	0	0	0	0	0	0	0
15.70	72400514	4	0	0	0	0	0	0	0	0	0
15.80	72074031	4	0	0	0	0	0	0	0	0	0
15.90	71748751	4	0	0	0	0	0	0	0	0	0
16.00	71424672	4	0	0	0	0	0	0	0	0	0
16.10	71101789	4	0	0	0	0	0	0	0	0	0
16.20	70780100	4	0	0	0	0	0	0	0	0	0
16.30	70459600	4	0	0	0	0	0	0	0	0	0
16.40	70140287	4	0	0	0	0	0	0	0	0	0
16.50	69822158	4	0	0	0	0	0	0	0	0	0
16.60	69505208	4	0	0	0	0	0	0	0	0	0
16.70	69189434	4	0	0	0	0	0	0	0	0	0
16.80	68874833	4	0	0	0	0	0	0	0	0	0
16.90	68561401	4	0	0	0	0	0	0	0	0	0
17.00	68249136	4	0	0	0	0	0	0	0	0	0
17.10	67938034	4	0	0	0	0	0	0	0	0	0
17.20	67628091	4	0	0	0	0	0	0	0	0	0
17.30	67319304	4	0	0	0	0	0	0	0	0	0
17.40	67011669	4	0	0	0	0	0	0	0	0	0
17.50	66705184	4	0	0	0	0	0	0	0	0	0
17.60	66399845	4	0	0	0	0	0	0	0	0	0
17.70	66095649	4	0	0	0	0	0	0	0	0	0
17.80	65792592	4	0	0	0	0	0	0	0	0	0
17.90	65490671	4	0	0	0	0	0	0	0	0	0
18.00	65189883	4	0	0	0	0	0	0	0	0	0
18.10	64890225	4	0	0	0	0	0	0	0	0	0
18.20	64591692	4	0	0	0	0	0	0	0	0	0
18.30	64294283	4	0	0	0	0	0	0	0	0	0
18.40	63997993	4	0	0	0	0	0	0	0	0	0
18.50	63702819	4	0	0	0	0	0	0	0	0	0
18.60	63408759	4	0	0	0	0	0	0	0	0	0
18.70	63115808	4	0	0	0	0	0	0	0	0	0
18.80	62823964	4	0	0	0	0	0	0	0	0	0
18.90	62533223	4	0	0	0	0	0	0	0	0	0
19.00	62243582	4	0	0	0	0	0	0	0	0	0
19.10	61955038	4	0	0	0	0	0	0	0	0	0
19.20	61667588	4	0	0	0	0	0	0	0	0	0
19.30	61381228	4	0	0	0	0	0	0	0	0	0
19.40	61095955	4	0	0	0	0	0	0	0	0	0
19.50	60811766	4	0	0	0	0	0	0	0	0	0
19.60	60528658	4	0	0	0	0	0	0	0	0	0
19.70	60246627	4	0	0	0	0	0	0	0	0	0
19.80	59965671	4	0	0	0	0	0	0	0	0	0
19.90	59685787	4	0	0	0	0	0	0	0	0	0
20.00	59406970	4	0	0	0	0	0	0	0	0	0
20.10	59129218	4	0	0	0	0	0	0	0	0	0
20.20	58852528	4	0	0	0	0	0	0	0	0	0
20.30	58576896	4	0	0	0	0	0	0	0	0	0
20.40	58302320	4	0	0	0	0	0	0	0	0	0
20.50	58028796	4	0	0	0	0	0	0	0	0	0
20.60	57756321	4	0	0	0	0	0	0	0	0	0
20.70	57484892	4	0	0	0	0	0	0	0	0	0
20.80	57214507	4	0	0	0	0	0	0	0	0	0
20.90	56945161	4	0	0	0	0	0	0	0	0	0
21.00	56676851	4	0	0	0	0	0	0	0	0	0
21.10	56409576	4	0	0	0	0	0	0	0	0	0
21.20	56143330	4	0	0	0	0	0	0	0	0	0
21.30	55878113	4	0	0	0	0	0	0	0	0	0
21.40	55613919	4	0	0	0	0	0	0	0	0	0
21.50	55350747	4	0	0	0	0	0	0	0	0	0
21.60	55088593	4	0	0	0	0	0	0	0	0	0
21.70	54827454	4	0	0	0	0	0	0	0	0	0
21.80	54567328	4	0	0	0	0	0	0	0	0	0
21.90	54308210	4	0	0	0	0	0	0	0	0	0
22.00	54050098	4	0	0	0	0	0	0	0	0	0
22.10	53792990	4	0	0	0	0	0	0	0	0	0
22.20	53536881	4	0	0	0	0	0	0	0	0	0
22.30	53281769	4	0	0	0	0	0	0	0	0	0
22.40	53027651	4	0	0	0	0	0	0	0	0	0
22.50	52774524	4	0	0	0	0	0	0	0	0	0
22.60	52522385	4	0	0	0	0	0	0	0	0	0
22.70	52271231	4	0	0	0	0	0	0	0	0	0
22.80	52021059	4	0	0	0	0	0	0	0	0	0
22.90	51771866	4	0	0	0	0	0	0	0	0	0
23.00	51523648	4	0	0	0	0	0	0	0	0	0
23.10	51276404	4	0	0	0	0	0	0	0	0	0
23.20	51030130	4	0	0	0	0	0	0	0	0	0
23.30	50784823	4	0	0	0	0	0	0	0	0	0
23.40	50540480	4	0	0	0	0	0	0	0	0	0
23.50	50297098	4	0	0	0	0	0	0	0	0	0
23.60	50054674	4	0	0	0	0	0	0	0	0	0
23.70	49813206	4	0	0	0	0	0	0	0	0	0
23.80	49572690	4	0	0	0	0	0	0	0	0	0
23.90	49333124	4	0	0	0	0	0	0	0	0	0
24.00	49094504	4	0	0	0	0	0	0	0	0	0
24.10	48856828	4	0	0	0	0	0	0	0	0	0
24.20	48620093	4	0	0	0	0	0	0	0	0	0
24.30	48384296	4	0	0	0	0	0	0	0	0	0
24.40	48149433	4	0	0	0	0	0	0	0	0	0
24.50	47915503	4	0	0	0	0	0	0	0	0	0
24.60	47682502	4	0	0	0	0	0	0	0	0	0
24.70	47450427	4	0	0	0	0	0	0	0	0	0
24.80	47219276	4	0	0	0	0	0	0	0	0	0
24.90	46989046	4	0	0	0	0	0	0	0	0	0
25.00	46759733	4	0	0	0	0	0	0	0	0	0
25.10	46531335	4	0	0	0	0	0	0	0	0	0
25.20	46303850	4	0	0	0	0	0	0	0	0	0
25.30	46077274	4	0	0	0	0	0	0	0	0	0
25.40	45851604	4	0	0	0	0	0	0	0	0	0
25.50	45626838	4	0	0	0	0	0	0	0	0	0
25.60	45402973	4	0	0	0	0	0	0	0	0	0
25.70	45180006	4	0	0	0	0	0	0	0	0	0
25.80	44957934	4	0	0	0	0	0	0	0	0	0
25.90	44736754	4	0	0	0	0	0	0	0	0	0
26.00	44516465	4	0	0	0	0	0	0	0	0	0
26.10	44297062	4	0	0	0	0	0	0	0	0	0
26.20	44078543	4	0	0	0	0	0	0	0	0	0
26.30	43860906	4	0	0	0	0	0	0	0	0	0
26.40	43644147	4	0	0	0	0	0	0	0	0	0
26.50	43428264	4	0	0	0	0	0	0	0	0	0
26.60	43213255	4	0	0	0	0	0	0	0	0	0
26.70	42999115	4	0	0	0	0	0	0	0	0	0
26.80	42785844	4	0	0	0	0	0	0	0	0	0
26.90	42573437	4	0	0	0	0	0	0	0	0	0
27.00	42361892	4	0	0	0	0	0	0	0	0	0
27.10	42151207	4	0	0	0	0	0	0	0	0	0
27.20	41941379	4	0	0	0	0	0	0	0	0	0
27.30	41732404	4	0	0	0	0	0	0	0	0	0
27.40	41524281	4	0	0	0	0	0	0	0	0	0
27.50	41317007	4	0	0	0	0	0	0	0	0	0
27.60	41110578	4	0	0	0	0	0	0	0	0	0
27.70	40904993	4	0	0	0	0	0	0	0	0	0
27.80	40700249	4	0	0	0	0	0	0	0	0	0
27.90	40496342	4	0	0	0	0	0	0	0	0	0
28.00	40293271	4	0	0	0	0	0	0	0	0	0
28.10	40091032	4	0	0	0	0	0	0	0	0	0
28.20	39889623	4	0	0	0	0	0	0	0	0	0
28.30	39689042	4	0	0	0	0	0	0	0	0	0
28.40	39489285	4	0	0	0	0	0	0	0	0	0
28.50	39290350	4	0	0	0	0	0	0	0	0	0
28.60	39092235	4	0	0	0	0	0	0	0	0	0
28.70	38894936	4	0	0	0	0	0	0	0	0	0
28.80	38698452	4	0	0	0	0	0	0	0	0	0
28.90	38502779	4	0	0	0	0	0	0	0	0	0
29.00	38307915	4	0	0	0	0	0	0	0	0	0
29.10	38113858	4	0	0	0	0	0	0	0	0	0
29.20	37920604	4	0	0	0	0	0	0	0	0	0
29.30	37728152	4	0	0	0	0	0	0	0	0	0
29.40	37536498	4	0	0	0	0	0	0	0	0	0
29.50	37345640	4	0	0	0	0	0	0	0	0	0
29.60	37155576	4	0	0	0	0	0	0	0	0	0
29.70	36966303	4	0	0	0	0	0	0	0	0	0
29.80	36777818	4	0	0	0	0	0	0	0	0	0
29.90	36590118	4	0	0	0	0	0	0	0	0	0
30.00	36403203	4	0	0	0	0	0	0	0	0	0
30.10	36217067	4	0	0	0	0	0	0	0	0	0
30.20	36031710	4	0	0	0	0	0	0	0	0	0
30.30	35847129	4	0	0	0	0	0	0	0	0	0
30.40	35663321	4	0	0	0	0	0	0	0	0	0
30.50	35480283	4	0	0	0	0	0	0	0	0	0
30.60	35298014	4	0	0	0	0	0	0	0	0	0
30.70	35116510	4	0	0	0	0	0	0	0	0	0
30.80	34935769	4	0	0	0	0	0	0	0	0	0
30.90	34755789	4	0	0	0	0	0	0	0	0	0
31.00	34576567	4	0	0	0	0	0	0	0	0	0
31.10	34398101	4	0	0	0	0	0	0	0	0	0
31.20	34220388	4	0	0	0	0	0	0	0	0	0
31.30	34043425	4	0	0	0	0	0	0	0	0	0
31.40	33867211	4	0	0	0	0	0	0	0	0	0
31.50	33691743	4	0	0	0	0	0	0	0	0	0
31.60	33517018	4	0	0	0	0	0	0	0	0	0
31.70	33343034	4	0	0	0	0	0	0	0	0	0
31.80	33169788	4	0	0	0	0	0	0	0	0	0
31.90	32997279	4	0	0	0	0	0	0	0	0	0
32.00	32825503	4	0	0	0	0	0	0	0	0	0
32.10	32654458	4	0	0	0	0	0	0	0	0	0
32.20	32484142	4	0	0	0	0	0	0	0	0	0
32.30	32314552	4	0	0	0	0	0	0	0	0	0
32.40	32145687	4	0	0	0	0	0	0	0	0	0
32.50	31977542	4	0	0	0	0	0	0	0	0	0
32.60	31810117	4	0	0	0	0	0	0	0	0	0
32.70	31643409	4	0	0	0	0	0	0	0	0	0
32.80	31477415	4	0	0	0	0	0	0	0	0	0
32.90	31312133	4	0	0	0	0	0	0	0	0	0
33.00	31147561	4	0	0	0	0	0	0	0	0	0
33.10	30983696	4	0	0	0	0	0	0	0	0	0
33.20	30820536	4	0	0	0	0	0	0	0	0	0
33.30	30658079	4	0	0	0	0	0	0	0	0	0
33.40	30496321	4	0	0	0	0	0	0	0	0	0
33.50	30335262	4	0	0	0	0	0	0	0	0	0
33.60	30174898	4	0	0	0	0	0	0	0	0	0
33.70	30015227	4	0	0	0	0	0	0	0	0	0
33.80	29856247	4	0	0	0	0	0	0	0	0	0
33.90	29697956	4	0	0	0	0	0	0	0	0	0
34.00	29540351	4	0	0	0	0	0	0	0	0	0
34.10	29383429	4	0	0	0	0	0	0	0	0	0
34.20	29227190	4	0	0	0	0	0	0	0	0	0
34.30	29071629	4	0	0	0	0	0	0	0	0	0
34.40	28916746	4	0	0	0	0	0	0	0	0	0
34.50	28762538	4	0	0	0	0	0	0	0	0	0
34.60	28609001	4	0	0	0	0	0	0	0	0	0
34.70	28456135	4	0	0	0	0	0	0	0	0	0
34.80	28303937	4	0	0	0	0	0	0	0	0	0
34.90	28152405	4	0	0	0	0	0	0	0	0	0
35.00	28001536	4	0	0	0	0	0	0	0	0	0
35.10	27851328	4	0	0	0	0	0	0	0	0	0
35.20	27701779	4	0	0	0	0	0	0	0	0	0
35.30	27552886	4	0	0	0	0	0	0	0	0	0
35.40	27404648	4	0	0	0	0	0	0	0	0	0
35.50	27257062	4	0	0	0	0	0	0	0	0	0
35.60	27110126	4	0	0	0	0	0	0	0	0	0
35.70	26963838	4	0	0	0	0	0	0	0	0	0
35.80	26818195	4	0	0	0	0	0	0	0	0	0
35.90	26673195	4	0	0	0	0	0	0	0	0	0
36.00	26528837	4	0	0	0	0	0	0	0	0	0
36.10	26385117	4	0	0	0	0	0	0	0	0	0
36.20	26242034	4	0	0	0	0	0	0	0	0	0
36.30	26099585	4	0	0	0	0	0	0	0	0	0
36.40	25957769	4	0	0	0	0	0	0	0	0	0
36.50	25816583	4	0	0	0	0	0	0	0	0	0
36.60	25676025	4	0	0	0	0	0	0	0	0	0
36.70	25536092	4	0	0	0	0	0	0	0	0	0
36.80	25396783	4	0	0	0	0	0	0	0	0	0
36.90	25258096	4	0	0	0	0	0	0	0	0	0
37.00	25120028	4	0	0	0	0	0	0	0	0	0
37.10	24982577	4	0	0	0	0	0	0	0	0	0
37.20	24845741	4	0	0	0	0	0	0	0	0	0
37.30	24709518	4	0	0	0	0	0	0	0	0	0
37.40	24573905	4	0	0	0	0	0	0	0	0	0
37.50	24438901	4	0	0	0	0	0	0	0	0	0
37.60	24304504	4	0	0	0	0	0	0	0	0	0
37.70	24170711	4	0	0	0	0	0	0	0	0	0
37.80	24037520	4	0	0	0	0	0	0	0	0	0
37.90	23904930	4	0	0	0	0	0	0	0	0	0
38.00	23772937	4	0	0	0	0	0	0	0	0	0
38.10	23641541	4	0	0	0	0	0	0	0	0	0
38.20	23510738	4	0	0	0	0	0	0	0	0	0
38.30	23380527	4	0	0	0	0	0	0	0	0	0
38.40	23250906	4	0	0	0	0	0	0	0	0	0
38.50	23121873	4	0	0	0	0	0	0	0	0	0
38.60	22993425	4	0	0	0	0	0	0	0	0	0
38.70	22865560	4	0	0	0	0	0	0	0	0	0
38.80	22738277	4	0	0	0	0	0	0	0	0	0
38.90	22611573	4	0	0	0	0	0	0	0	0	0
39.00	22485447	4	0	0	0	0	0	0	0	0	0
39.10	22359896	4	0	0	0	0	0	0	0	0	0
39.20	22234918	4	0	0	0	0	0	0	0	0	0
39.30	22110511	4	0	0	0	0	0	0	0	0	0
39.40	21986674	4	0	0	0	0	0	0	0	0	0
39.50	21863404	4	0	0	0	0	0	0	0	0	0
39.60	21740699	4	0	0	0	0	0	0	0	0	0
39.70	21618557	4	0	0	0	0	0	0	0	0	0
39.80	21496976	4	0	0	0	0	0	0	0	0	0
39.90	21375954	4	0	0	0	0	0	0	0	0	0
40.00	21255490	4	0	0	0	0	0	0	0	0	0
40.10	21135580	4	0	0	0	0	0	0	0	0	0
40.20	21016224	4	0	0	0	0	0	0	0	0	0
40.30	20897419	4	0	0	0	0	0	0	0	0	0
40.40	20779163	4	0	0	0	0	0	0	0	0	0
40.50	20661455	4	0	0	0	0	0	0	0	0	0
40.60	20544291	4	0	0	0	0	0	0	0	0	0
40.70	20427671	4	0	0	0	0	0	0	0	0	0
40.80	20311592	4	0	0	0	0	0	0	0	0	0
40.90	20196053	4	0	0	0	0	0	0	0	0	0
41.00	20081051	4	0	0	0	0	0	0	0	0	0
41.10	19966585	4	0	0	0	0	0	0	0	0	0
41.20	19852652	4	0	0	0	0	0	0	0	0	0
41.30	19739251	4	0	0	0	0	0	0	0	0	0
41.40	19626379	4	0	0	0	0	0	0	0	0	0
41.50	19514035	4	0	0	0	0	0	0	0	0	0
41.60	19402218	4	0	0	0	0	0	0	0	0	0
41.70	19290924	4	0	0	0	0	0	0	0	0	0
41.80	19180152	4	0	0	0	0	0	0	0	0	0
41.90	19069900	4	0	0	0	0	0	0	0	0	0
42.00	18960167	4	0	0	0	0	0	0	0	0	0
42.10	18850950	4	0	0	0	0	0	0	0	0	0
42.20	18742247	4	0	0	0	0	0	0	0	0	0
42.30	18634057	4	0	0	0	0	0	0	0	0	0
42.40	18526378	4	0	0	0	0	0	0	0	0	0
42.50	18419207	4	0	0	0	0	0	0	0	0	0
42.60	18312544	4	0	0	0	0	0	0	0	0	0
42.70	18206385	4	0	0	0	0	0	0	0	0	0
42.80	18100730	4	0	0	0	0	0	0	0	0	0
42.90	17995576	4	0	0	0	0	0	0	0	0	0
43.00	17890922	4	0	0	0	0	0	0	0	0	0
43.10	17786766	4	0	0	0	0	0	0	0	0	0
43.20	17683105	4	0	0	0	0	0	0	0	0	0
43.30	17579938	4	0	0	0	0	0	0	0	0	0
43.40	17477264	4	0	0	0	0	0	0	0	0	0
43.50	17375080	4	0	0	0	0	0	0	0	0	0
43.60	17273385	4	0	0	0	0	0	0	0	0	0
43.70	17172176	4	0	0	0	0	0	0	0	0	0
43.80	17071452	4	0	0	0	0	0	0	0	0	0
43.90	16971212	4	0	0	0	0	0	0	0	0	0
44.00	16871452	4	0	0	0	0	0	0	0	0	0
44.10	16772173	4	0	0	0	0	0	0	0	0	0
44.20	16673371	4	0	0	0	0	0	0	0	0	0
44.30	16575044	4	0	0	0	0	0	0	0	0	0
44.40	16477193	4	0	0	0	0	0	0	0	0	0
44.50	16379813	4	0	0	0	0	0	0	0	0	0
44.60	16282904	4	0	0	0	0	0	0	0	0	0
44.70	16186464	4	0	0	0	0	0	0	0	0	0
44.80	16090492	4	0	0	0	0	0	0	0	0	0
44.90	15994984	4	0	0	0	0	0	0	0	0	0
45.00	15899940	4	0	0	0	0	0	0	0	0	0
45.10	15805358	4	0	0	0	0	0	0	0	0	0
45.20	15711236	4	0	0	0	0	0	0	0	0	0
45.30	15617573	4	0	0	0	0	0	0	0	0	0
45.40	15524366	4	0	0	0	0	0	0	0	0	0
45.50	15431614	4	0	0	0	0	0	0	0	0	0
45.60	15339315	4	0	0	0	0	0	0	0	0	0
45.70	15247468	4	0	0	0	0	0	0	0	0	0
45.80	15156070	4	0	0	0	0	0	0	0	0	0
45.90	15065120	4	0	0	0	0	0	0	0	0	0
46.00	14974617	4	0	0	0	0	0	0	0	0	0
46.10	14884559	4	0	0	0	0	0	0	0	0	0
46.20	14794943	4	0	0	0	0	0	0	0	0	0
46.30	14705768	4	0	0	0	0	0	0	0	0	0
46.40	14617034	4	0	0	0	0	0	0	0	0	0
46.50	14528737	4	0	0	0	0	0	0	0	0	0
46.60	14440876	4	0	0	0	0	0	0	0	0	0
46.70	14353449	4	0	0	0	0	0	0	0	0	0
46.80	14266456	4	0	0	0	0	0	0	0	0	0
46.90	14179894	4	0	0	0	0	0	0	0	0	0
47.00	14093761	4	0	0	0	0	0	0	0	0	0
47.10	14008056	4	0	0	0	0	0	0	0	0	0
47.20	13922777	4	0	0	0	0	0	0	0	0	0
47.30	13837923	4	0	0	0	0	0	0	0	0	0
47.40	13753492	4	0	0	0	0	0	0	0	0	0
47.50	13669482	4	0	0	0	0	0	0	0	0	0
47.60	13585892	4	0	0	0	0	0	0	0	0	0
47.70	13502720	4	0	0	0	0	0	0	0	0	0
47.80	13419964	4	0	0	0	0	0	0	0	0	0
47.90	13337623	4	0	0	0	0	0	0	0	0	0
48.00	13255695	4	0	0	0	0	0	0	0	0	0
48.10	13174179	4	0	0	0	0	0	0	0	0	0
48.20	13093072	4	0	0	0	0	0	0	0	0	0
48.30	13012375	4	0	0	0	0	0	0	0	0	0
48.40	12932083	4	0	0	0	0	0	0	0	0	0
48.50	12852197	4	0	0	0	0	0	0	0	0	0
48.60	12772715	4	0	0	0	0	0	0	0	0	0
48.70	12693634	4	0	0	0	0	0	0	0	0	0
48.80	12614954	4	0	0	0	0	0	0	0	0	0
48.90	12536673	4	0	0	0	0	0	0	0	0	0
49.00	12458789	4	0	0	0	0	0	0	0	0	0
49.10	12381301	4	0	0	0	0	0	0	0	0	0
49.20	12304207	4	0	0	0	0	0	0	0	0	0
49.30	12227505	4	0	0	0	0	0	0	0	0	0
49.40	12151195	4	0	0	0	0	0	0	0	0	0
49.50	12075274	4	0	0	0	0	0	0	0	0	0
49.60	11999741	4	0	0	0	0	0	0	0	0	0
49.70	11924594	4	0	0	0	0	0	0	0	0	0
49.80	11849833	4	0	0	0	0	0	0	0	0	0
49.90	11775454	4	0	0	0	0	0	0	0	0	0
50.00	11701458	4	0	0	0	0	0	0	0	0	0
50.10	11627841	4	0	0	0	0	0	0	0	0	0
50.20	11554604	4	0	0	0	0	0	0	0	0	0
50.30	11481743	4	0	0	0	0	0	0	0	0	0
50.40	11409259	4	0	0	0	0	0	0	0	0	0
50.50	11337148	4	0	0	0	0	0	0	0	0	0
50.60	11265411	4	0	0	0	0	0	0	0	0	0
50.70	11194045	4	0	0	0	0	0	0	0	0	0
50.80	11123048	4	0	0	0	0	0	0	0	0	0
50.90	11052420	4	0	0	0	0	0	0	0	0	0
51.00	10982158	4	0	0	0	0	0	0	0	0	0
51.10	10912262	4	0	0	0	0	0	0	0	0	0
51.20	10842729	4	0	0	0	0	0	0	0	0	0
51.30	10773559	4	0	0	0	0	0	0	0	0	0
51.40	10704750	4	0	0	0	0	0	0	0	0	0
51.50	10636300	4	0	0	0	0	0	0	0	0	0
51.60	10568208	4	0	0	0	0	0	0	0	0	0
51.70	10500473	4	0	0	0	0	0	0	0	0	0
51.80	10433093	4	0	0	0	0	0	0	0	0	0
51.90	10366066	4	0	0	0	0	0	0	0	0	0
52.00	10299392	4	0	0	0	0	0	0	0	0	0
52.10	10233068	4	0	0	0	0	0	0	0	0	0
52.20	10167094	4	0	0	0	0	0	0	0	0	0
52.30	10101467	4	0	0	0	0	0	0	0	0	0
52.40	10036187	4	0	0	0	0	0	0	0	0	0
52.50	9971252	4	0	0	0	0	0	0	0	0	0
52.60	9906660	4	0	0	0	0	0	0	0	0	0
52.70	9842411	4	0	0	0	0	0	0	0	0	0
52.80	9778503	4	0	0	0	0	0	0	0	0	0
52.90	9714934	4	0	0	0	0	0	0	0	0	0
53.00	9651703	4	0	0	0	0	0	0	0	0	0
53.10	9588808	4	0	0	0	0	0	0	0	0	0
53.20	9526249	4	0	0	0	0	0	0	0	0	0
53.30	9464023	4	0	0	0	0	0	0	0	0	0
53.40	9402130	4	0	0	0	0	0	0	0	0	0
53.50	9340568	4	0	0	0	0	0	0	0	0	0
53.60	9279336	4	0	0	0	0	0	0	0	0	0
53.70	9218432	4	0	0	0	0	0	0	0	0	0
53.80	9157855	4	0	0	0	0	0	0	0	0	0
53.90	9097603	4	0	0	0	0	0	0	0	0	0
54.00	9037676	4	0	0	0	0	0	0	0	0	0
54.10	8978071	4	0	0	0	0	0	0	0	0	0
54.20	8918788	4	0	0	0	0	0	0	0	0	0
54.30	8859826	4	0	0	0	0	0	0	0	0	0
54.40	8801182	4	0	0	0	0	0	0	0	0	0
54.50	8742855	4	0	0	0	0	0	0	0	0	0
54.60	8684845	4	0	0	0	0	0	0	0	0	0
54.70	8627149	4	0	0	0	0	0	0	0	0	0
54.80	8569767	4	0	0	0	0	0	0	0	0	0
54.90	8512697	4	0	0	0	0	0	0	0	0	0
55.00	8455938	4	0	0	0	0	0	0	0	0	0
55.10	8399489	4	0	0	0	0	0	0	0	0	0
55.20	8343347	4	0	0	0	0	0	0	0	0	0
55.30	8287513	4	0	0	0	0	0	0	0	0	0
55.40	8231984	4	0	0	0	0	0	0	0	0	0
55.50	8176760	4	0	0	0	0	0	0	0	0	0
55.60	8121838	4	0	0	0	0	0	0	0	0	0
55.70	8067218	4	0	0	0	0	0	0	0	0	0
55.80	8012899	4	0	0	0	0	0	0	0	0	0
55.90	7958879	4	0	0	0	0	0	0	0	0	0
56.00	7905157	4	0	0	0	0	0	0	0	0	0
56.10	7851731	4	0	0	0	0	0	0	0	0	0
56.20	7798600	4	0	0	0	0	0	0	0	0	0
56.30	7745764	4	0	0	0	0	0	0	0	0	0
56.40	7693220	4	0	0	0	0	0	0	0	0	0
56.50	7640968	4	0	0	0	0	0	0	0	0	0
56.60	7589007	4	0	0	0	0	0	0	0	0	0
56.70	7537334	4	0	0	0	0	0	0	0	0	0
56.80	7485949	4	0	0	0	0	0	0	0	0	0
56.90	7434850	4	0	0	0	0	0	0	0	0	0
57.00	7384037	4	0	0	0	0	0	0	0	0	0
57.10	7333508	4	0	0	0	0	0	0	0	0	0
57.20	7283262	4	0	0	0	0	0	0	0	0	0
57.30	7233297	4	0	0	0	0	0	0	0	0	0
57.40	7183612	4	0	0	0	0	0	0	0	0	0
57.50	7134207	4	0	0	0	0	0	0	0	0	0
57.60	7085080	4	0	0	0	0	0	0	0	0	0
57.70	7036229	4	0	0	0	0	0	0	0	0	0
57.80	6987654	4	0	0	0	0	0	0	0	0	0
57.90	6939353	4	0	0	0	0	0	0	0	0	0
58.00	6891325	4	0	0	0	0	0	0	0	0	0
58.10	6843570	4	0	0	0	0	0	0	0	0	0
58.20	6796084	4	0	0	0	0	0	0	0	0	0
58.30	6748869	4	0	0	0	0	0	0	0	0	0
58.40	6701921	4	0	0	0	0	0	0	0	0	0
58.50	6655241	4	0	0	0	0	0	0	0	0	0
58.60	6608827	4	0	0	0	0	0	0	0	0	0
58.70	6562677	4	0	0	0	0	0	0	0	0	0
58.80	6516791	4	0	0	0	0	0	0	0	0	0
58.90	6471167	4	0	0	0	0	0	0	0	0	0
59.00	6425805	4	0	0	0	0	0	0	0	0	0
59.10	6380703	4	0	0	0	0	0	0	0	0	0
59.20	6335860	4	0	0	0	0	0	0	0	0	0
59.30	6291274	4	0	0	0	0	0	0	0	0	0
59.40	6246945	4	0	0	0	0	0	0	0	0	0
59.50	6202872	4	0	0	0	0	0	0	0	0	0
59.60	6159053	4	0	0	0	0	0	0	0	0	0
59.70	6115487	4	0	0	0	0	0	0	0	0	0
59.80	6072173	4	0	0	0	0	0	0	0	0	0
59.90	6029110	4	0	0	0	0	0	0	0	0	0
60.00	5986297	4	0	0	0	0	0	0	0	0	0
60.10	5943733	4	0	0	0	0	0	0	0	0	0
60.20	5901416	4	0	0	0	0	0	0	0	0	0
60.30	5859345	4	0	0	0	0	0	0	0	0	0
60.40	5817520	4	0	0	0	0	0	0	0	0	0
60.50	5775939	4	0	0	0	0	0	0	0	0	0
60.60	5734602	4	0	0	0	0	0	0	0	0	0
60.70	5693506	4	0	0	0	0	0	0	0	0	0
60.80	5652651	4	0	0	0	0	0	0	0	0	0
60.90	5612036	4	0	0	0	0	0	0	0	0	0
61.00	5571659	4	0	0	0	0	0	0	0	0	0
61.10	5531520	4	0	0	0	0	0	0	0	0	0
61.20	5491618	4	0	0	0	0	0	0	0	0	0
61.30	5451951	4	0	0	0	0	0	0	0	0	0
61.40	5412519	4	0	0	0	0	0	0	0	0	0
61.50	5373320	4	0	0	0	0	0	0	0	0	0
61.60	5334353	4	0	0	0	0	0	0	0	0	0
61.70	5295617	4	0	0	0	0	0	0	0	0	0
61.80	5257111	4	0	0	0	0	0	0	0	0	0
61.90	5218835	4	0	0	0	0	0	0	0	0	0
62.00	5180786	4	0	0	0	0	0	0	0	0	0
62.10	5142964	4	0	0	0	0	0	0	0	0	0
62.20	5105368	4	0	0	0	0	0	0	0	0	0
62.30	5067997	4	0	0	0	0	0	0	0	0	0
62.40	5030849	4	0	0	0	0	0	0	0	0	0
62.50	4993925	4	0	0	0	0	0	0	0	0	0
62.60	4957222	4	0	0	0	0	0	0	0	0	0
62.70	4920739	4	0	0	0	0	0	0	0	0	0
62.80	4884477	4	0	0	0	0	0	0	0	0	0
62.90	4848433	4	0	0	0	0	0	0	0	0	0
63.00	4812606	4	0	0	0	0	0	0	0	0	0
63.10	4776996	4	0	0	0	0	0	0	0	0	0
63.20	4741602	4	0	0	0	0	0	0	0	0	0
63.30	4706422	4	0	0	0	0	0	0	0	0	0
63.40	4671455	4	0	0	0	0	0	0	0	0	0
63.50	4636701	4	0	0	0	0	0	0	0	0	0
63.60	4602159	4	0	0	0	0	0	0	0	0	0
63.70	4567827	4	0	0	0	0	0	0	0	0	0
63.80	4533705	4	0	0	0	0	0	0	0	0	0
63.90	4499791	4	0	0	0	0	0	0	0	0	0
64.00	4466084	4	0	0	0	0	0	0	0	0	0
64.10	4432584	4	0	0	0	0	0	0	0	0	0
64.20	4399290	4	0	0	0	0	0	0	0	0	0
64.30	4366200	4	0	0	0	0	0	0	0	0	0
64.40	4333314	4	0	0	0	0	0	0	0	0	0
64.50	4300631	4	0	0	0	0	0	0	0	0	0
64.60	4268149	4	0	0	0	0	0	0	0	0	0
64.70	4235868	4	0	0	0	0	0	0	0	0	0
64.80	4203786	4	0	0	0	0	0	0	0	0	0
64.90	4171903	4	0	0	0	0	0	0	0	0	0
65.00	4140219	4	0	0	0	0	0	0	0	0	0
65.10	4108731	4	0	0	0	0	0	0	0	0	0
65.20	4077438	4	0	0	0	0	0	0	0	0	0
65.30	4046341	4	0	0	0	0	0	0	0	0	0
65.40	4015438	4	0	0	0	0	0	0	0	0	0
65.50	3984728	4	0	0	0	0	0	0	0	0	0
65.60	3954210	4	0	0	0	0	0	0	0	0	0
65.70	3923883	4	0	0	0	0	0	0	0	0	0
65.80	3893747	4	0	0	0	0	0	0	0	0	0
65.90	3863799	4	0	0	0	0	0	0	0	0	0
66.00	3834041	4	0	0	0	0	0	0	0	0	0
66.10	3804469	4	0	0	0	0	0	0	0	0	0
66.20	3775085	4	0	0	0	0	0	0	0	0	0
66.30	3745886	4	0	0	0	0	0	0	0	0	0
66.40	3716872	4	0	0	0	0	0	0	0	0	0
66.50	3688041	4	0	0	0	0	0	0	0	0	0
66.60	3659394	4	0	0	0	0	0	0	0	0	0
66.70	3630928	4	0	0	0	0	0	0	0	0	0
66.80	3602644	4	0	0	0	0	0	0	0	0	0
66.90	3574540	4	0	0	0	0	0	0	0	0	0
67.00	3546615	4	0	0	0	0	0	0	0	0	0
67.10	3518869	4	0	0	0	0	0	0	0	0	0
67.20	3491300	4	0	0	0	0	0	0	0	0	0
67.30	3463908	4	0	0	0	0	0	0	0	0	0
67.40	3436692	4	0	0	0	0	0	0	0	0	0
67.50	3409651	4	0	0	0	0	0	0	0	0	0
67.60	3382784	4	0	0	0	0	0	0	0	0	0
67.70	3356090	4	0	0	0	0	0	0	0	0	0
67.80	3329568	4	0	0	0	0	0	0	0	0	0
67.90	3303218	4	0	0	0	0	0	0	0	0	0
68.00	3277038	4	0	0	0	0	0	0	0	0	0
68.10	3251028	4	0	0	0	0	0	0	0	0	0
68.20	3225187	4	0	0	0	0	0	0	0	0	0
68.30	3199514	4	0	0	0	0	0	0	0	0	0
68.40	3174009	4	0	0	0	0	0	0	0	0	0
68.50	3148669	4	0	0	0	0	0	0	0	0	0
68.60	3123495	4	0	0	0	0	0	0	0	0	0
68.70	3098486	4	0	0	0	0	0	0	0	0	0
68.80	3073641	4	0	0	0	0	0	0	0	0	0
68.90	3048958	4	0	0	0	0	0	0	0	0	0
69.00	3024438	4	0	0	0	0	0	0	0	0	0
69.10	3000079	4	0	0	0	0	0	0	0	0	0
69.20	2975880	4	0	0	0	0	0	0	0	0	0
69.30	2951841	4	0	0	0	0	0	0	0	0	0
69.40	2927961	4	0	0	0	0	0	0	0	0	0
69.50	2904240	4	0	0	0	0	0	0	0	0	0
69.60	2880675	4	0	0	0	0	0	0	0	0	0
69.70	2857267	4	0	0	0	0	0	0	0	0	0
69.80	2834014	4	0	0	0	0	0	0	0	0	0
69.90	2810916	4	0	0	0	0	0	0	0	0	0
70.00	2787972	4	0	0	0	0	0	0	0	0	0
70.10	2765182	4	0	0	0	0	0	0	0	0	0
70.20	2742544	4	0	0	0	0	0	0	0	0	0
70.30	2720057	4	0	0	0	0	0	0	0	0	0
70.40	2697721	4	0	0	0	0	0	0	0	0	0
70.50	2675536	4	0	0	0	0	0	0	0	0	0
70.60	2653499	4	0	0	0	0	0	0	0	0	0
70.70	2631611	4	0	0	0	0	0	0	0	0	0
70.80	2609871	4	0	0	0	0	0	0	0	0	0
70.90	2588278	4	0	0	0	0	0	0	0	0	0
71.00	2566831	4	0	0	0	0	0	0	0	0	0
71.10	2545529	4	0	0	0	0	0	0	0	0	0
71.20	2524372	4	0	0	0	0	0	0	0	0	0
71.30	2503359	4	0	0	0	0	0	0	0	0	0
71.40	2482489	4	0	0	0	0	0	0	0	0	0
71.50	2461761	4	0	0	0	0	0	0	0	0	0
71.60	2441175	4	0	0	0	0	0	0	0	0	0
71.70	2420729	4	0	0	0	0	0	0	0	0	0
71.80	2400424	4	0	0	0	0	0	0	0	0	0
71.90	2380258	4	0	0	0	0	0	0	0	0	0
72.00	2360231	4	0	0	0	0	0	0	0	0	0
72.10	2340342	4	0	0	0	0	0	0	0	0	0
72.20	2320589	4	0	0	0	0	0	0	0	0	0
72.30	2300973	4	0	0	0	0	0	0	0	0	0
72.40	2281493	4	0	0	0	0	0	0	0	0	0
72.50	2262148	4	0	0	0	0	0	0	0	0	0
72.60	2242937	4	0	0	0	0	0	0	0	0	0
72.70	2223859	4	0	0	0	0	0	0	0	0	0
72.80	2204914	4	0	0	0	0	0	0	0	0	0
72.90	2186102	4	0	0	0	0	0	0	0	0	0
73.00	2167420	4	0	0	0	0	0	0	0	0	0
73.10	2148869	4	0	0	0	0	0	0	0	0	0
73.20	2130448	4	0	0	0	0	0	0	0	0	0
73.30	2112157	4	0	0	0	0	0	0	0	0	0
73.40	2093993	4	0	0	0	0	0	0	0	0	0
73.50	2075958	4	0	0	0	0	0	0	0	0	0
73.60	2058049	4	0	0	0	0	0	0	0	0	0
73.70	2040268	4	0	0	0	0	0	0	0	0	0
73.80	2022611	4	0	0	0	0	0	0	0	0	0
73.90	2005080	4	0	0	0	0	0	0	0	0	0
74.00	1987673	4	0	0	0	0	0	0	0	0	0
74.10	1970390	4	0	0	0	0	0	0	0	0	0
74.20	1953229	4	0	0	0	0	0	0	0	0	0
74.30	1936191	4	0	0	0	0	0	0	0	0	0
74.40	1919275	4	0	0	0	0	0	0	0	0	0
74.50	1902479	4	0	0	0	0	0	0	0	0	0
74.60	1885804	4	0	0	0	0	0	0	0	0	0
74.70	1869249	4	0	0	0	0	0	0	0	0	0
74.80	1852812	4	0	0	0	0	0	0	0	0	0
74.90	1836493	4	0	0	0	0	0	0	0	0	0
75.00	1820292	4	0	0	0	0	0	0	0	0	0
75.10	1804209	4	0	0	0	0	0	0	0	0	0
75.20	1788241	4	0	0	0	0	0	0	0	0	0
75.30	1772389	4	0	0	0	0	0	0	0	0	0
75.40	1756652	4	0	0	0	0	0	0	0	0	0
75.50	1741029	4	0	0	0	0	0	0	0	0	0
75.60	1725520	4	0	0	0	0	0	0	0	0	0
75.70	1710124	4	0	0	0	0	0	0	0	0	0
75.80	1694840	4	0	0	0	0	0	0	0	0	0
75.90	1679668	4	0	0	0	0	0	0	0	0	0
76.00	1664608	4	0	0	0	0	0	0	0	0	0
76.10	1649658	4	0	0	0	0	0	0	0	0	0
76.20	1634817	4	0	0	0	0	0	0	0	0	0
76.30	1620086	4	0	0	0	0	0	0	0	0	0
76.40	1605464	4	0	0	0	0	0	0	0	0	0
76.50	1590949	4	0	0	0	0	0	0	0	0	0
76.60	1576542	4	0	0	0	0	0	0	0	0	0
76.70	1562242	4	0	0	0	0	0	0	0	0	0
76.80	1548047	4	0	0	0	0	0	0	0	0	0
76.90	1533959	4	0	0	0	0	0	0	0	0	0
77.00	1519975	4	0	0	0	0	0	0	0	0	0
77.10	1506095	4	0	0	0	0	0	0	0	0	0
77.20	1492319	4	0	0	0	0	0	0	0	0	0
77.30	1478647	4	0	0	0	0	0	0	0	0	0
77.40	1465077	4	0	0	0	0	0	0	0	0	0
77.50	1451608	4	0	0	0	0	0	0	0	0	0
77.60	1438241	4	0	0	0	0	0	0	0	0	0
77.70	1424975	4	0	0	0	0	0	0	0	0	0
77.80	1411809	4	0	0	0	0	0	0	0	0	0
77.90	1398742	4	0	0	0	0	0	0	0	0	0
78.00	1385775	4	0	0	0	0	0	0	0	0	0
78.10	1372906	4	0	0	0	0	0	0	0	0	0
78.20	1360134	4	0	0	0	0	0	0	0	0	0
78.30	1347460	4	0	0	0	0	0	0	0	0	0
78.40	1334882	4	0	0	0	0	0	0	0	0	0
78.50	1322401	4	0	0	0	0	0	0	0	0	0
78.60	1310015	4	0	0	0	0	0	0	0	0	0
78.70	1297724	4	0	0	0	0	0	0	0	0	0
78.80	1285527	4	0	0	0	0	0	0	0	0	0
78.90	1273424	4	0	0	0	0	0	0	0	0	0
79.00	1261414	4	0	0	0	0	0	0	0	0	0
79.10	1249497	4	0	0	0	0	0	0	0	0	0
79.20	1237673	4	0	0	0	0	0	0	0	0	0
79.30	1225939	4	0	0	0	0	0	0	0	0	0
79.40	1214297	4	0	0	0	0	0	0	0	0	0
79.50	1202745	4	0	0	0	0	0	0	0	0	0
79.60	1191283	4	0	0	0	0	0	0	0	0	0
79.70	1179911	4	0	0	0	0	0	0	0	0	0
79.80	1168627	4	0	0	0	0	0	0	0	0	0
79.90	1157432	4	0	0	0	0	0	0	0	0	0
80.00	1146324	4	0	0	0	0	0	0	0	0	0
80.10	1135304	4	0	0	0	0	0	0	0	0	0
80.20	1124370	4	0	0	0	0	0	0	0	0	0
80.30	1113523	4	0	0	0	0	0	0	0	0	0
80.40	1102761	4	0	0	0	0	0	0	0	0	0
80.50	1092084	4	0	0	0	0	0	0	0	0	0
80.60	1081492	4	0	0	0	0	0	0	0	0	0
80.70	1070984	4	0	0	0	0	0	0	0	0	0
80.80	1060560	4	0	0	0	0	0	0	0	0	0
80.90	1050218	4	0	0	0	0	0	0	0	0	0
81.00	1039959	4	0	0	0	0	0	0	0	0	0
81.10	1029782	4	0	0	0	0	0	0	0	0	0
81.20	1019687	4	0	0	0	0	0	0	0	0	0
81.30	1009672	4	0	0	0	0	0	0	0	0	0
81.40	999738	4	0	0	0	0	0	0	0	0	0
81.50	989885	4	0	0	0	0	0	0	0	0	0
81.60	980110	4	0	0	0	0	0	0	0	0	0
81.70	970415	4	0	0	0	0	0	0	0	0	0
81.80	960798	4	0	0	0	0	0	0	0	0	0
81.90	951259	4	0	0	0	0	0	0	0	0	0
82.00	941797	4	0	0	0	0	0	0	0	0	0
82.10	932413	4	0	0	0	0	0	0	0	0	0
82.20	923105	4	0	0	0	0	0	0	0	0	0
82.30	913873	4	0	0	0	0	0	0	0	0	0
82.40	904716	4	0	0	0	0	0	0	0	0	0
82.50	895635	4	0	0	0	0	0	0	0	0	0
82.60	886628	4	0	0	0	0	0	0	0	0	0
82.70	877696	4	0	0	0	0	0	0	0	0	0
82.80	868837	4	0	0	0	0	0	0	0	0	0
82.90	860051	4	0	0	0	0	0	0	0	0	0
83.00	851338	4	0	0	0	0	0	0	0	0	0
83.10	842697	4	0	0	0	0	0	0	0	0	0
83.20	834128	4	0	0	0	0	0	0	0	0	0
83.30	825631	4	0	0	0	0	0	0	0	0	0
83.40	817204	4	0	0	0	0	0	0	0	0	0
83.50	808847	4	0	0	0	0	0	0	0	0	0
83.60	800561	4	0	0	0	0	0	0	0	0	0
83.70	792344	4	0	0	0	0	0	0	0	0	0
83.80	784196	4	0	0	0	0	0	0	0	0	0
83.90	776116	4	0	0	0	0	0	0	0	0	0
84.00	768105	4	0	0	0	0	0	0	0	0	0
84.10	760162	4	0	0	0	0	0	0	0	0	0
84.20	752285	4	0	0	0	0	0	0	0	0	0
84.30	744476	4	0	0	0	0	0	0	0	0	0
84.40	736732	4	0	0	0	0	0	0	0	0	0
84.50	729055	4	0	0	0	0	0	0	0	0	0
84.60	721443	4	0	0	0	0	0	0	0	0	0
84.70	713896	4	0	0	0	0	0	0	0	0	0
84.80	706414	4	0	0	0	0	0	0	0	0	0
84.90	698996	4	0	0	0	0	0	0	0	0	0
85.00	691642	4	0	0	0	0	0	0	0	0	0
85.10	684351	4	0	0	0	0	0	0	0	0	0
85.20	677123	4	0	0	0	0	0	0	0	0	0
85.30	669957	4	0	0	0	0	0	0	0	0	0
85.40	662854	4	0	0	0	0	0	0	0	0	0
85.50	655812	4	0	0	0	0	0	0	0	0	0
85.60	648832	4	0	0	0	0	0	0	0	0	0
85.70	641912	4	0	0	0	0	0	0	0	0	0
85.80	635052	4	0	0	0	0	0	0	0	0	0
85.90	628253	4	0	0	0	0	0	0	0	0	0
86.00	621513	4	0	0	0	0	0	0	0	0	0
86.10	614833	4	0	0	0	0	0	0	0	0	0
86.20	608211	4	0	0	0	0	0	0	0	0	0
86.30	601647	4	0	0	0	0	0	0	0	0	0
86.40	595142	4	0	0	0	0	0	0	0	0	0
86.50	588694	4	0	0	0	0	0	0	0	0	0
86.60	582303	4	0	0	0	0	0	0	0	0	0
86.70	575969	4	0	0	0	0	0	0	0	0	0
86.80	569692	4	0	0	0	0	0	0	0	0	0
86.90	563470	4	0	0	0	0	0	0	0	0	0
87.00	557304	4	0	0	0	0	0	0	0	0	0
87.10	551194	4	0	0	0	0	0	0	0	0	0
87.20	545138	4	0	0	0	0	0	0	0	0	0
87.30	539136	4	0	0	0	0	0	0	0	0	0
87.40	533189	4	0	0	0	0	0	0	0	0	0
87.50	527295	4	0	0	0	0	0	0	0	0	0
87.60	521455	4	0	0	0	0	0	0	0	0	0
87.70	515668	4	0	0	0	0	0	0	0	0	0
87.80	509933	4	0	0	0	0	0	0	0	0	0
87.90	504250	4	0	0	0	0	0	0	0	0	0
88.00	498620	4	0	0	0	0	0	0	0	0	0
88.10	493040	4	0	0	0	0	0	0	0	0	0
88.20	487512	4	0	0	0	0	0	0	0	0	0
88.30	482035	4	0	0	0	0	0	0	0	0	0
88.40	476608	4	0	0	0	0	0	0	0	0	0
88.50	471231	4	0	0	0	0	0	0	0	0	0
88.60	465903	4	0	0	0	0	0	0	0	0	0
88.70	460625	4	0	0	0	0	0	0	0	0	0
88.80	455396	4	0	0	0	0	0	0	0	0	0
88.90	450216	4	0	0	0	0	0	0	0	0	0
89.00	445083	4	0	0	0	0	0	0	0	0	0
89.10	439999	4	0	0	0	0	0	0	0	0	0
89.20	434962	4	0	0	0	0	0	0	0	0	0
89.30	429973	4	0	0	0	0	0	0	0	0	0
89.40	425030	4	0	0	0	0	0	0	0	0	0
89.50	420134	4	0	0	0	0	0	0	0	0	0
89.60	415283	4	0	0	0	0	0	0	0	0	0
89.70	410479	4	0	0	0	0	0	0	0	0	0
89.80	405720	4	0	0	0	0	0	0	0	0	0
89.90	401007	4	0	0	0	0	0	0	0	0	0
90.00	396338	4	0	0	0	0	0	0	0	0	0
90.10	391714	4	0	0	0	0	0	0	0	0	0
90.20	387134	4	0	0	0	0	0	0	0	0	0
90.30	382597	4	0	0	0	0	0	0	0	0	0
90.40	378105	4	0	0	0	0	0	0	0	0	0
90.50	373655	4	0	0	0	0	0	0	0	0	0
90.60	369248	4	0	0	0	0	0	0	0	0	0
90.70	364884	4	0	0	0	0	0	0	0	0	0
90.80	360562	4	0	0	0	0	0	0	0	0	0
90.90	356282	4	0	0	0	0	0	0	0	0	0
91.00	352044	4	0	0	0	0	0	0	0	0	0
91.10	347847	4	0	0	0	0	0	0	0	0	0
91.20	343690	4	0	0	0	0	0	0	0	0	0
91.30	339575	4	0	0	0	0	0	0	0	0	0
91.40	335500	4	0	0	0	0	0	0	0	0	0
91.50	331465	4	0	0	0	0	0	0	0	0	0
91.60	327469	4	0	0	0	0	0	0	0	0	0
91.70	323513	4	0	0	0	0	0	0	0	0	0
91.80	319596	4	0	0	0	0	0	0	0	0	0
91.90	315718	4	0	0	0	0	0	0	0	0	0
92.00	311879	4	0	0	0	0	0	0	0	0	0
92.10	308078	4	0	0	0	0	0	0	0	0	0
92.20	304314	4	0	0	0	0	0	0	0	0	0
92.30	300589	4	0	0	0	0	0	0	0	0	0
92.40	296900	4	0	0	0	0	0	0	0	0	0
92.50	293249	4	0	0	0	0	0	0	0	0	0
92.60	289634	4	0	0	0	0	0	0	0	0	0
92.70	286056	4	0	0	0	0	0	0	0	0	0
92.80	282514	4	0	0	0	0	0	0	0	0	0
92.90	279008	4	0	0	0	0	0	0	0	0	0
93.00	275538	4	0	0	0	0	0	0	0	0	0
93.10	272103	4	0	0	0	0	0	0	0	0	0
93.20	268703	4	0	0	0	0	0	0	0	0	0
93.30	265338	4	0	0	0	0	0	0	0	0	0
93.40	262007	4	0	0	0	0	0	0	0	0	0
93.50	258711	4	0	0	0	0	0	0	0	0	0
93.60	255448	4	0	0	0	0	0	0	0	0	0
93.70	252220	4	0	0	0	0	0	0	0	0	0
93.80	249024	4	0	0	0	0	0	0	0	0	0
93.90	245862	4	0	0	0	0	0	0	0	0	0
94.00	242733	4	0	0	0	0	0	0	0	0	0
94.10	239636	4	0	0	0	0	0	0	0	0	0
94.20	236572	4	0	0	0	0	0	0	0	0	0
94.30	233539	4	0	0	0	0	0	0	0	0	0
94.40	230539	4	0	0	0	0	0	0	0	0	0
94.50	227570	4	0	0	0	0	0	0	0	0	0
94.60	224632	4	0	0	0	0	0	0	0	0	0
94.70	221726	4	0	0	0	0	0	0	0	0	0
94.80	218850	4	0	0	0	0	0	0	0	0	0
94.90	216005	4	0	0	0	0	0	0	0	0	0
95.00	213190	4	0	0	0	0	0	0	0	0	0
95.10	210405	4	0	0	0	0	0	0	0	0	0
95.20	207650	4	0	0	0	0	0	0	0	0	0
95.30	204925	4	0	0	0	0	0	0	0	0	0
95.40	202228	4	0	0	0	0	0	0	0	0	0
95.50	199561	4	0	0	0	0	0	0	0	0	0
95.60	196923	4	0	0	0	0	0	0	0	0	0
95.70	194313	4	0	0	0	0	0	0	0	0	0
95.80	191731	4	0	0	0	0	0	0	0	0	0
95.90	189178	4	0	0	0	0	0	0	0	0	0
96.00	186652	4	0	0	0	0	0	0	0	0	0
96.10	184154	4	0	0	0	0	0	0	0	0	0
96.20	181684	4	0	0	0	0	0	0	0	0	0
96.30	179240	4	0	0	0	0	0	0	0	0	0
96.40	176824	4	0	0	0	0	0	0	0	0	0
96.50	174434	4	0	0	0	0	0	0	0	0	0
96.60	172070	4	0	0	0	0	0	0	0	0	0
96.70	169733	4	0	0	0	0	0	0	0	0	0
96.80	167422	4	0	0	0	0	0	0	0	0	0
96.90	165137	4	0	0	0	0	0	0	0	0	0
97.00	162877	4	0	0	0	0	0	0	0	0	0
97.10	160642	4	0	0	0	0	0	0	0	0	0
97.20	158433	4	0	0	0	0	0	0	0	0	0
97.30	156248	4	0	0	0	0	0	0	0	0	0
97.40	154088	4	0	0	0	0	0	0	0	0	0
97.50	151953	4	0	0	0	0	0	0	0	0	0
97.60	149842	4	0	0	0	0	0	0	0	0	0
97.70	147755	4	0	0	0	0	0	0	0	0	0
97.80	145691	4	0	0	0	0	0	0	0	0	0
97.90	143651	4	0	0	0	0	0	0	0	0	0
98.00	141635	4	0	0	0	0	0	0	0	0	0
98.10	139642	4	0	0	0	0	0	0	0	0	0
98.20	137672	4	0	0	0	0	0	0	0	0	0
98.30	135724	4	0	0	0	0	0	0	0	0	0
98.40	133799	4	0	0	0	0	0	0	0	0	0
98.50	131897	4	0	0	0	0	0	0	0	0	0
98.60	130016	4	0	0	0	0	0	0	0	0	0
98.70	128158	4	0	0	0	0	0	0	0	0	0
98.80	126321	4	0	0	0	0	0	0	0	0	0
98.90	124506	4	0	0	0	0	0	0	0	0	0
99.00	122713	4	0	0	0	0	0	0	0	0	0
99.10	120940	4	0	0	0	0	0	0	0	0	0
99.20	119188	4	0	0	0	0	0	0	0	0	0
99.30	117458	4	0	0	0	0	0	0	0	0	0
99.40	115747	4	0	0	0	0	0	0	0	0	0
99.50	114057	4	0	0	0	0	0	0	0	0	0
99.60	112388	4	0	0	0	0	0	0	0	0	0
99.70	110738	4	0	0	0	0	0	0	0	0	0
99.80	109108	4	0	0	0	0	0	0	0	0	0
99.90	107498	4	0	0	0	0	0	0	0	0	0
100.00	105908	4	0	0	0	0	0	0	0	0	0
100.10	104336	4	0	0	0	0	0	0	0	0	0
100.20	102784	4	0	0	0	0	0	0	0	0	0
100.30	101251	4	0	0	0	0	0	0	0	0	0
100.40	99736	4	0	0	0	0	0	0	0	0	0
100.50	98240	4	0	0	0	0	0	0	0	0	0
100.60	96762	4	0	0	0	0	0	0	0	0	0
100.70	95303	4	0	0	0	0	0	0	0	0	0
100.80	93861	4	0	0	0	0	0	0	0	0	0
100.90	92438	4	0	0	0	0	0	0	0	0	0
101.00	91032	4	0	0	0	0	0	0	0	0	0
101.10	89643	4	0	0	0	0	0	0	0	0	0
101.20	88272	4	0	0	0	0	0	0	0	0	0
101.30	86918	4	0	0	0	0	0	0	0	0	0
101.40	85581	4	0	0	0	0	0	0	0	0	0
101.50	84261	4	0	0	0	0	0	0	0	0	0
101.60	82958	4	0	0	0	0	0	0	0	0	0
101.70	81671	4	0	0	0	0	0	0	0	0	0
101.80	80401	4	0	0	0	0	0	0	0	0	0
101.90	79147	4	0	0	0	0	0	0	0	0	0
102.00	77908	4	0	0	0	0	0	0	0	0	0
102.10	76686	4	0	0	0	0	0	0	0	0	0
102.20	75479	4	0	0	0	0	0	0	0	0	0
102.30	74288	4	0	0	0	0	0	0	0	0	0
102.40	73112	4	0	0	0	0	0	0	0	0	0
102.50	71952	4	0	0	0	0	0	0	0	0	0
102.60	70807	4	0	0	0	0	0	0	0	0	0
102.70	69676	4	0	0	0	0	0	0	0	0	0
102.80	68561	4	0	0	0	0	0	0	0	0	0
102.90	67460	4	0	0	0	0	0	0	0	0	0
103.00	66373	4	0	0	0	0	0	0	0	0	0
103.10	65301	4	0	0	0	0	0	0	0	0	0
103.20	64243	4	0	0	0	0	0	0	0	0	0
103.30	63199	4	0	0	0	0	0	0	0	0	0
103.40	62169	4	0	0	0	0	0	0	0	0	0
103.50	61152	4	0	0	0	0	0	0	0	0	0
103.60	60150	4	0	0	0	0	0	0	0	0	0
103.70	59161	4	0	0	0	0	0	0	0	0	0
103.80	58185	4	0	0	0	0	0	0	0	0	0
103.90	57222	4	0	0	0	0	0	0	0	0	0
104.00	56272	4	0	0	0	0	0	0	0	0	0
104.10	55336	4	0	0	0	0	0	0	0	0	0
104.20	54412	4	0	0	0	0	0	0	0	0	0
104.30	53500	4	0	0	0	0	0	0	0	0	0
104.40	52602	4	0	0	0	0	0	0	0	0	0
104.50	51715	4	0	0	0	0	0	0	0	0	0
104.60	50841	4	0	0	0	0	0	0	0	0	0
104.70	49979	4	0	0	0	0	0	0	0	0	0
104.80	49129	4	0	0	0	0	0	0	0	0	0
104.90	48290	4	0	0	0	0	0	0	0	0	0
105.00	47464	4	0	0	0	0	0	0	0	0	0
105.10	46649	4	0	0	0	0	0	0	0	0	0
105.20	45846	4	0	0	0	0	0	0	0	0	0
105.30	45053	4	0	0	0	0	0	0	0	0	0
105.40	44272	4	0	0	0	0	0	0	0	0	0
105.50	43503	4	0	0	0	0	0	0	0	0	0
105.60	42744	4	0	0	0	0	0	0	0	0	0
105.70	41996	4	0	0	0	0	0	0	0	0	0
105.80	41258	4	0	0	0	0	0	0	0	0	0
105.90	40532	4	0	0	0	0	0	0	0	0	0
106.00	39816	4	0	0	0	0	0	0	0	0	0
106.10	39110	4	0	0	0	0	0	0	0	0	0
106.20	38414	4	0	0	0	0	0	0	0	0	0
106.30	37729	4	0	0	0	0	0	0	0	0	0
106.40	37053	4	0	0	0	0	0	0	0	0	0
106.50	36388	4	0	0	0	0	0	0	0	0	0
106.60	35732	4	0	0	0	0	0	0	0	0	0
106.70	35086	4	0	0	0	0	0	0	0	0	0
106.80	34450	4	0	0	0	0	0	0	0	0	0
106.90	33823	4	0	0	0	0	0	0	0	0	0
107.00	33205	4	0	0	0	0	0	0	0	0	0
107.10	32597	4	0	0	0	0	0	0	0	0	0
107.20	31998	4	0	0	0	0	0	0	0	0	0
107.30	31407	4	0	0	0	0	0	0	0	0	0
107.40	30826	4	0	0	0	0	0	0	0	0	0
107.50	30254	4	0	0	0	0	0	0	0	0	0
107.60	29690	4	0	0	0	0	0	0	0	0	0
107.70	29135	4	0	0	0	0	0	0	0	0	0
107.80	28588	4	0	0	0	0	0	0	0	0	0
107.90	28050	4	0	0	0	0	0	0	0	0	0
108.00	27520	4	0	0	0	0	0	0	0	0	0
108.10	26998	4	0	0	0	0	0	0	0	0	0
108.20	26485	4	0	0	0	0	0	0	0	0	0
108.30	25979	4	0	0	0	0	0	0	0	0	0
108.40	25481	4	0	0	0	0	0	0	0	0	0
108.50	24991	4	0	0	0	0	0	0	0	0	0
108.60	24509	4	0	0	0	0	0	0	0	0	0
108.70	24035	4	0	0	0	0	0	0	0	0	0
108.80	23568	4	0	0	0	0	0	0	0	0	0
108.90	23108	4	0	0	0	0	0	0	0	0	0
109.00	22656	4	0	0	0	0	0	0	0	0	0
109.10	22211	4	0	0	0	0	0	0	0	0	0
109.20	21773	4	0	0	0	0	0	0	0	0	0
109.30	21343	4	0	0	0	0	0	0	0	0	0
109.40	20919	4	0	0	0	0	0	0	0	0	0
109.50	20502	4	0	0	0	0	0	0	0	0	0
109.60	20092	4	0	0	0	0	0	0	0	0	0
109.70	19689	4	0	0	0	0	0	0	0	0	0
109.80	19292	4	0	0	0	0	0	0	0	0	0
109.90	18902	4	0	0	0	0	0	0	0	0	0
110.00	18518	4	0	0	0	0	0	0	0	0	0
110.10	18141	4	0	0	0	0	0	0	0	0	0
110.20	17770	4	0	0	0	0	0	0	0	0	0
110.30	17405	4	0	0	0	0	0	0	0	0	0
110.40	17047	4	0	0	0	0	0	0	0	0	0
110.50	16694	4	0	0	0	0	0	0	0	0	0
110.60	16348	4	0	0	0	0	0	0	0	0	0
110.70	16007	4	0	0	0	0	0	0	0	0	0
110.80	15672	4	0	0	0	0	0	0	0	0	0
110.90	15343	4	0	0	0	0	0	0	0	0	0
111.00	15020	4	0	0	0	0	0	0	0	0	0
111.10	14702	4	0	0	0	0	0	0	0	0	0
111.20	14389	4	0	0	0	0	0	0	0	0	0
111.30	14083	4	0	0	0	0	0	0	0	0	0
111.40	13781	4	0	0	0	0	0	0	0	0	0
111.50	13485	4	0	0	0	0	0	0	0	0	0
111.60	13194	4	0	0	0	0	0	0	0	0	0
111.70	12908	4	0	0	0	0	0	0	0	0	0
111.80	12627	4	0	0	0	0	0	0	0	0	0
111.90	12351	4	0	0	0	0	0	0	0	0	0
112.00	12081	4	0	0	0	0	0	0	0	0	0
112.10	11815	4	0	0	0	0	0	0	0	0	0
112.20	11554	4	0	0	0	0	0	0	0	0	0
112.30	11297	4	0	0	0	0	0	0	0	0	0
112.40	11045	4	0	0	0	0	0	0	0	0	0
112.50	10798	4	0	0	0	0	0	0	0	0	0
112.60	10556	4	0	0	0	0	0	0	0	0	0
112.70	10317	4	0	0	0	0	0	0	0	0	0
112.80	10084	4	0	0	0	0	0	0	0	0	0
112.90	9854	4	0	0	0	0	0	0	0	0	0
113.00	9629	4	0	0	0	0	0	0	0	0	0
113.10	9408	4	0	0	0	0	0	0	0	0	0
113.20	9192	4	0	0	0	0	0	0	0	0	0
113.30	8979	4	0	0	0	0	0	0	0	0	0
113.40	8770	4	0	0	0	0	0	0	0	0	0
113.50	8566	4	0	0	0	0	0	0	0	0	0
113.60	8365	4	0	0	0	0	0	0	0	0	0
113.70	8168	4	0	0	0	0	0	0	0	0	0
113.80	7975	4	0	0	0	0	0	0	0	0	0
113.90	7786	4	0	0	0	0	0	0	0	0	0
114.00	7600	4	0	0	0	0	0	0	0	0	0
114.10	7418	4	0	0	0	0	0	0	0	0	0
114.20	7240	4	0	0	0	0	0	0	0	0	0
114.30	7065	4	0	0	0	0	0	0	0	0	0
114.40	6894	4	0	0	0	0	0	0	0	0	0
114.50	6726	4	0	0	0	0	0	0	0	0	0
114.60	6561	4	0	0	0	0	0	0	0	0	0
114.70	6400	4	0	0	0	0	0	0	0	0	0
114.80	6241	4	0	0	0	0	0	0	0	0	0
114.90	6087	4	0	0	0	0	0	0	0	0	0
115.00	5935	4	0	0	0	0	0	0	0	0	0
115.10	5786	4	0	0	0	0	0	0	0	0	0
115.20	5641	4	0	0	0	0	0	0	0	0	0
115.30	5498	4	0	0	0	0	0	0	0	0	0
115.40	5358	4	0	0	0	0	0	0	0	0	0
115.50	5222	4	0	0	0	0	0	0	0	0	0
115.60	5088	4	0	0	0	0	0	0	0	0	0
115.70	4957	4	0	0	0	0	0	0	0	0	0
115.80	4829	4	0	0	0	0	0	0	0	0	0
115.90	4703	4	0	0	0	0	0	0	0	0	0
116.00	4580	4	0	0	0	0	0	0	0	0	0
116.10	4460	4	0	0	0	0	0	0	0	0	0
116.20	4342	4	0	0	0	0	0	0	0	0	0
116.30	4227	4	0	0	0	0	0	0	0	0	0
116.40	4115	4	0	0	0	0	0	0	0	0	0
116.50	4005	4	0	0	0	0	0	0	0	0	0
116.60	3897	4	0	0	0	0	0	0	0	0	0
116.70	3792	4	0	0	0	0	0	0	0	0	0
116.80	3689	4	0	0	0	0	0	0	0	0	0
116.90	3588	4	0	0	0	0	0	0	0	0	0
117.00	3490	4	0	0	0	0	0	0	0	0	0
117.10	3393	4	0	0	0	0	0	0	0	0	0
117.20	3299	4	0	0	0	0	0	0	0	0	0
117.30	3207	4	0	0	0	0	0	0	0	0	0
117.40	3118	4	0	0	0	0	0	0	0	0	0
117.50	3030	4	0	0	0	0	0	0	0	0	0
117.60	2944	4	0	0	0	0	0	0	0	0	0
117.70	2860	4	0	0	0	0	0	0	0	0	0
117.80	2779	4	0	0	0	0	0	0	0	0	0
117.90	2699	4	0	0	0	0	0	0	0	0	0
118.00	2621	4	0	0	0	0	0	0	0	0	0
118.10	2545	4	0	0	0	0	0	0	0	0	0
118.20	2471	4	0	0	0	0	0	0	0	0	0
118.30	2398	4	0	0	0	0	0	0	0	0	0
118.40	2327	4	0	0	0	0	0	0	0	0	0
118.50	2258	4	0	0	0	0	0	0	0	0	0
118.60	2191	4	0	0	0	0	0	0	0	0	0
118.70	2125	4	0	0	0	0	0	0	0	0	0
118.80	2061	4	0	0	0	0	0	0	0	0	0
118.90	1999	4	0	0	0	0	0	0	0	0	0
119.00	1938	4	0	0	0	0	0	0	0	0	0
119.10	1878	4	0	0	0	0	0	0	0	0	0
119.20	1820	4	0	0	0	0	0	0	0	0	0
119.30	1764	4	0	0	0	0	0	0	0	0	0
119.40	1709	4	0	0	0	0	0	0	0	0	0
119.50	1655	4	0	0	0	0	0	0	0	0	0
119.60	1603	4	0	0	0	0	0	0	0	0	0
119.70	1552	4	0	0	0	0	0	0	0	0	0
119.80	1503	4	0	0	0	0	0	0	0	0	0
119.90	1454	4	0	0	0	0	0	0	0	0	0
120.00	1407	4	0	0	0	0	0	0	0	0	0
120.10	1362	4	0	0	0	0	0	0	0	0	0
120.20	1317	4	0	0	0	0	0	0	0	0	0
120.30	1274	4	0	0	0	0	0	0	0	0	0
120.40	1232	4	0	0	0	0	0	0	0	0	0
120.50	1191	4	0	0	0	0	0	0	0	0	0
120.60	1151	4	0	0	0	0	0	0	0	0	0
120.70	1112	4	0	0	0	0	0	0	0	0	0
120.80	1074	4	0	0	0	0	0	0	0	0	0
120.90	1038	4	0	0	0	0	0	0	0	0	0
121.00	1002	4	0	0	0	0	0	0	0	0	0
121.10	967	4	0	0	0	0	0	0	0	0	0
121.20	934	4	0	0	0	0	0	0	0	0	0
121.30	901	4	0	0	0	0	0	0	0	0	0
121.40	869	4	0	0	0	0	0	0	0	0	0
121.50	839	4	0	0	0	0	0	0	0	0	0
121.60	809	4	0	0	0	0	0	0	0	0	0
121.70	780	4	0	0	0	0	0	0	0	0	0
121.80	751	4	0	0	0	0	0	0	0	0	0
121.90	724	4	0	0	0	0	0	0	0	0	0
122.00	698	4	0	0	0	0	0	0	0	0	0
122.10	672	4	0	0	0	0	0	0	0	0	0
122.20	647	4	0	0	0	0	0	0	0	0	0
122.30	623	4	0	0	0	0	0	0	0	0	0
122.40	599	4	0	0	0	0	0	0	0	0	0
122.50	577	4	0	0	0	0	0	0	0	0	0
122.60	555	4	0	0	0	0	0	0	0	0	0
122.70	533	4	0	0	0	0	0	0	0	0	0
122.80	513	4	0	0	0	0	0	0	0	0	0
122.90	493	4	0	0	0	0	0	0	0	0	0
123.00	473	4	0	0	0	0	0	0	0	0	0
123.10	455	4	0	0	0	0	0	0	0	0	0
123.20	436	4	0	0	0	0	0	0	0	0	0
123.30	419	4	0	0	0	0	0	0	0	0	0
123.40	402	4	0	0	0	0	0	0	0	0	0
123.50	386	4	0	0	0	0	0	0	0	0	0
123.60	370	4	0	0	0	0	0	0	0	0	0
123.70	354	4	0	0	0	0	0	0	0	0	0
123.80	340	4	0	0	0	0	0	0	0	0	0
123.90	325	4	0	0	0	0	0	0	0	0	0
124.00	312	4	0	0	0	0	0	0	0	0	0
124.10	298	4	0	0	0	0	0	0	0	0	0
124.20	286	4	0	0	0	0	0	0	0	0	0
124.30	273	4	0	0	0	0	0	0	0	0	0
124.40	261	4	0	0	0	0	0	0	0	0	0
124.50	250	4	0	0	0	0	0	0	0	0	0
124.60	239	4	0	0	0	0	0	0	0	0	0
124.70	228	4	0	0	0	0	0	0	0	0	0
124.80	218	4	0	0	0	0	0	0	0	0	0
124.90	208	4	0	0	0	0	0	0	0	0	0
125.00	198	4	0	0	0	0	0	0	0	0	0
125.10	189	4	0	0	0	0	0	0	0	0	0
125.20	180	4	0	0	0	0	0	0	0	0	0
125.30	172	4	0	0	0	0	0	0	0	0	0
125.40	164	4	0	0	0	0	0	0	0	0	0
125.50	156	4	0	0	0	0	0	0	0	0	0
125.60	148	4	0	0	0	0	0	0	0	0	0
125.70	141	4	0	0	0	0	0	0	0	0	0
125.80	134	4	0	0	0	0	0	0	0	0	0
125.90	127	4	0	0	0	0	0	0	0	0	0
126.00	121	4	0	0	0	0	0	0	0	0	0
126.10	115	4	0	0	0	0	0	0	0	0	0
126.20	109	4	0	0	0	0	0	0	0	0	0
126.30	104	4	0	0	0	0	0	0	0	0	0
126.40	98	4	0	0	0	0	0	0	0	0	0
126.50	93	4	0	0	0	0	0	0	0	0	0
126.60	88	4	0	0	0	0	0	0	0	0	0
126.70	83	4	0	0	0	0	0	0	0	0	0
126.80	79	4	0	0	0	0	0	0	0	0	0
126.90	75	4	0	0	0	0	0	0	0	0	0
127.00	70	4	0	0	0	0	0	0	0	0	0
127.10	67	4	0	0	0	0	0	0	0	0	0
127.20	63	4	0	0	0	0	0	0	0	0	0
127.30	59	4	0	0	0	0	0	0	0	0	0
127.40	56	4	0	0	0	0	0	0	0	0	0
127.50	53	4	0	0	0	0	0	0	0	0	0
127.60	49	4	0	0	0	0	0	0	0	0	0
127.70	47	4	0	0	0	0	0	0	0	0	0
127.80	44	4	0	0	0	0	0	0	0	0	0
127.90	41	4	0	0	0	0	0	0	0	0	0
128.00	39	4	0	0	0	0	0	0	0	0	0
128.10	36	4	0	0	0	0	0	0	0	0	0
128.20	34	4	0	0	0	0	0	0	0	0	0
128.30	32	4	0	0	0	0	0	0	0	0	0
128.40	30	4	0	0	0	0	0	0	0	0	0
128.50	28	4	0	0	0	0	0	0	0	0	0
128.60	26	4	0	0	0	0	0	0	0	0	0
128.70	24	4	0	0	0	0	0	0	0	0	0
128.80	23	4	0	0	0	0	0	0	0	0	0
128.90	21	4	0	0	0	0	0	0	0	0	0
129.00	20	4	0	0	0	0	0	0	0	0	0
129.10	18	4	0	0	0	0	0	0	0	0	0
129.20	17	4	0	0	0	0	0	0	0	0	0
129.30	16	4	0	0	0	0	0	0	0	0	0
129.40	15	4	0	0	0	0	0	0	0	0	0
129.50	14	4	0	0	0	0	0	0	0	0	0
129.60	13	4	0	0	0	0	0	0	0	0	0
129.70	12	4	0	0	0	0	0	0	0	0	0
129.80	11	4	0	0	0	0	0	0	0	0	0
129.90	10	4	0	0	0	0	0	0	0	0	0
130.00	9	4	0	0	0	0	0	0	0	0	0
130.10	8	4	0	0	0	0	0	0	0	0	0
130.20	8	4	0	0	0	0	0	0	0	0	0
130.30	7	4	0	0	0	0	0	0	0	0	0
130.40	6	4	0	0	0	0	0	0	0	0	0
130.50	6	4	0	0	0	0	0	0	0	0	0
130.60	5	4	0	0	0	0	0	0	0	0	0
130.70	5	4	0	0	0	0	0	0	0	0	0
130.80	4	4	0	0	0	0	0	0	0	0	0
130.90	4	4	0	0	0	0	0	0	0	0	0
131.00	4	4	0	0	0	0	0	0	0	0	0
131.10	3	4	0	0	0	0	0	0	0	0	0
131.20	3	4	0	0	0	0	0	0	0	0	0
131.30	3	4	0	0	0	0	0	0	0	0	0
131.40	2	4	0	0	0	0	0	0	0	0	0
131.50	2	4	0	0	0	0	0	0	0	0	0
131.60	2	4	0	0	0	0	0	0	0	0	0
131.70	2	4	0	0	0	0	0	0	0	0	0
131.80	2	4	0	0	0	0	0	0	0	0	0
131.90	1	4	0	0	0	0	0	0	0	0	0
132.00	1	4	0	0	0	0	0	0	0	0	0
132.10	1	4	0	0	0	0	0	0	0	0	0
132.20	1	4	0	0	0	0	0	0	0	0	0
132.30	1	4	0	0	0	0	0	0	0	0	0
132.40	1	4	0	0	0	0	0	0	0	0	0
132.50	1	4	0	0	0	0	0	0	0	0	0
132.60	1	4	0	0	0	0	0	0	0	0	0
132.70	1	4	0	0	0	0	0	0	0	0	0
132.80	0	4	0	0	0	0	0	0	0	0	0
132.90	0	4	0	0	0	0	0	0	0	0	0
133.00	0	4	0	0	0	0	0	0	0	0	0
133.10	0	4	0	0	0	0	0	0	0	0	0
133.20	0	4	0	0	0	0	0	0	0	0	0
133.30	0	4	0	0	0	0	0	0	0	0	0
133.40	0	4	0	0	0	0	0	0	0	0	0
133.50	0	4	0	0	0	0	0	0	0	0	0
133.60	0	4	0	0	0	0	0	0	0	0	0
133.70	0	4	0	0	0	0	0	0	0	0	0
133.80	0	4	0	0	0	0	0	0	0	0	0
133.90	0	4	0	0	0	0	0	0	0	0	0
134.00	0	4	0	0	0	0	0	0	0	0	0
134.10	0	4	0	0	0	0	0	0	0	0	0
134.20	0	4	0	0	0	0	0	0	0	0	0
134.30	0	4	0	0	0	0	0	0	0	0	0
134.40	0	4	0	0	0	0	0	0	0	0	0
134.50	0	4	0	0	0	0	0	0	0	0	0
134.60	0	4	0	0	0	0	0	0	0	0	0
134.70	0	4	0	0	0	0	0	0	0	0	0
134.80	0	4	0	0	0	0	0	0	0	0	0
134.90	0	4	0	0	0	0	0	0	0	0	0
135.00	0	4	0	0	0	0	0	0	0	0	0
135.10	0	4	0	0	0	0	0	0	0	0	0
135.20	0	4	0	0	0	0	0	0	0	0	0
135.30	0	4	0	0	0	0	0	0	0	0	0
135.40	0	4	0	0	0	0	0	0	0	0	0
135.50	0	4	0	0	0	0	0	0	0	0	0
135.60	0	4	0	0	0	0	0	0	0	0	0
135.70	0	4	0	0	0	0	0	0	0	0	0
135.80	0	4	0	0	0	0	0	0	0	0	0
135.90	0	4	0	0	0	0	0	0	0	0	0
136.00	0	4	0	0	0	0	0	0	0	0	0
136.10	0	4	0	0	0	0	0	0	0	0	0
136.20	0	4	0	0	0	0	0	0	0	0	0
136.30	0	4	0	0	0	0	0	0	0	0	0
136.40	0	4	0	0	0	0	0	0	0	0	0
136.50	0	4	0	0	0	0	0	0	0	0	0
136.58	0	4	0	0	0	0	0	0	0	0	0