-999	"MyLake init"
Z (m)	Az (m2)	Tz (deg C)	Cz	Sz (kg/m3)	TPz (mg/m3)	DOPz (mg/m3)	Chlaz (mg/m3)	DOCz (mg/m3)	TPz_sed (mg/m3)	Chlaz_sed (mg/m3)	"Fvol_IM (m3/m3	 dry w.)"	Hice (m)	Hsnow (m)
0.00	15586303	4	0	0	0	0	0	0	0	0	0	0	0
0.10	15533377	4	0	0	0	0	0	0	0	0	0
0.20	15480429	4	0	0	0	0	0	0	0	0	0
0.30	15427461	4	0	0	0	0	0	0	0	0	0
0.40	15374471	4	0	0	0	0	0	0	0	0	0
0.50	15321460	4	0	0	0	0	0	0	0	0	0
0.60	15268427	4	0	0	0	0	0	0	0	0	0
0.70	15215373	4	0	0	0	0	0	0	0	0	0
0.80	15162297	4	0	0	0	0	0	0	0	0	0
0.90	15109199	4	0	0	0	0	0	0	0	0	0
1.00	15056080	4	0	0	0	0	0	0	0	0	0
1.10	15002939	4	0	0	0	0	0	0	0	0	0
1.20	14949775	4	0	0	0	0	0	0	0	0	0
1.30	14896590	4	0	0	0	0	0	0	0	0	0
1.40	14843382	4	0	0	0	0	0	0	0	0	0
1.50	14790152	4	0	0	0	0	0	0	0	0	0
1.60	14736900	4	0	0	0	0	0	0	0	0	0
1.70	14683625	4	0	0	0	0	0	0	0	0	0
1.80	14630327	4	0	0	0	0	0	0	0	0	0
1.90	14577007	4	0	0	0	0	0	0	0	0	0
2.00	14523664	4	0	0	0	0	0	0	0	0	0
2.10	14470298	4	0	0	0	0	0	0	0	0	0
2.20	14416909	4	0	0	0	0	0	0	0	0	0
2.30	14363496	4	0	0	0	0	0	0	0	0	0
2.40	14310061	4	0	0	0	0	0	0	0	0	0
2.50	14256602	4	0	0	0	0	0	0	0	0	0
2.60	14203120	4	0	0	0	0	0	0	0	0	0
2.70	14149614	4	0	0	0	0	0	0	0	0	0
2.80	14096085	4	0	0	0	0	0	0	0	0	0
2.90	14042532	4	0	0	0	0	0	0	0	0	0
3.00	13988954	4	0	0	0	0	0	0	0	0	0
3.10	13935353	4	0	0	0	0	0	0	0	0	0
3.20	13881728	4	0	0	0	0	0	0	0	0	0
3.30	13828078	4	0	0	0	0	0	0	0	0	0
3.40	13774405	4	0	0	0	0	0	0	0	0	0
3.50	13720706	4	0	0	0	0	0	0	0	0	0
3.60	13666983	4	0	0	0	0	0	0	0	0	0
3.70	13613236	4	0	0	0	0	0	0	0	0	0
3.80	13559463	4	0	0	0	0	0	0	0	0	0
3.90	13505666	4	0	0	0	0	0	0	0	0	0
4.00	13451843	4	0	0	0	0	0	0	0	0	0
4.10	13397996	4	0	0	0	0	0	0	0	0	0
4.20	13344122	4	0	0	0	0	0	0	0	0	0
4.30	13290224	4	0	0	0	0	0	0	0	0	0
4.40	13236300	4	0	0	0	0	0	0	0	0	0
4.50	13182350	4	0	0	0	0	0	0	0	0	0
4.60	13128375	4	0	0	0	0	0	0	0	0	0
4.70	13074373	4	0	0	0	0	0	0	0	0	0
4.80	13020345	4	0	0	0	0	0	0	0	0	0
4.90	12966292	4	0	0	0	0	0	0	0	0	0
5.00	12912211	4	0	0	0	0	0	0	0	0	0
5.10	12858104	4	0	0	0	0	0	0	0	0	0
5.20	12803971	4	0	0	0	0	0	0	0	0	0
5.30	12749811	4	0	0	0	0	0	0	0	0	0
5.40	12695624	4	0	0	0	0	0	0	0	0	0
5.50	12641410	4	0	0	0	0	0	0	0	0	0
5.60	12587168	4	0	0	0	0	0	0	0	0	0
5.70	12532900	4	0	0	0	0	0	0	0	0	0
5.80	12478603	4	0	0	0	0	0	0	0	0	0
5.90	12424279	4	0	0	0	0	0	0	0	0	0
6.00	12369928	4	0	0	0	0	0	0	0	0	0
6.10	12315548	4	0	0	0	0	0	0	0	0	0
6.20	12261141	4	0	0	0	0	0	0	0	0	0
6.30	12206705	4	0	0	0	0	0	0	0	0	0
6.40	12152240	4	0	0	0	0	0	0	0	0	0
6.50	12097747	4	0	0	0	0	0	0	0	0	0
6.60	12043226	4	0	0	0	0	0	0	0	0	0
6.70	11988675	4	0	0	0	0	0	0	0	0	0
6.80	11934096	4	0	0	0	0	0	0	0	0	0
6.90	11879487	4	0	0	0	0	0	0	0	0	0
7.00	11824849	4	0	0	0	0	0	0	0	0	0
7.10	11770181	4	0	0	0	0	0	0	0	0	0
7.20	11715484	4	0	0	0	0	0	0	0	0	0
7.30	11660756	4	0	0	0	0	0	0	0	0	0
7.40	11605999	4	0	0	0	0	0	0	0	0	0
7.50	11551211	4	0	0	0	0	0	0	0	0	0
7.60	11496393	4	0	0	0	0	0	0	0	0	0
7.70	11441545	4	0	0	0	0	0	0	0	0	0
7.80	11386665	4	0	0	0	0	0	0	0	0	0
7.90	11331755	4	0	0	0	0	0	0	0	0	0
8.00	11276814	4	0	0	0	0	0	0	0	0	0
8.10	11221841	4	0	0	0	0	0	0	0	0	0
8.20	11166837	4	0	0	0	0	0	0	0	0	0
8.30	11111801	4	0	0	0	0	0	0	0	0	0
8.40	11056733	4	0	0	0	0	0	0	0	0	0
8.50	11001633	4	0	0	0	0	0	0	0	0	0
8.60	10946501	4	0	0	0	0	0	0	0	0	0
8.70	10891336	4	0	0	0	0	0	0	0	0	0
8.80	10836138	4	0	0	0	0	0	0	0	0	0
8.90	10780908	4	0	0	0	0	0	0	0	0	0
9.00	10725644	4	0	0	0	0	0	0	0	0	0
9.10	10670348	4	0	0	0	0	0	0	0	0	0
9.20	10615017	4	0	0	0	0	0	0	0	0	0
9.30	10559653	4	0	0	0	0	0	0	0	0	0
9.40	10504255	4	0	0	0	0	0	0	0	0	0
9.50	10448823	4	0	0	0	0	0	0	0	0	0
9.60	10393356	4	0	0	0	0	0	0	0	0	0
9.70	10337855	4	0	0	0	0	0	0	0	0	0
9.80	10282319	4	0	0	0	0	0	0	0	0	0
9.90	10226748	4	0	0	0	0	0	0	0	0	0
10.00	10171141	4	0	0	0	0	0	0	0	0	0
10.10	10115499	4	0	0	0	0	0	0	0	0	0
10.20	10059821	4	0	0	0	0	0	0	0	0	0
10.30	10004107	4	0	0	0	0	0	0	0	0	0
10.40	9948356	4	0	0	0	0	0	0	0	0	0
10.50	9892569	4	0	0	0	0	0	0	0	0	0
10.60	9836746	4	0	0	0	0	0	0	0	0	0
10.70	9780885	4	0	0	0	0	0	0	0	0	0
10.80	9724987	4	0	0	0	0	0	0	0	0	0
10.90	9669051	4	0	0	0	0	0	0	0	0	0
11.00	9613077	4	0	0	0	0	0	0	0	0	0
11.10	9557065	4	0	0	0	0	0	0	0	0	0
11.20	9501015	4	0	0	0	0	0	0	0	0	0
11.30	9444926	4	0	0	0	0	0	0	0	0	0
11.40	9388798	4	0	0	0	0	0	0	0	0	0
11.50	9332631	4	0	0	0	0	0	0	0	0	0
11.60	9276424	4	0	0	0	0	0	0	0	0	0
11.70	9220178	4	0	0	0	0	0	0	0	0	0
11.80	9163891	4	0	0	0	0	0	0	0	0	0
11.90	9107564	4	0	0	0	0	0	0	0	0	0
12.00	9051196	4	0	0	0	0	0	0	0	0	0
12.10	8994787	4	0	0	0	0	0	0	0	0	0
12.20	8938336	4	0	0	0	0	0	0	0	0	0
12.30	8881844	4	0	0	0	0	0	0	0	0	0
12.40	8825310	4	0	0	0	0	0	0	0	0	0
12.50	8768733	4	0	0	0	0	0	0	0	0	0
12.60	8712114	4	0	0	0	0	0	0	0	0	0
12.70	8655451	4	0	0	0	0	0	0	0	0	0
12.80	8598745	4	0	0	0	0	0	0	0	0	0
12.90	8541996	4	0	0	0	0	0	0	0	0	0
13.00	8485202	4	0	0	0	0	0	0	0	0	0
13.10	8428364	4	0	0	0	0	0	0	0	0	0
13.20	8371481	4	0	0	0	0	0	0	0	0	0
13.30	8314552	4	0	0	0	0	0	0	0	0	0
13.40	8257578	4	0	0	0	0	0	0	0	0	0
13.50	8200558	4	0	0	0	0	0	0	0	0	0
13.60	8143492	4	0	0	0	0	0	0	0	0	0
13.70	8086379	4	0	0	0	0	0	0	0	0	0
13.80	8029218	4	0	0	0	0	0	0	0	0	0
13.90	7972010	4	0	0	0	0	0	0	0	0	0
14.00	7914754	4	0	0	0	0	0	0	0	0	0
14.10	7857449	4	0	0	0	0	0	0	0	0	0
14.20	7800096	4	0	0	0	0	0	0	0	0	0
14.30	7742693	4	0	0	0	0	0	0	0	0	0
14.40	7685240	4	0	0	0	0	0	0	0	0	0
14.50	7627737	4	0	0	0	0	0	0	0	0	0
14.60	7570184	4	0	0	0	0	0	0	0	0	0
14.70	7512579	4	0	0	0	0	0	0	0	0	0
14.80	7454922	4	0	0	0	0	0	0	0	0	0
14.90	7397213	4	0	0	0	0	0	0	0	0	0
15.00	7339452	4	0	0	0	0	0	0	0	0	0
15.10	7281637	4	0	0	0	0	0	0	0	0	0
15.20	7223768	4	0	0	0	0	0	0	0	0	0
15.30	7165846	4	0	0	0	0	0	0	0	0	0
15.40	7107868	4	0	0	0	0	0	0	0	0	0
15.50	7049835	4	0	0	0	0	0	0	0	0	0
15.60	6991746	4	0	0	0	0	0	0	0	0	0
15.70	6933601	4	0	0	0	0	0	0	0	0	0
15.80	6875398	4	0	0	0	0	0	0	0	0	0
15.90	6817138	4	0	0	0	0	0	0	0	0	0
16.00	6758820	4	0	0	0	0	0	0	0	0	0
16.10	6700443	4	0	0	0	0	0	0	0	0	0
16.20	6642006	4	0	0	0	0	0	0	0	0	0
16.30	6583509	4	0	0	0	0	0	0	0	0	0
16.40	6524951	4	0	0	0	0	0	0	0	0	0
16.50	6466331	4	0	0	0	0	0	0	0	0	0
16.60	6407650	4	0	0	0	0	0	0	0	0	0
16.70	6348905	4	0	0	0	0	0	0	0	0	0
16.80	6290097	4	0	0	0	0	0	0	0	0	0
16.90	6231224	4	0	0	0	0	0	0	0	0	0
17.00	6172286	4	0	0	0	0	0	0	0	0	0
17.10	6113283	4	0	0	0	0	0	0	0	0	0
17.20	6054212	4	0	0	0	0	0	0	0	0	0
17.30	5995075	4	0	0	0	0	0	0	0	0	0
17.40	5935868	4	0	0	0	0	0	0	0	0	0
17.50	5876593	4	0	0	0	0	0	0	0	0	0
17.60	5817248	4	0	0	0	0	0	0	0	0	0
17.70	5757832	4	0	0	0	0	0	0	0	0	0
17.80	5698344	4	0	0	0	0	0	0	0	0	0
17.90	5638783	4	0	0	0	0	0	0	0	0	0
18.00	5579149	4	0	0	0	0	0	0	0	0	0
18.10	5519440	4	0	0	0	0	0	0	0	0	0
18.20	5459655	4	0	0	0	0	0	0	0	0	0
18.30	5399794	4	0	0	0	0	0	0	0	0	0
18.40	5339855	4	0	0	0	0	0	0	0	0	0
18.50	5279837	4	0	0	0	0	0	0	0	0	0
18.60	5219739	4	0	0	0	0	0	0	0	0	0
18.70	5159561	4	0	0	0	0	0	0	0	0	0
18.80	5099300	4	0	0	0	0	0	0	0	0	0
18.90	5038955	4	0	0	0	0	0	0	0	0	0
19.00	4978526	4	0	0	0	0	0	0	0	0	0
19.10	4918012	4	0	0	0	0	0	0	0	0	0
19.20	4857409	4	0	0	0	0	0	0	0	0	0
19.30	4796719	4	0	0	0	0	0	0	0	0	0
19.40	4735938	4	0	0	0	0	0	0	0	0	0
19.50	4675066	4	0	0	0	0	0	0	0	0	0
19.60	4614101	4	0	0	0	0	0	0	0	0	0
19.70	4553042	4	0	0	0	0	0	0	0	0	0
19.80	4491887	4	0	0	0	0	0	0	0	0	0
19.90	4430634	4	0	0	0	0	0	0	0	0	0
20.00	4369283	4	0	0	0	0	0	0	0	0	0
20.10	4307830	4	0	0	0	0	0	0	0	0	0
20.20	4246274	4	0	0	0	0	0	0	0	0	0
20.30	4184614	4	0	0	0	0	0	0	0	0	0
20.40	4122848	4	0	0	0	0	0	0	0	0	0
20.50	4060973	4	0	0	0	0	0	0	0	0	0
20.60	3998988	4	0	0	0	0	0	0	0	0	0
20.70	3936890	4	0	0	0	0	0	0	0	0	0
20.80	3874677	4	0	0	0	0	0	0	0	0	0
20.90	3812347	4	0	0	0	0	0	0	0	0	0
21.00	3749898	4	0	0	0	0	0	0	0	0	0
21.10	3687327	4	0	0	0	0	0	0	0	0	0
21.20	3624632	4	0	0	0	0	0	0	0	0	0
21.30	3561809	4	0	0	0	0	0	0	0	0	0
21.40	3498857	4	0	0	0	0	0	0	0	0	0
21.50	3435771	4	0	0	0	0	0	0	0	0	0
21.60	3372550	4	0	0	0	0	0	0	0	0	0
21.70	3309191	4	0	0	0	0	0	0	0	0	0
21.80	3245689	4	0	0	0	0	0	0	0	0	0
21.90	3182041	4	0	0	0	0	0	0	0	0	0
22.00	3118244	4	0	0	0	0	0	0	0	0	0
22.10	3054294	4	0	0	0	0	0	0	0	0	0
22.20	2990187	4	0	0	0	0	0	0	0	0	0
22.30	2925919	4	0	0	0	0	0	0	0	0	0
22.40	2861485	4	0	0	0	0	0	0	0	0	0
22.50	2796881	4	0	0	0	0	0	0	0	0	0
22.60	2732102	4	0	0	0	0	0	0	0	0	0
22.70	2667143	4	0	0	0	0	0	0	0	0	0
22.80	2601998	4	0	0	0	0	0	0	0	0	0
22.90	2536662	4	0	0	0	0	0	0	0	0	0
23.00	2471129	4	0	0	0	0	0	0	0	0	0
23.10	2405392	4	0	0	0	0	0	0	0	0	0
23.20	2339444	4	0	0	0	0	0	0	0	0	0
23.30	2273277	4	0	0	0	0	0	0	0	0	0
23.40	2206885	4	0	0	0	0	0	0	0	0	0
23.50	2140258	4	0	0	0	0	0	0	0	0	0
23.60	2073388	4	0	0	0	0	0	0	0	0	0
23.70	2006264	4	0	0	0	0	0	0	0	0	0
23.80	1938877	4	0	0	0	0	0	0	0	0	0
23.90	1871214	4	0	0	0	0	0	0	0	0	0
24.00	1803264	4	0	0	0	0	0	0	0	0	0
24.10	1735014	4	0	0	0	0	0	0	0	0	0
24.20	1666447	4	0	0	0	0	0	0	0	0	0
24.30	1597549	4	0	0	0	0	0	0	0	0	0
24.40	1528302	4	0	0	0	0	0	0	0	0	0
24.50	1458686	4	0	0	0	0	0	0	0	0	0
24.60	1388678	4	0	0	0	0	0	0	0	0	0
24.70	1318256	4	0	0	0	0	0	0	0	0	0
24.80	1247390	4	0	0	0	0	0	0	0	0	0
24.90	1176050	4	0	0	0	0	0	0	0	0	0
25.00	1104200	4	0	0	0	0	0	0	0	0	0
25.10	1031798	4	0	0	0	0	0	0	0	0	0
25.20	958797	4	0	0	0	0	0	0	0	0	0
25.30	885139	4	0	0	0	0	0	0	0	0	0
25.40	810756	4	0	0	0	0	0	0	0	0	0
25.50	735565	4	0	0	0	0	0	0	0	0	0
25.60	659462	4	0	0	0	0	0	0	0	0	0
25.70	582315	4	0	0	0	0	0	0	0	0	0
25.80	503949	4	0	0	0	0	0	0	0	0	0
25.90	424125	4	0	0	0	0	0	0	0	0	0
26.00	342491	4	0	0	0	0	0	0	0	0	0
26.10	258487	4	0	0	0	0	0	0	0	0	0
26.20	171086	4	0	0	0	0	0	0	0	0	0
26.30	77753	4	0	0	0	0	0	0	0	0	0
26.37	0	4	0	0	0	0	0	0	0	0	0