-999	"MyLake init"
Z (m)	Az (m2)	Tz (deg C)	Cz	Sz (kg/m3)	TPz (mg/m3)	DOPz (mg/m3)	Chlaz (mg/m3)	DOCz (mg/m3)	TPz_sed (mg/m3)	Chlaz_sed (mg/m3)	"Fvol_IM (m3/m3	 dry w.)"	Hice (m)	Hsnow (m)
0.00	13735910	4	0	0	0	0	0	0	0	0	0	0	0
0.10	13668747	4	0	0	0	0	0	0	0	0	0
0.20	13601749	4	0	0	0	0	0	0	0	0	0
0.30	13534915	4	0	0	0	0	0	0	0	0	0
0.40	13468246	4	0	0	0	0	0	0	0	0	0
0.50	13401741	4	0	0	0	0	0	0	0	0	0
0.60	13335401	4	0	0	0	0	0	0	0	0	0
0.70	13269226	4	0	0	0	0	0	0	0	0	0
0.80	13203215	4	0	0	0	0	0	0	0	0	0
0.90	13137369	4	0	0	0	0	0	0	0	0	0
1.00	13071687	4	0	0	0	0	0	0	0	0	0
1.10	13006171	4	0	0	0	0	0	0	0	0	0
1.20	12940818	4	0	0	0	0	0	0	0	0	0
1.30	12875631	4	0	0	0	0	0	0	0	0	0
1.40	12810608	4	0	0	0	0	0	0	0	0	0
1.50	12745749	4	0	0	0	0	0	0	0	0	0
1.60	12681056	4	0	0	0	0	0	0	0	0	0
1.70	12616527	4	0	0	0	0	0	0	0	0	0
1.80	12552162	4	0	0	0	0	0	0	0	0	0
1.90	12487962	4	0	0	0	0	0	0	0	0	0
2.00	12423927	4	0	0	0	0	0	0	0	0	0
2.10	12360056	4	0	0	0	0	0	0	0	0	0
2.20	12296350	4	0	0	0	0	0	0	0	0	0
2.30	12232809	4	0	0	0	0	0	0	0	0	0
2.40	12169432	4	0	0	0	0	0	0	0	0	0
2.50	12106220	4	0	0	0	0	0	0	0	0	0
2.60	12043172	4	0	0	0	0	0	0	0	0	0
2.70	11980289	4	0	0	0	0	0	0	0	0	0
2.80	11917571	4	0	0	0	0	0	0	0	0	0
2.90	11855018	4	0	0	0	0	0	0	0	0	0
3.00	11792628	4	0	0	0	0	0	0	0	0	0
3.10	11730404	4	0	0	0	0	0	0	0	0	0
3.20	11668344	4	0	0	0	0	0	0	0	0	0
3.30	11606449	4	0	0	0	0	0	0	0	0	0
3.40	11544718	4	0	0	0	0	0	0	0	0	0
3.50	11483153	4	0	0	0	0	0	0	0	0	0
3.60	11421751	4	0	0	0	0	0	0	0	0	0
3.70	11360514	4	0	0	0	0	0	0	0	0	0
3.80	11299442	4	0	0	0	0	0	0	0	0	0
3.90	11238535	4	0	0	0	0	0	0	0	0	0
4.00	11177792	4	0	0	0	0	0	0	0	0	0
4.10	11117214	4	0	0	0	0	0	0	0	0	0
4.20	11056800	4	0	0	0	0	0	0	0	0	0
4.30	10996551	4	0	0	0	0	0	0	0	0	0
4.40	10936467	4	0	0	0	0	0	0	0	0	0
4.50	10876547	4	0	0	0	0	0	0	0	0	0
4.60	10816792	4	0	0	0	0	0	0	0	0	0
4.70	10757201	4	0	0	0	0	0	0	0	0	0
4.80	10697775	4	0	0	0	0	0	0	0	0	0
4.90	10638514	4	0	0	0	0	0	0	0	0	0
5.00	10579418	4	0	0	0	0	0	0	0	0	0
5.10	10520485	4	0	0	0	0	0	0	0	0	0
5.20	10461718	4	0	0	0	0	0	0	0	0	0
5.30	10403115	4	0	0	0	0	0	0	0	0	0
5.40	10344677	4	0	0	0	0	0	0	0	0	0
5.50	10286403	4	0	0	0	0	0	0	0	0	0
5.60	10228294	4	0	0	0	0	0	0	0	0	0
5.70	10170350	4	0	0	0	0	0	0	0	0	0
5.80	10112570	4	0	0	0	0	0	0	0	0	0
5.90	10054955	4	0	0	0	0	0	0	0	0	0
6.00	9997505	4	0	0	0	0	0	0	0	0	0
6.10	9940219	4	0	0	0	0	0	0	0	0	0
6.20	9883098	4	0	0	0	0	0	0	0	0	0
6.30	9826141	4	0	0	0	0	0	0	0	0	0
6.40	9769349	4	0	0	0	0	0	0	0	0	0
6.50	9712722	4	0	0	0	0	0	0	0	0	0
6.60	9656259	4	0	0	0	0	0	0	0	0	0
6.70	9599961	4	0	0	0	0	0	0	0	0	0
6.80	9543827	4	0	0	0	0	0	0	0	0	0
6.90	9487858	4	0	0	0	0	0	0	0	0	0
7.00	9432054	4	0	0	0	0	0	0	0	0	0
7.10	9376414	4	0	0	0	0	0	0	0	0	0
7.20	9320939	4	0	0	0	0	0	0	0	0	0
7.30	9265628	4	0	0	0	0	0	0	0	0	0
7.40	9210483	4	0	0	0	0	0	0	0	0	0
7.50	9155501	4	0	0	0	0	0	0	0	0	0
7.60	9100685	4	0	0	0	0	0	0	0	0	0
7.70	9046033	4	0	0	0	0	0	0	0	0	0
7.80	8991545	4	0	0	0	0	0	0	0	0	0
7.90	8937222	4	0	0	0	0	0	0	0	0	0
8.00	8883064	4	0	0	0	0	0	0	0	0	0
8.10	8829071	4	0	0	0	0	0	0	0	0	0
8.20	8775242	4	0	0	0	0	0	0	0	0	0
8.30	8721577	4	0	0	0	0	0	0	0	0	0
8.40	8668078	4	0	0	0	0	0	0	0	0	0
8.50	8614743	4	0	0	0	0	0	0	0	0	0
8.60	8561572	4	0	0	0	0	0	0	0	0	0
8.70	8508566	4	0	0	0	0	0	0	0	0	0
8.80	8455725	4	0	0	0	0	0	0	0	0	0
8.90	8403048	4	0	0	0	0	0	0	0	0	0
9.00	8350536	4	0	0	0	0	0	0	0	0	0
9.10	8298189	4	0	0	0	0	0	0	0	0	0
9.20	8246006	4	0	0	0	0	0	0	0	0	0
9.30	8193988	4	0	0	0	0	0	0	0	0	0
9.40	8142134	4	0	0	0	0	0	0	0	0	0
9.50	8090445	4	0	0	0	0	0	0	0	0	0
9.60	8038921	4	0	0	0	0	0	0	0	0	0
9.70	7987561	4	0	0	0	0	0	0	0	0	0
9.80	7936366	4	0	0	0	0	0	0	0	0	0
9.90	7885335	4	0	0	0	0	0	0	0	0	0
10.00	7834470	4	0	0	0	0	0	0	0	0	0
10.10	7783768	4	0	0	0	0	0	0	0	0	0
10.20	7733232	4	0	0	0	0	0	0	0	0	0
10.30	7682859	4	0	0	0	0	0	0	0	0	0
10.40	7632652	4	0	0	0	0	0	0	0	0	0
10.50	7582609	4	0	0	0	0	0	0	0	0	0
10.60	7532731	4	0	0	0	0	0	0	0	0	0
10.70	7483017	4	0	0	0	0	0	0	0	0	0
10.80	7433468	4	0	0	0	0	0	0	0	0	0
10.90	7384084	4	0	0	0	0	0	0	0	0	0
11.00	7334864	4	0	0	0	0	0	0	0	0	0
11.10	7285809	4	0	0	0	0	0	0	0	0	0
11.20	7236918	4	0	0	0	0	0	0	0	0	0
11.30	7188192	4	0	0	0	0	0	0	0	0	0
11.40	7139631	4	0	0	0	0	0	0	0	0	0
11.50	7091234	4	0	0	0	0	0	0	0	0	0
11.60	7043002	4	0	0	0	0	0	0	0	0	0
11.70	6994934	4	0	0	0	0	0	0	0	0	0
11.80	6947031	4	0	0	0	0	0	0	0	0	0
11.90	6899293	4	0	0	0	0	0	0	0	0	0
12.00	6851719	4	0	0	0	0	0	0	0	0	0
12.10	6804310	4	0	0	0	0	0	0	0	0	0
12.20	6757066	4	0	0	0	0	0	0	0	0	0
12.30	6709986	4	0	0	0	0	0	0	0	0	0
12.40	6663071	4	0	0	0	0	0	0	0	0	0
12.50	6616320	4	0	0	0	0	0	0	0	0	0
12.60	6569734	4	0	0	0	0	0	0	0	0	0
12.70	6523313	4	0	0	0	0	0	0	0	0	0
12.80	6477056	4	0	0	0	0	0	0	0	0	0
12.90	6430963	4	0	0	0	0	0	0	0	0	0
13.00	6385036	4	0	0	0	0	0	0	0	0	0
13.10	6339273	4	0	0	0	0	0	0	0	0	0
13.20	6293674	4	0	0	0	0	0	0	0	0	0
13.30	6248241	4	0	0	0	0	0	0	0	0	0
13.40	6202971	4	0	0	0	0	0	0	0	0	0
13.50	6157867	4	0	0	0	0	0	0	0	0	0
13.60	6112927	4	0	0	0	0	0	0	0	0	0
13.70	6068152	4	0	0	0	0	0	0	0	0	0
13.80	6023541	4	0	0	0	0	0	0	0	0	0
13.90	5979095	4	0	0	0	0	0	0	0	0	0
14.00	5934813	4	0	0	0	0	0	0	0	0	0
14.10	5890696	4	0	0	0	0	0	0	0	0	0
14.20	5846744	4	0	0	0	0	0	0	0	0	0
14.30	5802956	4	0	0	0	0	0	0	0	0	0
14.40	5759333	4	0	0	0	0	0	0	0	0	0
14.50	5715874	4	0	0	0	0	0	0	0	0	0
14.60	5672580	4	0	0	0	0	0	0	0	0	0
14.70	5629451	4	0	0	0	0	0	0	0	0	0
14.80	5586486	4	0	0	0	0	0	0	0	0	0
14.90	5543686	4	0	0	0	0	0	0	0	0	0
15.00	5501051	4	0	0	0	0	0	0	0	0	0
15.10	5458580	4	0	0	0	0	0	0	0	0	0
15.20	5416274	4	0	0	0	0	0	0	0	0	0
15.30	5374132	4	0	0	0	0	0	0	0	0	0
15.40	5332155	4	0	0	0	0	0	0	0	0	0
15.50	5290342	4	0	0	0	0	0	0	0	0	0
15.60	5248695	4	0	0	0	0	0	0	0	0	0
15.70	5207211	4	0	0	0	0	0	0	0	0	0
15.80	5165893	4	0	0	0	0	0	0	0	0	0
15.90	5124739	4	0	0	0	0	0	0	0	0	0
16.00	5083749	4	0	0	0	0	0	0	0	0	0
16.10	5042924	4	0	0	0	0	0	0	0	0	0
16.20	5002264	4	0	0	0	0	0	0	0	0	0
16.30	4961768	4	0	0	0	0	0	0	0	0	0
16.40	4921437	4	0	0	0	0	0	0	0	0	0
16.50	4881271	4	0	0	0	0	0	0	0	0	0
16.60	4841269	4	0	0	0	0	0	0	0	0	0
16.70	4801432	4	0	0	0	0	0	0	0	0	0
16.80	4761759	4	0	0	0	0	0	0	0	0	0
16.90	4722251	4	0	0	0	0	0	0	0	0	0
17.00	4682908	4	0	0	0	0	0	0	0	0	0
17.10	4643729	4	0	0	0	0	0	0	0	0	0
17.20	4604715	4	0	0	0	0	0	0	0	0	0
17.30	4565865	4	0	0	0	0	0	0	0	0	0
17.40	4527180	4	0	0	0	0	0	0	0	0	0
17.50	4488660	4	0	0	0	0	0	0	0	0	0
17.60	4450304	4	0	0	0	0	0	0	0	0	0
17.70	4412113	4	0	0	0	0	0	0	0	0	0
17.80	4374086	4	0	0	0	0	0	0	0	0	0
17.90	4336224	4	0	0	0	0	0	0	0	0	0
18.00	4298526	4	0	0	0	0	0	0	0	0	0
18.10	4260994	4	0	0	0	0	0	0	0	0	0
18.20	4223625	4	0	0	0	0	0	0	0	0	0
18.30	4186422	4	0	0	0	0	0	0	0	0	0
18.40	4149383	4	0	0	0	0	0	0	0	0	0
18.50	4112508	4	0	0	0	0	0	0	0	0	0
18.60	4075798	4	0	0	0	0	0	0	0	0	0
18.70	4039253	4	0	0	0	0	0	0	0	0	0
18.80	4002873	4	0	0	0	0	0	0	0	0	0
18.90	3966657	4	0	0	0	0	0	0	0	0	0
19.00	3930605	4	0	0	0	0	0	0	0	0	0
19.10	3894718	4	0	0	0	0	0	0	0	0	0
19.20	3858996	4	0	0	0	0	0	0	0	0	0
19.30	3823438	4	0	0	0	0	0	0	0	0	0
19.40	3788045	4	0	0	0	0	0	0	0	0	0
19.50	3752817	4	0	0	0	0	0	0	0	0	0
19.60	3717753	4	0	0	0	0	0	0	0	0	0
19.70	3682854	4	0	0	0	0	0	0	0	0	0
19.80	3648119	4	0	0	0	0	0	0	0	0	0
19.90	3613549	4	0	0	0	0	0	0	0	0	0
20.00	3579144	4	0	0	0	0	0	0	0	0	0
20.10	3544903	4	0	0	0	0	0	0	0	0	0
20.20	3510826	4	0	0	0	0	0	0	0	0	0
20.30	3476915	4	0	0	0	0	0	0	0	0	0
20.40	3443168	4	0	0	0	0	0	0	0	0	0
20.50	3409585	4	0	0	0	0	0	0	0	0	0
20.60	3376167	4	0	0	0	0	0	0	0	0	0
20.70	3342914	4	0	0	0	0	0	0	0	0	0
20.80	3309825	4	0	0	0	0	0	0	0	0	0
20.90	3276901	4	0	0	0	0	0	0	0	0	0
21.00	3244142	4	0	0	0	0	0	0	0	0	0
21.10	3211547	4	0	0	0	0	0	0	0	0	0
21.20	3179116	4	0	0	0	0	0	0	0	0	0
21.30	3146851	4	0	0	0	0	0	0	0	0	0
21.40	3114750	4	0	0	0	0	0	0	0	0	0
21.50	3082813	4	0	0	0	0	0	0	0	0	0
21.60	3051041	4	0	0	0	0	0	0	0	0	0
21.70	3019434	4	0	0	0	0	0	0	0	0	0
21.80	2987991	4	0	0	0	0	0	0	0	0	0
21.90	2956713	4	0	0	0	0	0	0	0	0	0
22.00	2925599	4	0	0	0	0	0	0	0	0	0
22.10	2894650	4	0	0	0	0	0	0	0	0	0
22.20	2863866	4	0	0	0	0	0	0	0	0	0
22.30	2833246	4	0	0	0	0	0	0	0	0	0
22.40	2802791	4	0	0	0	0	0	0	0	0	0
22.50	2772500	4	0	0	0	0	0	0	0	0	0
22.60	2742374	4	0	0	0	0	0	0	0	0	0
22.70	2712413	4	0	0	0	0	0	0	0	0	0
22.80	2682616	4	0	0	0	0	0	0	0	0	0
22.90	2652983	4	0	0	0	0	0	0	0	0	0
23.00	2623516	4	0	0	0	0	0	0	0	0	0
23.10	2594213	4	0	0	0	0	0	0	0	0	0
23.20	2565074	4	0	0	0	0	0	0	0	0	0
23.30	2536100	4	0	0	0	0	0	0	0	0	0
23.40	2507291	4	0	0	0	0	0	0	0	0	0
23.50	2478646	4	0	0	0	0	0	0	0	0	0
23.60	2450166	4	0	0	0	0	0	0	0	0	0
23.70	2421851	4	0	0	0	0	0	0	0	0	0
23.80	2393700	4	0	0	0	0	0	0	0	0	0
23.90	2365713	4	0	0	0	0	0	0	0	0	0
24.00	2337891	4	0	0	0	0	0	0	0	0	0
24.10	2310234	4	0	0	0	0	0	0	0	0	0
24.20	2282742	4	0	0	0	0	0	0	0	0	0
24.30	2255414	4	0	0	0	0	0	0	0	0	0
24.40	2228250	4	0	0	0	0	0	0	0	0	0
24.50	2201251	4	0	0	0	0	0	0	0	0	0
24.60	2174417	4	0	0	0	0	0	0	0	0	0
24.70	2147747	4	0	0	0	0	0	0	0	0	0
24.80	2121242	4	0	0	0	0	0	0	0	0	0
24.90	2094902	4	0	0	0	0	0	0	0	0	0
25.00	2068726	4	0	0	0	0	0	0	0	0	0
25.10	2042714	4	0	0	0	0	0	0	0	0	0
25.20	2016868	4	0	0	0	0	0	0	0	0	0
25.30	1991185	4	0	0	0	0	0	0	0	0	0
25.40	1965668	4	0	0	0	0	0	0	0	0	0
25.50	1940315	4	0	0	0	0	0	0	0	0	0
25.60	1915126	4	0	0	0	0	0	0	0	0	0
25.70	1890103	4	0	0	0	0	0	0	0	0	0
25.80	1865243	4	0	0	0	0	0	0	0	0	0
25.90	1840549	4	0	0	0	0	0	0	0	0	0
26.00	1816019	4	0	0	0	0	0	0	0	0	0
26.10	1791653	4	0	0	0	0	0	0	0	0	0
26.20	1767452	4	0	0	0	0	0	0	0	0	0
26.30	1743416	4	0	0	0	0	0	0	0	0	0
26.40	1719544	4	0	0	0	0	0	0	0	0	0
26.50	1695837	4	0	0	0	0	0	0	0	0	0
26.60	1672294	4	0	0	0	0	0	0	0	0	0
26.70	1648916	4	0	0	0	0	0	0	0	0	0
26.80	1625703	4	0	0	0	0	0	0	0	0	0
26.90	1602654	4	0	0	0	0	0	0	0	0	0
27.00	1579770	4	0	0	0	0	0	0	0	0	0
27.10	1557050	4	0	0	0	0	0	0	0	0	0
27.20	1534495	4	0	0	0	0	0	0	0	0	0
27.30	1512104	4	0	0	0	0	0	0	0	0	0
27.40	1489878	4	0	0	0	0	0	0	0	0	0
27.50	1467817	4	0	0	0	0	0	0	0	0	0
27.60	1445920	4	0	0	0	0	0	0	0	0	0
27.70	1424188	4	0	0	0	0	0	0	0	0	0
27.80	1402620	4	0	0	0	0	0	0	0	0	0
27.90	1381217	4	0	0	0	0	0	0	0	0	0
28.00	1359979	4	0	0	0	0	0	0	0	0	0
28.10	1338905	4	0	0	0	0	0	0	0	0	0
28.20	1317995	4	0	0	0	0	0	0	0	0	0
28.30	1297251	4	0	0	0	0	0	0	0	0	0
28.40	1276670	4	0	0	0	0	0	0	0	0	0
28.50	1256255	4	0	0	0	0	0	0	0	0	0
28.60	1236004	4	0	0	0	0	0	0	0	0	0
28.70	1215917	4	0	0	0	0	0	0	0	0	0
28.80	1195995	4	0	0	0	0	0	0	0	0	0
28.90	1176238	4	0	0	0	0	0	0	0	0	0
29.00	1156645	4	0	0	0	0	0	0	0	0	0
29.10	1137217	4	0	0	0	0	0	0	0	0	0
29.20	1117953	4	0	0	0	0	0	0	0	0	0
29.30	1098854	4	0	0	0	0	0	0	0	0	0
29.40	1079920	4	0	0	0	0	0	0	0	0	0
29.50	1061150	4	0	0	0	0	0	0	0	0	0
29.60	1042545	4	0	0	0	0	0	0	0	0	0
29.70	1024104	4	0	0	0	0	0	0	0	0	0
29.80	1005828	4	0	0	0	0	0	0	0	0	0
29.90	987716	4	0	0	0	0	0	0	0	0	0
30.00	969769	4	0	0	0	0	0	0	0	0	0
30.10	951987	4	0	0	0	0	0	0	0	0	0
30.20	934369	4	0	0	0	0	0	0	0	0	0
30.30	916915	4	0	0	0	0	0	0	0	0	0
30.40	899627	4	0	0	0	0	0	0	0	0	0
30.50	882502	4	0	0	0	0	0	0	0	0	0
30.60	865543	4	0	0	0	0	0	0	0	0	0
30.70	848748	4	0	0	0	0	0	0	0	0	0
30.80	832117	4	0	0	0	0	0	0	0	0	0
30.90	815651	4	0	0	0	0	0	0	0	0	0
31.00	799350	4	0	0	0	0	0	0	0	0	0
31.10	783213	4	0	0	0	0	0	0	0	0	0
31.20	767241	4	0	0	0	0	0	0	0	0	0
31.30	751433	4	0	0	0	0	0	0	0	0	0
31.40	735790	4	0	0	0	0	0	0	0	0	0
31.50	720312	4	0	0	0	0	0	0	0	0	0
31.60	704998	4	0	0	0	0	0	0	0	0	0
31.70	689848	4	0	0	0	0	0	0	0	0	0
31.80	674863	4	0	0	0	0	0	0	0	0	0
31.90	660043	4	0	0	0	0	0	0	0	0	0
32.00	645387	4	0	0	0	0	0	0	0	0	0
32.10	630896	4	0	0	0	0	0	0	0	0	0
32.20	616570	4	0	0	0	0	0	0	0	0	0
32.30	602408	4	0	0	0	0	0	0	0	0	0
32.40	588410	4	0	0	0	0	0	0	0	0	0
32.50	574577	4	0	0	0	0	0	0	0	0	0
32.60	560909	4	0	0	0	0	0	0	0	0	0
32.70	547405	4	0	0	0	0	0	0	0	0	0
32.80	534066	4	0	0	0	0	0	0	0	0	0
32.90	520891	4	0	0	0	0	0	0	0	0	0
33.00	507881	4	0	0	0	0	0	0	0	0	0
33.10	495035	4	0	0	0	0	0	0	0	0	0
33.20	482354	4	0	0	0	0	0	0	0	0	0
33.30	469838	4	0	0	0	0	0	0	0	0	0
33.40	457486	4	0	0	0	0	0	0	0	0	0
33.50	445299	4	0	0	0	0	0	0	0	0	0
33.60	433276	4	0	0	0	0	0	0	0	0	0
33.70	421417	4	0	0	0	0	0	0	0	0	0
33.80	409724	4	0	0	0	0	0	0	0	0	0
33.90	398195	4	0	0	0	0	0	0	0	0	0
34.00	386830	4	0	0	0	0	0	0	0	0	0
34.10	375630	4	0	0	0	0	0	0	0	0	0
34.20	364595	4	0	0	0	0	0	0	0	0	0
34.30	353724	4	0	0	0	0	0	0	0	0	0
34.40	343017	4	0	0	0	0	0	0	0	0	0
34.50	332475	4	0	0	0	0	0	0	0	0	0
34.60	322098	4	0	0	0	0	0	0	0	0	0
34.70	311885	4	0	0	0	0	0	0	0	0	0
34.80	301837	4	0	0	0	0	0	0	0	0	0
34.90	291953	4	0	0	0	0	0	0	0	0	0
35.00	282234	4	0	0	0	0	0	0	0	0	0
35.10	272680	4	0	0	0	0	0	0	0	0	0
35.20	263290	4	0	0	0	0	0	0	0	0	0
35.30	254064	4	0	0	0	0	0	0	0	0	0
35.40	245003	4	0	0	0	0	0	0	0	0	0
35.50	236107	4	0	0	0	0	0	0	0	0	0
35.60	227375	4	0	0	0	0	0	0	0	0	0
35.70	218808	4	0	0	0	0	0	0	0	0	0
35.80	210405	4	0	0	0	0	0	0	0	0	0
35.90	202167	4	0	0	0	0	0	0	0	0	0
36.00	194093	4	0	0	0	0	0	0	0	0	0
36.10	186184	4	0	0	0	0	0	0	0	0	0
36.20	178439	4	0	0	0	0	0	0	0	0	0
36.30	170859	4	0	0	0	0	0	0	0	0	0
36.40	163444	4	0	0	0	0	0	0	0	0	0
36.50	156192	4	0	0	0	0	0	0	0	0	0
36.60	149106	4	0	0	0	0	0	0	0	0	0
36.70	142184	4	0	0	0	0	0	0	0	0	0
36.80	135427	4	0	0	0	0	0	0	0	0	0
36.90	128834	4	0	0	0	0	0	0	0	0	0
37.00	122405	4	0	0	0	0	0	0	0	0	0
37.10	116141	4	0	0	0	0	0	0	0	0	0
37.20	110042	4	0	0	0	0	0	0	0	0	0
37.30	104107	4	0	0	0	0	0	0	0	0	0
37.40	98337	4	0	0	0	0	0	0	0	0	0
37.50	92731	4	0	0	0	0	0	0	0	0	0
37.60	87290	4	0	0	0	0	0	0	0	0	0
37.70	82013	4	0	0	0	0	0	0	0	0	0
37.80	76901	4	0	0	0	0	0	0	0	0	0
37.90	71954	4	0	0	0	0	0	0	0	0	0
38.00	67170	4	0	0	0	0	0	0	0	0	0
38.10	62552	4	0	0	0	0	0	0	0	0	0
38.20	58098	4	0	0	0	0	0	0	0	0	0
38.30	53808	4	0	0	0	0	0	0	0	0	0
38.40	49683	4	0	0	0	0	0	0	0	0	0
38.50	45722	4	0	0	0	0	0	0	0	0	0
38.60	41926	4	0	0	0	0	0	0	0	0	0
38.70	38295	4	0	0	0	0	0	0	0	0	0
38.80	34828	4	0	0	0	0	0	0	0	0	0
38.90	31525	4	0	0	0	0	0	0	0	0	0
39.00	28387	4	0	0	0	0	0	0	0	0	0
39.10	25413	4	0	0	0	0	0	0	0	0	0
39.20	22604	4	0	0	0	0	0	0	0	0	0
39.30	19960	4	0	0	0	0	0	0	0	0	0
39.40	17480	4	0	0	0	0	0	0	0	0	0
39.50	15164	4	0	0	0	0	0	0	0	0	0
39.60	13013	4	0	0	0	0	0	0	0	0	0
39.70	11026	4	0	0	0	0	0	0	0	0	0
39.80	9204	4	0	0	0	0	0	0	0	0	0
39.90	7546	4	0	0	0	0	0	0	0	0	0
40.00	6053	4	0	0	0	0	0	0	0	0	0
40.10	4724	4	0	0	0	0	0	0	0	0	0
40.20	3560	4	0	0	0	0	0	0	0	0	0
40.30	2560	4	0	0	0	0	0	0	0	0	0
40.40	1725	4	0	0	0	0	0	0	0	0	0
40.50	1054	4	0	0	0	0	0	0	0	0	0
40.60	548	4	0	0	0	0	0	0	0	0	0
40.70	205	4	0	0	0	0	0	0	0	0	0
40.80	28	4	0	0	0	0	0	0	0	0	0
40.86	0	4	0	0	0	0	0	0	0	0	0