-999	"MyLake init"
Z (m)	Az (m2)	Tz (deg C)	Cz	Sz (kg/m3)	TPz (mg/m3)	DOPz (mg/m3)	Chlaz (mg/m3)	DOCz (mg/m3)	TPz_sed (mg/m3)	Chlaz_sed (mg/m3)	"Fvol_IM (m3/m3	 dry w.)"	Hice (m)	Hsnow (m)
0.00	2931249	4	0	0	0	0	0	0	0	0	0	0	0
0.10	2916027	4	0	0	0	0	0	0	0	0	0
0.20	2900811	4	0	0	0	0	0	0	0	0	0
0.30	2885603	4	0	0	0	0	0	0	0	0	0
0.40	2870400	4	0	0	0	0	0	0	0	0	0
0.50	2855205	4	0	0	0	0	0	0	0	0	0
0.60	2840016	4	0	0	0	0	0	0	0	0	0
0.70	2824833	4	0	0	0	0	0	0	0	0	0
0.80	2809658	4	0	0	0	0	0	0	0	0	0
0.90	2794489	4	0	0	0	0	0	0	0	0	0
1.00	2779327	4	0	0	0	0	0	0	0	0	0
1.10	2764171	4	0	0	0	0	0	0	0	0	0
1.20	2749023	4	0	0	0	0	0	0	0	0	0
1.30	2733881	4	0	0	0	0	0	0	0	0	0
1.40	2718746	4	0	0	0	0	0	0	0	0	0
1.50	2703618	4	0	0	0	0	0	0	0	0	0
1.60	2688497	4	0	0	0	0	0	0	0	0	0
1.70	2673383	4	0	0	0	0	0	0	0	0	0
1.80	2658276	4	0	0	0	0	0	0	0	0	0
1.90	2643177	4	0	0	0	0	0	0	0	0	0
2.00	2628084	4	0	0	0	0	0	0	0	0	0
2.10	2612998	4	0	0	0	0	0	0	0	0	0
2.20	2597919	4	0	0	0	0	0	0	0	0	0
2.30	2582848	4	0	0	0	0	0	0	0	0	0
2.40	2567784	4	0	0	0	0	0	0	0	0	0
2.50	2552727	4	0	0	0	0	0	0	0	0	0
2.60	2537677	4	0	0	0	0	0	0	0	0	0
2.70	2522635	4	0	0	0	0	0	0	0	0	0
2.80	2507600	4	0	0	0	0	0	0	0	0	0
2.90	2492573	4	0	0	0	0	0	0	0	0	0
3.00	2477553	4	0	0	0	0	0	0	0	0	0
3.10	2462540	4	0	0	0	0	0	0	0	0	0
3.20	2447535	4	0	0	0	0	0	0	0	0	0
3.30	2432537	4	0	0	0	0	0	0	0	0	0
3.40	2417547	4	0	0	0	0	0	0	0	0	0
3.50	2402565	4	0	0	0	0	0	0	0	0	0
3.60	2387590	4	0	0	0	0	0	0	0	0	0
3.70	2372623	4	0	0	0	0	0	0	0	0	0
3.80	2357664	4	0	0	0	0	0	0	0	0	0
3.90	2342713	4	0	0	0	0	0	0	0	0	0
4.00	2327769	4	0	0	0	0	0	0	0	0	0
4.10	2312833	4	0	0	0	0	0	0	0	0	0
4.20	2297905	4	0	0	0	0	0	0	0	0	0
4.30	2282986	4	0	0	0	0	0	0	0	0	0
4.40	2268074	4	0	0	0	0	0	0	0	0	0
4.50	2253170	4	0	0	0	0	0	0	0	0	0
4.60	2238274	4	0	0	0	0	0	0	0	0	0
4.70	2223387	4	0	0	0	0	0	0	0	0	0
4.80	2208507	4	0	0	0	0	0	0	0	0	0
4.90	2193636	4	0	0	0	0	0	0	0	0	0
5.00	2178773	4	0	0	0	0	0	0	0	0	0
5.10	2163919	4	0	0	0	0	0	0	0	0	0
5.20	2149072	4	0	0	0	0	0	0	0	0	0
5.30	2134235	4	0	0	0	0	0	0	0	0	0
5.40	2119405	4	0	0	0	0	0	0	0	0	0
5.50	2104584	4	0	0	0	0	0	0	0	0	0
5.60	2089772	4	0	0	0	0	0	0	0	0	0
5.70	2074969	4	0	0	0	0	0	0	0	0	0
5.80	2060174	4	0	0	0	0	0	0	0	0	0
5.90	2045387	4	0	0	0	0	0	0	0	0	0
6.00	2030610	4	0	0	0	0	0	0	0	0	0
6.10	2015841	4	0	0	0	0	0	0	0	0	0
6.20	2001081	4	0	0	0	0	0	0	0	0	0
6.30	1986331	4	0	0	0	0	0	0	0	0	0
6.40	1971589	4	0	0	0	0	0	0	0	0	0
6.50	1956856	4	0	0	0	0	0	0	0	0	0
6.60	1942132	4	0	0	0	0	0	0	0	0	0
6.70	1927418	4	0	0	0	0	0	0	0	0	0
6.80	1912712	4	0	0	0	0	0	0	0	0	0
6.90	1898016	4	0	0	0	0	0	0	0	0	0
7.00	1883330	4	0	0	0	0	0	0	0	0	0
7.10	1868652	4	0	0	0	0	0	0	0	0	0
7.20	1853984	4	0	0	0	0	0	0	0	0	0
7.30	1839326	4	0	0	0	0	0	0	0	0	0
7.40	1824677	4	0	0	0	0	0	0	0	0	0
7.50	1810038	4	0	0	0	0	0	0	0	0	0
7.60	1795409	4	0	0	0	0	0	0	0	0	0
7.70	1780789	4	0	0	0	0	0	0	0	0	0
7.80	1766180	4	0	0	0	0	0	0	0	0	0
7.90	1751580	4	0	0	0	0	0	0	0	0	0
8.00	1736990	4	0	0	0	0	0	0	0	0	0
8.10	1722410	4	0	0	0	0	0	0	0	0	0
8.20	1707841	4	0	0	0	0	0	0	0	0	0
8.30	1693281	4	0	0	0	0	0	0	0	0	0
8.40	1678732	4	0	0	0	0	0	0	0	0	0
8.50	1664193	4	0	0	0	0	0	0	0	0	0
8.60	1649665	4	0	0	0	0	0	0	0	0	0
8.70	1635147	4	0	0	0	0	0	0	0	0	0
8.80	1620639	4	0	0	0	0	0	0	0	0	0
8.90	1606143	4	0	0	0	0	0	0	0	0	0
9.00	1591657	4	0	0	0	0	0	0	0	0	0
9.10	1577182	4	0	0	0	0	0	0	0	0	0
9.20	1562717	4	0	0	0	0	0	0	0	0	0
9.30	1548264	4	0	0	0	0	0	0	0	0	0
9.40	1533822	4	0	0	0	0	0	0	0	0	0
9.50	1519391	4	0	0	0	0	0	0	0	0	0
9.60	1504971	4	0	0	0	0	0	0	0	0	0
9.70	1490563	4	0	0	0	0	0	0	0	0	0
9.80	1476166	4	0	0	0	0	0	0	0	0	0
9.90	1461780	4	0	0	0	0	0	0	0	0	0
10.00	1447406	4	0	0	0	0	0	0	0	0	0
10.10	1433044	4	0	0	0	0	0	0	0	0	0
10.20	1418694	4	0	0	0	0	0	0	0	0	0
10.30	1404355	4	0	0	0	0	0	0	0	0	0
10.40	1390029	4	0	0	0	0	0	0	0	0	0
10.50	1375715	4	0	0	0	0	0	0	0	0	0
10.60	1361413	4	0	0	0	0	0	0	0	0	0
10.70	1347123	4	0	0	0	0	0	0	0	0	0
10.80	1332845	4	0	0	0	0	0	0	0	0	0
10.90	1318581	4	0	0	0	0	0	0	0	0	0
11.00	1304329	4	0	0	0	0	0	0	0	0	0
11.10	1290089	4	0	0	0	0	0	0	0	0	0
11.20	1275863	4	0	0	0	0	0	0	0	0	0
11.30	1261649	4	0	0	0	0	0	0	0	0	0
11.40	1247449	4	0	0	0	0	0	0	0	0	0
11.50	1233262	4	0	0	0	0	0	0	0	0	0
11.60	1219088	4	0	0	0	0	0	0	0	0	0
11.70	1204928	4	0	0	0	0	0	0	0	0	0
11.80	1190782	4	0	0	0	0	0	0	0	0	0
11.90	1176649	4	0	0	0	0	0	0	0	0	0
12.00	1162530	4	0	0	0	0	0	0	0	0	0
12.10	1148425	4	0	0	0	0	0	0	0	0	0
12.20	1134335	4	0	0	0	0	0	0	0	0	0
12.30	1120259	4	0	0	0	0	0	0	0	0	0
12.40	1106197	4	0	0	0	0	0	0	0	0	0
12.50	1092150	4	0	0	0	0	0	0	0	0	0
12.60	1078118	4	0	0	0	0	0	0	0	0	0
12.70	1064101	4	0	0	0	0	0	0	0	0	0
12.80	1050099	4	0	0	0	0	0	0	0	0	0
12.90	1036112	4	0	0	0	0	0	0	0	0	0
13.00	1022141	4	0	0	0	0	0	0	0	0	0
13.10	1008185	4	0	0	0	0	0	0	0	0	0
13.20	994246	4	0	0	0	0	0	0	0	0	0
13.30	980322	4	0	0	0	0	0	0	0	0	0
13.40	966415	4	0	0	0	0	0	0	0	0	0
13.50	952524	4	0	0	0	0	0	0	0	0	0
13.60	938649	4	0	0	0	0	0	0	0	0	0
13.70	924791	4	0	0	0	0	0	0	0	0	0
13.80	910951	4	0	0	0	0	0	0	0	0	0
13.90	897128	4	0	0	0	0	0	0	0	0	0
14.00	883322	4	0	0	0	0	0	0	0	0	0
14.10	869533	4	0	0	0	0	0	0	0	0	0
14.20	855763	4	0	0	0	0	0	0	0	0	0
14.30	842011	4	0	0	0	0	0	0	0	0	0
14.40	828278	4	0	0	0	0	0	0	0	0	0
14.50	814563	4	0	0	0	0	0	0	0	0	0
14.60	800866	4	0	0	0	0	0	0	0	0	0
14.70	787190	4	0	0	0	0	0	0	0	0	0
14.80	773532	4	0	0	0	0	0	0	0	0	0
14.90	759895	4	0	0	0	0	0	0	0	0	0
15.00	746277	4	0	0	0	0	0	0	0	0	0
15.10	732680	4	0	0	0	0	0	0	0	0	0
15.20	719104	4	0	0	0	0	0	0	0	0	0
15.30	705548	4	0	0	0	0	0	0	0	0	0
15.40	692014	4	0	0	0	0	0	0	0	0	0
15.50	678502	4	0	0	0	0	0	0	0	0	0
15.60	665011	4	0	0	0	0	0	0	0	0	0
15.70	651544	4	0	0	0	0	0	0	0	0	0
15.80	638098	4	0	0	0	0	0	0	0	0	0
15.90	624677	4	0	0	0	0	0	0	0	0	0
16.00	611278	4	0	0	0	0	0	0	0	0	0
16.10	597904	4	0	0	0	0	0	0	0	0	0
16.20	584555	4	0	0	0	0	0	0	0	0	0
16.30	571230	4	0	0	0	0	0	0	0	0	0
16.40	557931	4	0	0	0	0	0	0	0	0	0
16.50	544658	4	0	0	0	0	0	0	0	0	0
16.60	531411	4	0	0	0	0	0	0	0	0	0
16.70	518192	4	0	0	0	0	0	0	0	0	0
16.80	505000	4	0	0	0	0	0	0	0	0	0
16.90	491836	4	0	0	0	0	0	0	0	0	0
17.00	478701	4	0	0	0	0	0	0	0	0	0
17.10	465596	4	0	0	0	0	0	0	0	0	0
17.20	452521	4	0	0	0	0	0	0	0	0	0
17.30	439476	4	0	0	0	0	0	0	0	0	0
17.40	426464	4	0	0	0	0	0	0	0	0	0
17.50	413484	4	0	0	0	0	0	0	0	0	0
17.60	400538	4	0	0	0	0	0	0	0	0	0
17.70	387625	4	0	0	0	0	0	0	0	0	0
17.80	374748	4	0	0	0	0	0	0	0	0	0
17.90	361908	4	0	0	0	0	0	0	0	0	0
18.00	349104	4	0	0	0	0	0	0	0	0	0
18.10	336339	4	0	0	0	0	0	0	0	0	0
18.20	323614	4	0	0	0	0	0	0	0	0	0
18.30	310929	4	0	0	0	0	0	0	0	0	0
18.40	298287	4	0	0	0	0	0	0	0	0	0
18.50	285689	4	0	0	0	0	0	0	0	0	0
18.60	273136	4	0	0	0	0	0	0	0	0	0
18.70	260631	4	0	0	0	0	0	0	0	0	0
18.80	248175	4	0	0	0	0	0	0	0	0	0
18.90	235769	4	0	0	0	0	0	0	0	0	0
19.00	223417	4	0	0	0	0	0	0	0	0	0
19.10	211121	4	0	0	0	0	0	0	0	0	0
19.20	198884	4	0	0	0	0	0	0	0	0	0
19.30	186708	4	0	0	0	0	0	0	0	0	0
19.40	174597	4	0	0	0	0	0	0	0	0	0
19.50	162554	4	0	0	0	0	0	0	0	0	0
19.60	150585	4	0	0	0	0	0	0	0	0	0
19.70	138693	4	0	0	0	0	0	0	0	0	0
19.80	126884	4	0	0	0	0	0	0	0	0	0
19.90	115166	4	0	0	0	0	0	0	0	0	0
20.00	103544	4	0	0	0	0	0	0	0	0	0
20.10	92028	4	0	0	0	0	0	0	0	0	0
20.20	80630	4	0	0	0	0	0	0	0	0	0
20.30	69364	4	0	0	0	0	0	0	0	0	0
20.40	58246	4	0	0	0	0	0	0	0	0	0
20.50	47300	4	0	0	0	0	0	0	0	0	0
20.60	36560	4	0	0	0	0	0	0	0	0	0
20.70	26077	4	0	0	0	0	0	0	0	0	0
20.80	15936	4	0	0	0	0	0	0	0	0	0
20.90	6330	4	0	0	0	0	0	0	0	0	0
20.97	0	4	0	0	0	0	0	0	0	0	0