-999	"MyLake init"
Z (m)	Az (m2)	Tz (deg C)	Cz	Sz (kg/m3)	TPz (mg/m3)	DOPz (mg/m3)	Chlaz (mg/m3)	DOCz (mg/m3)	TPz_sed (mg/m3)	Chlaz_sed (mg/m3)	"Fvol_IM (m3/m3	 dry w.)"	Hice (m)	Hsnow (m)
0.00	1768651	4	0	0	0	0	0	0	0	0	0	0	0
0.10	1756191	4	0	0	0	0	0	0	0	0	0
0.20	1743773	4	0	0	0	0	0	0	0	0	0
0.30	1731396	4	0	0	0	0	0	0	0	0	0
0.40	1719061	4	0	0	0	0	0	0	0	0	0
0.50	1706767	4	0	0	0	0	0	0	0	0	0
0.60	1694516	4	0	0	0	0	0	0	0	0	0
0.70	1682305	4	0	0	0	0	0	0	0	0	0
0.80	1670137	4	0	0	0	0	0	0	0	0	0
0.90	1658010	4	0	0	0	0	0	0	0	0	0
1.00	1645924	4	0	0	0	0	0	0	0	0	0
1.10	1633881	4	0	0	0	0	0	0	0	0	0
1.20	1621879	4	0	0	0	0	0	0	0	0	0
1.30	1609919	4	0	0	0	0	0	0	0	0	0
1.40	1598000	4	0	0	0	0	0	0	0	0	0
1.50	1586123	4	0	0	0	0	0	0	0	0	0
1.60	1574288	4	0	0	0	0	0	0	0	0	0
1.70	1562495	4	0	0	0	0	0	0	0	0	0
1.80	1550744	4	0	0	0	0	0	0	0	0	0
1.90	1539035	4	0	0	0	0	0	0	0	0	0
2.00	1527367	4	0	0	0	0	0	0	0	0	0
2.10	1515741	4	0	0	0	0	0	0	0	0	0
2.20	1504157	4	0	0	0	0	0	0	0	0	0
2.30	1492615	4	0	0	0	0	0	0	0	0	0
2.40	1481115	4	0	0	0	0	0	0	0	0	0
2.50	1469657	4	0	0	0	0	0	0	0	0	0
2.60	1458241	4	0	0	0	0	0	0	0	0	0
2.70	1446867	4	0	0	0	0	0	0	0	0	0
2.80	1435535	4	0	0	0	0	0	0	0	0	0
2.90	1424244	4	0	0	0	0	0	0	0	0	0
3.00	1412996	4	0	0	0	0	0	0	0	0	0
3.10	1401790	4	0	0	0	0	0	0	0	0	0
3.20	1390626	4	0	0	0	0	0	0	0	0	0
3.30	1379504	4	0	0	0	0	0	0	0	0	0
3.40	1368424	4	0	0	0	0	0	0	0	0	0
3.50	1357387	4	0	0	0	0	0	0	0	0	0
3.60	1346391	4	0	0	0	0	0	0	0	0	0
3.70	1335438	4	0	0	0	0	0	0	0	0	0
3.80	1324527	4	0	0	0	0	0	0	0	0	0
3.90	1313658	4	0	0	0	0	0	0	0	0	0
4.00	1302831	4	0	0	0	0	0	0	0	0	0
4.10	1292047	4	0	0	0	0	0	0	0	0	0
4.20	1281304	4	0	0	0	0	0	0	0	0	0
4.30	1270605	4	0	0	0	0	0	0	0	0	0
4.40	1259947	4	0	0	0	0	0	0	0	0	0
4.50	1249332	4	0	0	0	0	0	0	0	0	0
4.60	1238759	4	0	0	0	0	0	0	0	0	0
4.70	1228228	4	0	0	0	0	0	0	0	0	0
4.80	1217740	4	0	0	0	0	0	0	0	0	0
4.90	1207294	4	0	0	0	0	0	0	0	0	0
5.00	1196891	4	0	0	0	0	0	0	0	0	0
5.10	1186530	4	0	0	0	0	0	0	0	0	0
5.20	1176212	4	0	0	0	0	0	0	0	0	0
5.30	1165936	4	0	0	0	0	0	0	0	0	0
5.40	1155703	4	0	0	0	0	0	0	0	0	0
5.50	1145512	4	0	0	0	0	0	0	0	0	0
5.60	1135363	4	0	0	0	0	0	0	0	0	0
5.70	1125258	4	0	0	0	0	0	0	0	0	0
5.80	1115195	4	0	0	0	0	0	0	0	0	0
5.90	1105174	4	0	0	0	0	0	0	0	0	0
6.00	1095197	4	0	0	0	0	0	0	0	0	0
6.10	1085261	4	0	0	0	0	0	0	0	0	0
6.20	1075369	4	0	0	0	0	0	0	0	0	0
6.30	1065519	4	0	0	0	0	0	0	0	0	0
6.40	1055712	4	0	0	0	0	0	0	0	0	0
6.50	1045948	4	0	0	0	0	0	0	0	0	0
6.60	1036227	4	0	0	0	0	0	0	0	0	0
6.70	1026548	4	0	0	0	0	0	0	0	0	0
6.80	1016912	4	0	0	0	0	0	0	0	0	0
6.90	1007319	4	0	0	0	0	0	0	0	0	0
7.00	997769	4	0	0	0	0	0	0	0	0	0
7.10	988262	4	0	0	0	0	0	0	0	0	0
7.20	978798	4	0	0	0	0	0	0	0	0	0
7.30	969376	4	0	0	0	0	0	0	0	0	0
7.40	959998	4	0	0	0	0	0	0	0	0	0
7.50	950663	4	0	0	0	0	0	0	0	0	0
7.60	941370	4	0	0	0	0	0	0	0	0	0
7.70	932121	4	0	0	0	0	0	0	0	0	0
7.80	922915	4	0	0	0	0	0	0	0	0	0
7.90	913752	4	0	0	0	0	0	0	0	0	0
8.00	904632	4	0	0	0	0	0	0	0	0	0
8.10	895555	4	0	0	0	0	0	0	0	0	0
8.20	886521	4	0	0	0	0	0	0	0	0	0
8.30	877531	4	0	0	0	0	0	0	0	0	0
8.40	868583	4	0	0	0	0	0	0	0	0	0
8.50	859679	4	0	0	0	0	0	0	0	0	0
8.60	850819	4	0	0	0	0	0	0	0	0	0
8.70	842001	4	0	0	0	0	0	0	0	0	0
8.80	833227	4	0	0	0	0	0	0	0	0	0
8.90	824496	4	0	0	0	0	0	0	0	0	0
9.00	815809	4	0	0	0	0	0	0	0	0	0
9.10	807164	4	0	0	0	0	0	0	0	0	0
9.20	798564	4	0	0	0	0	0	0	0	0	0
9.30	790007	4	0	0	0	0	0	0	0	0	0
9.40	781493	4	0	0	0	0	0	0	0	0	0
9.50	773023	4	0	0	0	0	0	0	0	0	0
9.60	764596	4	0	0	0	0	0	0	0	0	0
9.70	756213	4	0	0	0	0	0	0	0	0	0
9.80	747873	4	0	0	0	0	0	0	0	0	0
9.90	739577	4	0	0	0	0	0	0	0	0	0
10.00	731325	4	0	0	0	0	0	0	0	0	0
10.10	723116	4	0	0	0	0	0	0	0	0	0
10.20	714951	4	0	0	0	0	0	0	0	0	0
10.30	706830	4	0	0	0	0	0	0	0	0	0
10.40	698753	4	0	0	0	0	0	0	0	0	0
10.50	690719	4	0	0	0	0	0	0	0	0	0
10.60	682729	4	0	0	0	0	0	0	0	0	0
10.70	674783	4	0	0	0	0	0	0	0	0	0
10.80	666881	4	0	0	0	0	0	0	0	0	0
10.90	659022	4	0	0	0	0	0	0	0	0	0
11.00	651208	4	0	0	0	0	0	0	0	0	0
11.10	643438	4	0	0	0	0	0	0	0	0	0
11.20	635711	4	0	0	0	0	0	0	0	0	0
11.30	628029	4	0	0	0	0	0	0	0	0	0
11.40	620391	4	0	0	0	0	0	0	0	0	0
11.50	612796	4	0	0	0	0	0	0	0	0	0
11.60	605246	4	0	0	0	0	0	0	0	0	0
11.70	597740	4	0	0	0	0	0	0	0	0	0
11.80	590278	4	0	0	0	0	0	0	0	0	0
11.90	582861	4	0	0	0	0	0	0	0	0	0
12.00	575487	4	0	0	0	0	0	0	0	0	0
12.10	568158	4	0	0	0	0	0	0	0	0	0
12.20	560873	4	0	0	0	0	0	0	0	0	0
12.30	553633	4	0	0	0	0	0	0	0	0	0
12.40	546437	4	0	0	0	0	0	0	0	0	0
12.50	539285	4	0	0	0	0	0	0	0	0	0
12.60	532178	4	0	0	0	0	0	0	0	0	0
12.70	525115	4	0	0	0	0	0	0	0	0	0
12.80	518097	4	0	0	0	0	0	0	0	0	0
12.90	511123	4	0	0	0	0	0	0	0	0	0
13.00	504194	4	0	0	0	0	0	0	0	0	0
13.10	497309	4	0	0	0	0	0	0	0	0	0
13.20	490469	4	0	0	0	0	0	0	0	0	0
13.30	483674	4	0	0	0	0	0	0	0	0	0
13.40	476923	4	0	0	0	0	0	0	0	0	0
13.50	470217	4	0	0	0	0	0	0	0	0	0
13.60	463556	4	0	0	0	0	0	0	0	0	0
13.70	456940	4	0	0	0	0	0	0	0	0	0
13.80	450369	4	0	0	0	0	0	0	0	0	0
13.90	443842	4	0	0	0	0	0	0	0	0	0
14.00	437361	4	0	0	0	0	0	0	0	0	0
14.10	430924	4	0	0	0	0	0	0	0	0	0
14.20	424532	4	0	0	0	0	0	0	0	0	0
14.30	418186	4	0	0	0	0	0	0	0	0	0
14.40	411885	4	0	0	0	0	0	0	0	0	0
14.50	405628	4	0	0	0	0	0	0	0	0	0
14.60	399417	4	0	0	0	0	0	0	0	0	0
14.70	393251	4	0	0	0	0	0	0	0	0	0
14.80	387130	4	0	0	0	0	0	0	0	0	0
14.90	381055	4	0	0	0	0	0	0	0	0	0
15.00	375025	4	0	0	0	0	0	0	0	0	0
15.10	369040	4	0	0	0	0	0	0	0	0	0
15.20	363101	4	0	0	0	0	0	0	0	0	0
15.30	357207	4	0	0	0	0	0	0	0	0	0
15.40	351359	4	0	0	0	0	0	0	0	0	0
15.50	345556	4	0	0	0	0	0	0	0	0	0
15.60	339798	4	0	0	0	0	0	0	0	0	0
15.70	334087	4	0	0	0	0	0	0	0	0	0
15.80	328421	4	0	0	0	0	0	0	0	0	0
15.90	322801	4	0	0	0	0	0	0	0	0	0
16.00	317226	4	0	0	0	0	0	0	0	0	0
16.10	311697	4	0	0	0	0	0	0	0	0	0
16.20	306214	4	0	0	0	0	0	0	0	0	0
16.30	300777	4	0	0	0	0	0	0	0	0	0
16.40	295386	4	0	0	0	0	0	0	0	0	0
16.50	290041	4	0	0	0	0	0	0	0	0	0
16.60	284742	4	0	0	0	0	0	0	0	0	0
16.70	279489	4	0	0	0	0	0	0	0	0	0
16.80	274283	4	0	0	0	0	0	0	0	0	0
16.90	269122	4	0	0	0	0	0	0	0	0	0
17.00	264008	4	0	0	0	0	0	0	0	0	0
17.10	258940	4	0	0	0	0	0	0	0	0	0
17.20	253918	4	0	0	0	0	0	0	0	0	0
17.30	248943	4	0	0	0	0	0	0	0	0	0
17.40	244014	4	0	0	0	0	0	0	0	0	0
17.50	239131	4	0	0	0	0	0	0	0	0	0
17.60	234295	4	0	0	0	0	0	0	0	0	0
17.70	229506	4	0	0	0	0	0	0	0	0	0
17.80	224763	4	0	0	0	0	0	0	0	0	0
17.90	220068	4	0	0	0	0	0	0	0	0	0
18.00	215418	4	0	0	0	0	0	0	0	0	0
18.10	210816	4	0	0	0	0	0	0	0	0	0
18.20	206261	4	0	0	0	0	0	0	0	0	0
18.30	201752	4	0	0	0	0	0	0	0	0	0
18.40	197291	4	0	0	0	0	0	0	0	0	0
18.50	192876	4	0	0	0	0	0	0	0	0	0
18.60	188509	4	0	0	0	0	0	0	0	0	0
18.70	184189	4	0	0	0	0	0	0	0	0	0
18.80	179916	4	0	0	0	0	0	0	0	0	0
18.90	175691	4	0	0	0	0	0	0	0	0	0
19.00	171512	4	0	0	0	0	0	0	0	0	0
19.10	167382	4	0	0	0	0	0	0	0	0	0
19.20	163298	4	0	0	0	0	0	0	0	0	0
19.30	159263	4	0	0	0	0	0	0	0	0	0
19.40	155275	4	0	0	0	0	0	0	0	0	0
19.50	151334	4	0	0	0	0	0	0	0	0	0
19.60	147442	4	0	0	0	0	0	0	0	0	0
19.70	143597	4	0	0	0	0	0	0	0	0	0
19.80	139801	4	0	0	0	0	0	0	0	0	0
19.90	136052	4	0	0	0	0	0	0	0	0	0
20.00	132351	4	0	0	0	0	0	0	0	0	0
20.10	128699	4	0	0	0	0	0	0	0	0	0
20.20	125094	4	0	0	0	0	0	0	0	0	0
20.30	121538	4	0	0	0	0	0	0	0	0	0
20.40	118031	4	0	0	0	0	0	0	0	0	0
20.50	114572	4	0	0	0	0	0	0	0	0	0
20.60	111161	4	0	0	0	0	0	0	0	0	0
20.70	107799	4	0	0	0	0	0	0	0	0	0
20.80	104486	4	0	0	0	0	0	0	0	0	0
20.90	101221	4	0	0	0	0	0	0	0	0	0
21.00	98006	4	0	0	0	0	0	0	0	0	0
21.10	94839	4	0	0	0	0	0	0	0	0	0
21.20	91722	4	0	0	0	0	0	0	0	0	0
21.30	88653	4	0	0	0	0	0	0	0	0	0
21.40	85634	4	0	0	0	0	0	0	0	0	0
21.50	82665	4	0	0	0	0	0	0	0	0	0
21.60	79744	4	0	0	0	0	0	0	0	0	0
21.70	76874	4	0	0	0	0	0	0	0	0	0
21.80	74053	4	0	0	0	0	0	0	0	0	0
21.90	71281	4	0	0	0	0	0	0	0	0	0
22.00	68560	4	0	0	0	0	0	0	0	0	0
22.10	65889	4	0	0	0	0	0	0	0	0	0
22.20	63267	4	0	0	0	0	0	0	0	0	0
22.30	60696	4	0	0	0	0	0	0	0	0	0
22.40	58176	4	0	0	0	0	0	0	0	0	0
22.50	55705	4	0	0	0	0	0	0	0	0	0
22.60	53286	4	0	0	0	0	0	0	0	0	0
22.70	50917	4	0	0	0	0	0	0	0	0	0
22.80	48599	4	0	0	0	0	0	0	0	0	0
22.90	46332	4	0	0	0	0	0	0	0	0	0
23.00	44116	4	0	0	0	0	0	0	0	0	0
23.10	41951	4	0	0	0	0	0	0	0	0	0
23.20	39838	4	0	0	0	0	0	0	0	0	0
23.30	37776	4	0	0	0	0	0	0	0	0	0
23.40	35766	4	0	0	0	0	0	0	0	0	0
23.50	33808	4	0	0	0	0	0	0	0	0	0
23.60	31902	4	0	0	0	0	0	0	0	0	0
23.70	30048	4	0	0	0	0	0	0	0	0	0
23.80	28247	4	0	0	0	0	0	0	0	0	0
23.90	26498	4	0	0	0	0	0	0	0	0	0
24.00	24802	4	0	0	0	0	0	0	0	0	0
24.10	23159	4	0	0	0	0	0	0	0	0	0
24.20	21569	4	0	0	0	0	0	0	0	0	0
24.30	20033	4	0	0	0	0	0	0	0	0	0
24.40	18550	4	0	0	0	0	0	0	0	0	0
24.50	17121	4	0	0	0	0	0	0	0	0	0
24.60	15746	4	0	0	0	0	0	0	0	0	0
24.70	14426	4	0	0	0	0	0	0	0	0	0
24.80	13160	4	0	0	0	0	0	0	0	0	0
24.90	11949	4	0	0	0	0	0	0	0	0	0
25.00	10793	4	0	0	0	0	0	0	0	0	0
25.10	9693	4	0	0	0	0	0	0	0	0	0
25.20	8649	4	0	0	0	0	0	0	0	0	0
25.30	7661	4	0	0	0	0	0	0	0	0	0
25.40	6730	4	0	0	0	0	0	0	0	0	0
25.50	5856	4	0	0	0	0	0	0	0	0	0
25.60	5039	4	0	0	0	0	0	0	0	0	0
25.70	4281	4	0	0	0	0	0	0	0	0	0
25.80	3581	4	0	0	0	0	0	0	0	0	0
25.90	2940	4	0	0	0	0	0	0	0	0	0
26.00	2359	4	0	0	0	0	0	0	0	0	0
26.10	1839	4	0	0	0	0	0	0	0	0	0
26.20	1380	4	0	0	0	0	0	0	0	0	0
26.30	984	4	0	0	0	0	0	0	0	0	0
26.40	651	4	0	0	0	0	0	0	0	0	0
26.50	384	4	0	0	0	0	0	0	0	0	0
26.60	184	4	0	0	0	0	0	0	0	0	0
26.70	54	4	0	0	0	0	0	0	0	0	0
26.80	1	4	0	0	0	0	0	0	0	0	0
26.81	0	4	0	0	0	0	0	0	0	0	0