-999	"MyLake init"
Z (m)	Az (m2)	Tz (deg C)	Cz	Sz (kg/m3)	TPz (mg/m3)	DOPz (mg/m3)	Chlaz (mg/m3)	DOCz (mg/m3)	TPz_sed (mg/m3)	Chlaz_sed (mg/m3)	"Fvol_IM (m3/m3	 dry w.)"	Hice (m)	Hsnow (m)
0.00	1517279	4	0	0	0	0	0	0	0	0	0	0	0
0.10	1505430	4	0	0	0	0	0	0	0	0	0
0.20	1493636	4	0	0	0	0	0	0	0	0	0
0.30	1481897	4	0	0	0	0	0	0	0	0	0
0.40	1470213	4	0	0	0	0	0	0	0	0	0
0.50	1458583	4	0	0	0	0	0	0	0	0	0
0.60	1447008	4	0	0	0	0	0	0	0	0	0
0.70	1435488	4	0	0	0	0	0	0	0	0	0
0.80	1424023	4	0	0	0	0	0	0	0	0	0
0.90	1412612	4	0	0	0	0	0	0	0	0	0
1.00	1401255	4	0	0	0	0	0	0	0	0	0
1.10	1389953	4	0	0	0	0	0	0	0	0	0
1.20	1378705	4	0	0	0	0	0	0	0	0	0
1.30	1367511	4	0	0	0	0	0	0	0	0	0
1.40	1356371	4	0	0	0	0	0	0	0	0	0
1.50	1345286	4	0	0	0	0	0	0	0	0	0
1.60	1334254	4	0	0	0	0	0	0	0	0	0
1.70	1323276	4	0	0	0	0	0	0	0	0	0
1.80	1312352	4	0	0	0	0	0	0	0	0	0
1.90	1301481	4	0	0	0	0	0	0	0	0	0
2.00	1290664	4	0	0	0	0	0	0	0	0	0
2.10	1279901	4	0	0	0	0	0	0	0	0	0
2.20	1269191	4	0	0	0	0	0	0	0	0	0
2.30	1258534	4	0	0	0	0	0	0	0	0	0
2.40	1247930	4	0	0	0	0	0	0	0	0	0
2.50	1237380	4	0	0	0	0	0	0	0	0	0
2.60	1226883	4	0	0	0	0	0	0	0	0	0
2.70	1216439	4	0	0	0	0	0	0	0	0	0
2.80	1206047	4	0	0	0	0	0	0	0	0	0
2.90	1195709	4	0	0	0	0	0	0	0	0	0
3.00	1185423	4	0	0	0	0	0	0	0	0	0
3.10	1175190	4	0	0	0	0	0	0	0	0	0
3.20	1165010	4	0	0	0	0	0	0	0	0	0
3.30	1154882	4	0	0	0	0	0	0	0	0	0
3.40	1144806	4	0	0	0	0	0	0	0	0	0
3.50	1134783	4	0	0	0	0	0	0	0	0	0
3.60	1124812	4	0	0	0	0	0	0	0	0	0
3.70	1114893	4	0	0	0	0	0	0	0	0	0
3.80	1105026	4	0	0	0	0	0	0	0	0	0
3.90	1095211	4	0	0	0	0	0	0	0	0	0
4.00	1085448	4	0	0	0	0	0	0	0	0	0
4.10	1075737	4	0	0	0	0	0	0	0	0	0
4.20	1066078	4	0	0	0	0	0	0	0	0	0
4.30	1056470	4	0	0	0	0	0	0	0	0	0
4.40	1046914	4	0	0	0	0	0	0	0	0	0
4.50	1037409	4	0	0	0	0	0	0	0	0	0
4.60	1027956	4	0	0	0	0	0	0	0	0	0
4.70	1018553	4	0	0	0	0	0	0	0	0	0
4.80	1009202	4	0	0	0	0	0	0	0	0	0
4.90	999903	4	0	0	0	0	0	0	0	0	0
5.00	990654	4	0	0	0	0	0	0	0	0	0
5.10	981456	4	0	0	0	0	0	0	0	0	0
5.20	972309	4	0	0	0	0	0	0	0	0	0
5.30	963213	4	0	0	0	0	0	0	0	0	0
5.40	954167	4	0	0	0	0	0	0	0	0	0
5.50	945172	4	0	0	0	0	0	0	0	0	0
5.60	936228	4	0	0	0	0	0	0	0	0	0
5.70	927333	4	0	0	0	0	0	0	0	0	0
5.80	918490	4	0	0	0	0	0	0	0	0	0
5.90	909696	4	0	0	0	0	0	0	0	0	0
6.00	900952	4	0	0	0	0	0	0	0	0	0
6.10	892259	4	0	0	0	0	0	0	0	0	0
6.20	883616	4	0	0	0	0	0	0	0	0	0
6.30	875022	4	0	0	0	0	0	0	0	0	0
6.40	866478	4	0	0	0	0	0	0	0	0	0
6.50	857984	4	0	0	0	0	0	0	0	0	0
6.60	849539	4	0	0	0	0	0	0	0	0	0
6.70	841144	4	0	0	0	0	0	0	0	0	0
6.80	832798	4	0	0	0	0	0	0	0	0	0
6.90	824502	4	0	0	0	0	0	0	0	0	0
7.00	816255	4	0	0	0	0	0	0	0	0	0
7.10	808057	4	0	0	0	0	0	0	0	0	0
7.20	799908	4	0	0	0	0	0	0	0	0	0
7.30	791808	4	0	0	0	0	0	0	0	0	0
7.40	783757	4	0	0	0	0	0	0	0	0	0
7.50	775754	4	0	0	0	0	0	0	0	0	0
7.60	767800	4	0	0	0	0	0	0	0	0	0
7.70	759895	4	0	0	0	0	0	0	0	0	0
7.80	752038	4	0	0	0	0	0	0	0	0	0
7.90	744230	4	0	0	0	0	0	0	0	0	0
8.00	736470	4	0	0	0	0	0	0	0	0	0
8.10	728758	4	0	0	0	0	0	0	0	0	0
8.20	721094	4	0	0	0	0	0	0	0	0	0
8.30	713478	4	0	0	0	0	0	0	0	0	0
8.40	705911	4	0	0	0	0	0	0	0	0	0
8.50	698391	4	0	0	0	0	0	0	0	0	0
8.60	690918	4	0	0	0	0	0	0	0	0	0
8.70	683494	4	0	0	0	0	0	0	0	0	0
8.80	676116	4	0	0	0	0	0	0	0	0	0
8.90	668787	4	0	0	0	0	0	0	0	0	0
9.00	661504	4	0	0	0	0	0	0	0	0	0
9.10	654269	4	0	0	0	0	0	0	0	0	0
9.20	647081	4	0	0	0	0	0	0	0	0	0
9.30	639940	4	0	0	0	0	0	0	0	0	0
9.40	632846	4	0	0	0	0	0	0	0	0	0
9.50	625799	4	0	0	0	0	0	0	0	0	0
9.60	618799	4	0	0	0	0	0	0	0	0	0
9.70	611845	4	0	0	0	0	0	0	0	0	0
9.80	604938	4	0	0	0	0	0	0	0	0	0
9.90	598077	4	0	0	0	0	0	0	0	0	0
10.00	591263	4	0	0	0	0	0	0	0	0	0
10.10	584495	4	0	0	0	0	0	0	0	0	0
10.20	577773	4	0	0	0	0	0	0	0	0	0
10.30	571097	4	0	0	0	0	0	0	0	0	0
10.40	564467	4	0	0	0	0	0	0	0	0	0
10.50	557883	4	0	0	0	0	0	0	0	0	0
10.60	551345	4	0	0	0	0	0	0	0	0	0
10.70	544852	4	0	0	0	0	0	0	0	0	0
10.80	538405	4	0	0	0	0	0	0	0	0	0
10.90	532004	4	0	0	0	0	0	0	0	0	0
11.00	525647	4	0	0	0	0	0	0	0	0	0
11.10	519336	4	0	0	0	0	0	0	0	0	0
11.20	513071	4	0	0	0	0	0	0	0	0	0
11.30	506850	4	0	0	0	0	0	0	0	0	0
11.40	500674	4	0	0	0	0	0	0	0	0	0
11.50	494543	4	0	0	0	0	0	0	0	0	0
11.60	488457	4	0	0	0	0	0	0	0	0	0
11.70	482416	4	0	0	0	0	0	0	0	0	0
11.80	476419	4	0	0	0	0	0	0	0	0	0
11.90	470466	4	0	0	0	0	0	0	0	0	0
12.00	464558	4	0	0	0	0	0	0	0	0	0
12.10	458694	4	0	0	0	0	0	0	0	0	0
12.20	452874	4	0	0	0	0	0	0	0	0	0
12.30	447098	4	0	0	0	0	0	0	0	0	0
12.40	441367	4	0	0	0	0	0	0	0	0	0
12.50	435678	4	0	0	0	0	0	0	0	0	0
12.60	430034	4	0	0	0	0	0	0	0	0	0
12.70	424433	4	0	0	0	0	0	0	0	0	0
12.80	418876	4	0	0	0	0	0	0	0	0	0
12.90	413362	4	0	0	0	0	0	0	0	0	0
13.00	407892	4	0	0	0	0	0	0	0	0	0
13.10	402464	4	0	0	0	0	0	0	0	0	0
13.20	397080	4	0	0	0	0	0	0	0	0	0
13.30	391738	4	0	0	0	0	0	0	0	0	0
13.40	386440	4	0	0	0	0	0	0	0	0	0
13.50	381184	4	0	0	0	0	0	0	0	0	0
13.60	375971	4	0	0	0	0	0	0	0	0	0
13.70	370800	4	0	0	0	0	0	0	0	0	0
13.80	365672	4	0	0	0	0	0	0	0	0	0
13.90	360586	4	0	0	0	0	0	0	0	0	0
14.00	355542	4	0	0	0	0	0	0	0	0	0
14.10	350541	4	0	0	0	0	0	0	0	0	0
14.20	345581	4	0	0	0	0	0	0	0	0	0
14.30	340663	4	0	0	0	0	0	0	0	0	0
14.40	335787	4	0	0	0	0	0	0	0	0	0
14.50	330953	4	0	0	0	0	0	0	0	0	0
14.60	326160	4	0	0	0	0	0	0	0	0	0
14.70	321408	4	0	0	0	0	0	0	0	0	0
14.80	316698	4	0	0	0	0	0	0	0	0	0
14.90	312029	4	0	0	0	0	0	0	0	0	0
15.00	307401	4	0	0	0	0	0	0	0	0	0
15.10	302814	4	0	0	0	0	0	0	0	0	0
15.20	298268	4	0	0	0	0	0	0	0	0	0
15.30	293763	4	0	0	0	0	0	0	0	0	0
15.40	289298	4	0	0	0	0	0	0	0	0	0
15.50	284874	4	0	0	0	0	0	0	0	0	0
15.60	280490	4	0	0	0	0	0	0	0	0	0
15.70	276146	4	0	0	0	0	0	0	0	0	0
15.80	271843	4	0	0	0	0	0	0	0	0	0
15.90	267579	4	0	0	0	0	0	0	0	0	0
16.00	263356	4	0	0	0	0	0	0	0	0	0
16.10	259172	4	0	0	0	0	0	0	0	0	0
16.20	255028	4	0	0	0	0	0	0	0	0	0
16.30	250923	4	0	0	0	0	0	0	0	0	0
16.40	246858	4	0	0	0	0	0	0	0	0	0
16.50	242833	4	0	0	0	0	0	0	0	0	0
16.60	238846	4	0	0	0	0	0	0	0	0	0
16.70	234899	4	0	0	0	0	0	0	0	0	0
16.80	230990	4	0	0	0	0	0	0	0	0	0
16.90	227120	4	0	0	0	0	0	0	0	0	0
17.00	223289	4	0	0	0	0	0	0	0	0	0
17.10	219497	4	0	0	0	0	0	0	0	0	0
17.20	215743	4	0	0	0	0	0	0	0	0	0
17.30	212028	4	0	0	0	0	0	0	0	0	0
17.40	208350	4	0	0	0	0	0	0	0	0	0
17.50	204711	4	0	0	0	0	0	0	0	0	0
17.60	201110	4	0	0	0	0	0	0	0	0	0
17.70	197546	4	0	0	0	0	0	0	0	0	0
17.80	194021	4	0	0	0	0	0	0	0	0	0
17.90	190532	4	0	0	0	0	0	0	0	0	0
18.00	187082	4	0	0	0	0	0	0	0	0	0
18.10	183669	4	0	0	0	0	0	0	0	0	0
18.20	180292	4	0	0	0	0	0	0	0	0	0
18.30	176953	4	0	0	0	0	0	0	0	0	0
18.40	173651	4	0	0	0	0	0	0	0	0	0
18.50	170386	4	0	0	0	0	0	0	0	0	0
18.60	167158	4	0	0	0	0	0	0	0	0	0
18.70	163966	4	0	0	0	0	0	0	0	0	0
18.80	160810	4	0	0	0	0	0	0	0	0	0
18.90	157691	4	0	0	0	0	0	0	0	0	0
19.00	154608	4	0	0	0	0	0	0	0	0	0
19.10	151561	4	0	0	0	0	0	0	0	0	0
19.20	148550	4	0	0	0	0	0	0	0	0	0
19.30	145575	4	0	0	0	0	0	0	0	0	0
19.40	142635	4	0	0	0	0	0	0	0	0	0
19.50	139731	4	0	0	0	0	0	0	0	0	0
19.60	136862	4	0	0	0	0	0	0	0	0	0
19.70	134028	4	0	0	0	0	0	0	0	0	0
19.80	131230	4	0	0	0	0	0	0	0	0	0
19.90	128466	4	0	0	0	0	0	0	0	0	0
20.00	125737	4	0	0	0	0	0	0	0	0	0
20.10	123043	4	0	0	0	0	0	0	0	0	0
20.20	120384	4	0	0	0	0	0	0	0	0	0
20.30	117759	4	0	0	0	0	0	0	0	0	0
20.40	115168	4	0	0	0	0	0	0	0	0	0
20.50	112611	4	0	0	0	0	0	0	0	0	0
20.60	110088	4	0	0	0	0	0	0	0	0	0
20.70	107599	4	0	0	0	0	0	0	0	0	0
20.80	105144	4	0	0	0	0	0	0	0	0	0
20.90	102722	4	0	0	0	0	0	0	0	0	0
21.00	100334	4	0	0	0	0	0	0	0	0	0
21.10	97979	4	0	0	0	0	0	0	0	0	0
21.20	95657	4	0	0	0	0	0	0	0	0	0
21.30	93368	4	0	0	0	0	0	0	0	0	0
21.40	91112	4	0	0	0	0	0	0	0	0	0
21.50	88888	4	0	0	0	0	0	0	0	0	0
21.60	86697	4	0	0	0	0	0	0	0	0	0
21.70	84539	4	0	0	0	0	0	0	0	0	0
21.80	82412	4	0	0	0	0	0	0	0	0	0
21.90	80318	4	0	0	0	0	0	0	0	0	0
22.00	78255	4	0	0	0	0	0	0	0	0	0
22.10	76224	4	0	0	0	0	0	0	0	0	0
22.20	74225	4	0	0	0	0	0	0	0	0	0
22.30	72258	4	0	0	0	0	0	0	0	0	0
22.40	70321	4	0	0	0	0	0	0	0	0	0
22.50	68416	4	0	0	0	0	0	0	0	0	0
22.60	66541	4	0	0	0	0	0	0	0	0	0
22.70	64698	4	0	0	0	0	0	0	0	0	0
22.80	62885	4	0	0	0	0	0	0	0	0	0
22.90	61102	4	0	0	0	0	0	0	0	0	0
23.00	59350	4	0	0	0	0	0	0	0	0	0
23.10	57628	4	0	0	0	0	0	0	0	0	0
23.20	55936	4	0	0	0	0	0	0	0	0	0
23.30	54274	4	0	0	0	0	0	0	0	0	0
23.40	52642	4	0	0	0	0	0	0	0	0	0
23.50	51038	4	0	0	0	0	0	0	0	0	0
23.60	49465	4	0	0	0	0	0	0	0	0	0
23.70	47920	4	0	0	0	0	0	0	0	0	0
23.80	46405	4	0	0	0	0	0	0	0	0	0
23.90	44918	4	0	0	0	0	0	0	0	0	0
24.00	43460	4	0	0	0	0	0	0	0	0	0
24.10	42030	4	0	0	0	0	0	0	0	0	0
24.20	40628	4	0	0	0	0	0	0	0	0	0
24.30	39255	4	0	0	0	0	0	0	0	0	0
24.40	37910	4	0	0	0	0	0	0	0	0	0
24.50	36592	4	0	0	0	0	0	0	0	0	0
24.60	35302	4	0	0	0	0	0	0	0	0	0
24.70	34039	4	0	0	0	0	0	0	0	0	0
24.80	32804	4	0	0	0	0	0	0	0	0	0
24.90	31595	4	0	0	0	0	0	0	0	0	0
25.00	30413	4	0	0	0	0	0	0	0	0	0
25.10	29258	4	0	0	0	0	0	0	0	0	0
25.20	28129	4	0	0	0	0	0	0	0	0	0
25.30	27027	4	0	0	0	0	0	0	0	0	0
25.40	25951	4	0	0	0	0	0	0	0	0	0
25.50	24900	4	0	0	0	0	0	0	0	0	0
25.60	23875	4	0	0	0	0	0	0	0	0	0
25.70	22876	4	0	0	0	0	0	0	0	0	0
25.80	21901	4	0	0	0	0	0	0	0	0	0
25.90	20952	4	0	0	0	0	0	0	0	0	0
26.00	20028	4	0	0	0	0	0	0	0	0	0
26.10	19128	4	0	0	0	0	0	0	0	0	0
26.20	18253	4	0	0	0	0	0	0	0	0	0
26.30	17402	4	0	0	0	0	0	0	0	0	0
26.40	16575	4	0	0	0	0	0	0	0	0	0
26.50	15771	4	0	0	0	0	0	0	0	0	0
26.60	14992	4	0	0	0	0	0	0	0	0	0
26.70	14235	4	0	0	0	0	0	0	0	0	0
26.80	13502	4	0	0	0	0	0	0	0	0	0
26.90	12792	4	0	0	0	0	0	0	0	0	0
27.00	12104	4	0	0	0	0	0	0	0	0	0
27.10	11439	4	0	0	0	0	0	0	0	0	0
27.20	10795	4	0	0	0	0	0	0	0	0	0
27.30	10174	4	0	0	0	0	0	0	0	0	0
27.40	9575	4	0	0	0	0	0	0	0	0	0
27.50	8997	4	0	0	0	0	0	0	0	0	0
27.60	8440	4	0	0	0	0	0	0	0	0	0
27.70	7904	4	0	0	0	0	0	0	0	0	0
27.80	7389	4	0	0	0	0	0	0	0	0	0
27.90	6894	4	0	0	0	0	0	0	0	0	0
28.00	6420	4	0	0	0	0	0	0	0	0	0
28.10	5965	4	0	0	0	0	0	0	0	0	0
28.20	5531	4	0	0	0	0	0	0	0	0	0
28.30	5115	4	0	0	0	0	0	0	0	0	0
28.40	4719	4	0	0	0	0	0	0	0	0	0
28.50	4341	4	0	0	0	0	0	0	0	0	0
28.60	3982	4	0	0	0	0	0	0	0	0	0
28.70	3641	4	0	0	0	0	0	0	0	0	0
28.80	3318	4	0	0	0	0	0	0	0	0	0
28.90	3013	4	0	0	0	0	0	0	0	0	0
29.00	2725	4	0	0	0	0	0	0	0	0	0
29.10	2454	4	0	0	0	0	0	0	0	0	0
29.20	2200	4	0	0	0	0	0	0	0	0	0
29.30	1962	4	0	0	0	0	0	0	0	0	0
29.40	1740	4	0	0	0	0	0	0	0	0	0
29.50	1534	4	0	0	0	0	0	0	0	0	0
29.60	1343	4	0	0	0	0	0	0	0	0	0
29.70	1166	4	0	0	0	0	0	0	0	0	0
29.80	1005	4	0	0	0	0	0	0	0	0	0
29.90	857	4	0	0	0	0	0	0	0	0	0
30.00	723	4	0	0	0	0	0	0	0	0	0
30.10	603	4	0	0	0	0	0	0	0	0	0
30.20	495	4	0	0	0	0	0	0	0	0	0
30.30	399	4	0	0	0	0	0	0	0	0	0
30.40	316	4	0	0	0	0	0	0	0	0	0
30.50	243	4	0	0	0	0	0	0	0	0	0
30.60	182	4	0	0	0	0	0	0	0	0	0
30.70	131	4	0	0	0	0	0	0	0	0	0
30.80	90	4	0	0	0	0	0	0	0	0	0
30.90	57	4	0	0	0	0	0	0	0	0	0
31.00	33	4	0	0	0	0	0	0	0	0	0
31.10	16	4	0	0	0	0	0	0	0	0	0
31.20	6	4	0	0	0	0	0	0	0	0	0
31.30	1	4	0	0	0	0	0	0	0	0	0
31.40	0	4	0	0	0	0	0	0	0	0	0