-999	"MyLake init"
Z (m)	Az (m2)	Tz (deg C)	Cz	Sz (kg/m3)	TPz (mg/m3)	DOPz (mg/m3)	Chlaz (mg/m3)	DOCz (mg/m3)	TPz_sed (mg/m3)	Chlaz_sed (mg/m3)	"Fvol_IM (m3/m3	 dry w.)"	Hice (m)	Hsnow (m)
0.00	2858212	4	0	0	0	0	0	0	0	0	0	0	0
0.10	2842508	4	0	0	0	0	0	0	0	0	0
0.20	2826823	4	0	0	0	0	0	0	0	0	0
0.30	2811156	4	0	0	0	0	0	0	0	0	0
0.40	2795509	4	0	0	0	0	0	0	0	0	0
0.50	2779881	4	0	0	0	0	0	0	0	0	0
0.60	2764273	4	0	0	0	0	0	0	0	0	0
0.70	2748683	4	0	0	0	0	0	0	0	0	0
0.80	2733113	4	0	0	0	0	0	0	0	0	0
0.90	2717562	4	0	0	0	0	0	0	0	0	0
1.00	2702031	4	0	0	0	0	0	0	0	0	0
1.10	2686519	4	0	0	0	0	0	0	0	0	0
1.20	2671027	4	0	0	0	0	0	0	0	0	0
1.30	2655554	4	0	0	0	0	0	0	0	0	0
1.40	2640102	4	0	0	0	0	0	0	0	0	0
1.50	2624668	4	0	0	0	0	0	0	0	0	0
1.60	2609255	4	0	0	0	0	0	0	0	0	0
1.70	2593862	4	0	0	0	0	0	0	0	0	0
1.80	2578488	4	0	0	0	0	0	0	0	0	0
1.90	2563135	4	0	0	0	0	0	0	0	0	0
2.00	2547802	4	0	0	0	0	0	0	0	0	0
2.10	2532489	4	0	0	0	0	0	0	0	0	0
2.20	2517196	4	0	0	0	0	0	0	0	0	0
2.30	2501923	4	0	0	0	0	0	0	0	0	0
2.40	2486671	4	0	0	0	0	0	0	0	0	0
2.50	2471439	4	0	0	0	0	0	0	0	0	0
2.60	2456228	4	0	0	0	0	0	0	0	0	0
2.70	2441037	4	0	0	0	0	0	0	0	0	0
2.80	2425867	4	0	0	0	0	0	0	0	0	0
2.90	2410718	4	0	0	0	0	0	0	0	0	0
3.00	2395590	4	0	0	0	0	0	0	0	0	0
3.10	2380482	4	0	0	0	0	0	0	0	0	0
3.20	2365396	4	0	0	0	0	0	0	0	0	0
3.30	2350330	4	0	0	0	0	0	0	0	0	0
3.40	2335286	4	0	0	0	0	0	0	0	0	0
3.50	2320262	4	0	0	0	0	0	0	0	0	0
3.60	2305260	4	0	0	0	0	0	0	0	0	0
3.70	2290280	4	0	0	0	0	0	0	0	0	0
3.80	2275320	4	0	0	0	0	0	0	0	0	0
3.90	2260382	4	0	0	0	0	0	0	0	0	0
4.00	2245466	4	0	0	0	0	0	0	0	0	0
4.10	2230572	4	0	0	0	0	0	0	0	0	0
4.20	2215699	4	0	0	0	0	0	0	0	0	0
4.30	2200848	4	0	0	0	0	0	0	0	0	0
4.40	2186019	4	0	0	0	0	0	0	0	0	0
4.50	2171211	4	0	0	0	0	0	0	0	0	0
4.60	2156426	4	0	0	0	0	0	0	0	0	0
4.70	2141663	4	0	0	0	0	0	0	0	0	0
4.80	2126923	4	0	0	0	0	0	0	0	0	0
4.90	2112204	4	0	0	0	0	0	0	0	0	0
5.00	2097508	4	0	0	0	0	0	0	0	0	0
5.10	2082835	4	0	0	0	0	0	0	0	0	0
5.20	2068184	4	0	0	0	0	0	0	0	0	0
5.30	2053556	4	0	0	0	0	0	0	0	0	0
5.40	2038951	4	0	0	0	0	0	0	0	0	0
5.50	2024368	4	0	0	0	0	0	0	0	0	0
5.60	2009808	4	0	0	0	0	0	0	0	0	0
5.70	1995272	4	0	0	0	0	0	0	0	0	0
5.80	1980758	4	0	0	0	0	0	0	0	0	0
5.90	1966268	4	0	0	0	0	0	0	0	0	0
6.00	1951801	4	0	0	0	0	0	0	0	0	0
6.10	1937358	4	0	0	0	0	0	0	0	0	0
6.20	1922938	4	0	0	0	0	0	0	0	0	0
6.30	1908542	4	0	0	0	0	0	0	0	0	0
6.40	1894169	4	0	0	0	0	0	0	0	0	0
6.50	1879820	4	0	0	0	0	0	0	0	0	0
6.60	1865496	4	0	0	0	0	0	0	0	0	0
6.70	1851195	4	0	0	0	0	0	0	0	0	0
6.80	1836918	4	0	0	0	0	0	0	0	0	0
6.90	1822666	4	0	0	0	0	0	0	0	0	0
7.00	1808438	4	0	0	0	0	0	0	0	0	0
7.10	1794234	4	0	0	0	0	0	0	0	0	0
7.20	1780055	4	0	0	0	0	0	0	0	0	0
7.30	1765901	4	0	0	0	0	0	0	0	0	0
7.40	1751771	4	0	0	0	0	0	0	0	0	0
7.50	1737666	4	0	0	0	0	0	0	0	0	0
7.60	1723587	4	0	0	0	0	0	0	0	0	0
7.70	1709532	4	0	0	0	0	0	0	0	0	0
7.80	1695503	4	0	0	0	0	0	0	0	0	0
7.90	1681499	4	0	0	0	0	0	0	0	0	0
8.00	1667521	4	0	0	0	0	0	0	0	0	0
8.10	1653568	4	0	0	0	0	0	0	0	0	0
8.20	1639640	4	0	0	0	0	0	0	0	0	0
8.30	1625739	4	0	0	0	0	0	0	0	0	0
8.40	1611864	4	0	0	0	0	0	0	0	0	0
8.50	1598015	4	0	0	0	0	0	0	0	0	0
8.60	1584192	4	0	0	0	0	0	0	0	0	0
8.70	1570395	4	0	0	0	0	0	0	0	0	0
8.80	1556625	4	0	0	0	0	0	0	0	0	0
8.90	1542881	4	0	0	0	0	0	0	0	0	0
9.00	1529164	4	0	0	0	0	0	0	0	0	0
9.10	1515474	4	0	0	0	0	0	0	0	0	0
9.20	1501811	4	0	0	0	0	0	0	0	0	0
9.30	1488175	4	0	0	0	0	0	0	0	0	0
9.40	1474567	4	0	0	0	0	0	0	0	0	0
9.50	1460986	4	0	0	0	0	0	0	0	0	0
9.60	1447432	4	0	0	0	0	0	0	0	0	0
9.70	1433906	4	0	0	0	0	0	0	0	0	0
9.80	1420408	4	0	0	0	0	0	0	0	0	0
9.90	1406938	4	0	0	0	0	0	0	0	0	0
10.00	1393496	4	0	0	0	0	0	0	0	0	0
10.10	1380083	4	0	0	0	0	0	0	0	0	0
10.20	1366698	4	0	0	0	0	0	0	0	0	0
10.30	1353342	4	0	0	0	0	0	0	0	0	0
10.40	1340014	4	0	0	0	0	0	0	0	0	0
10.50	1326715	4	0	0	0	0	0	0	0	0	0
10.60	1313446	4	0	0	0	0	0	0	0	0	0
10.70	1300206	4	0	0	0	0	0	0	0	0	0
10.80	1286995	4	0	0	0	0	0	0	0	0	0
10.90	1273813	4	0	0	0	0	0	0	0	0	0
11.00	1260662	4	0	0	0	0	0	0	0	0	0
11.10	1247541	4	0	0	0	0	0	0	0	0	0
11.20	1234449	4	0	0	0	0	0	0	0	0	0
11.30	1221388	4	0	0	0	0	0	0	0	0	0
11.40	1208358	4	0	0	0	0	0	0	0	0	0
11.50	1195358	4	0	0	0	0	0	0	0	0	0
11.60	1182389	4	0	0	0	0	0	0	0	0	0
11.70	1169451	4	0	0	0	0	0	0	0	0	0
11.80	1156544	4	0	0	0	0	0	0	0	0	0
11.90	1143669	4	0	0	0	0	0	0	0	0	0
12.00	1130825	4	0	0	0	0	0	0	0	0	0
12.10	1118014	4	0	0	0	0	0	0	0	0	0
12.20	1105234	4	0	0	0	0	0	0	0	0	0
12.30	1092486	4	0	0	0	0	0	0	0	0	0
12.40	1079771	4	0	0	0	0	0	0	0	0	0
12.50	1067089	4	0	0	0	0	0	0	0	0	0
12.60	1054440	4	0	0	0	0	0	0	0	0	0
12.70	1041823	4	0	0	0	0	0	0	0	0	0
12.80	1029240	4	0	0	0	0	0	0	0	0	0
12.90	1016691	4	0	0	0	0	0	0	0	0	0
13.00	1004175	4	0	0	0	0	0	0	0	0	0
13.10	991694	4	0	0	0	0	0	0	0	0	0
13.20	979247	4	0	0	0	0	0	0	0	0	0
13.30	966834	4	0	0	0	0	0	0	0	0	0
13.40	954456	4	0	0	0	0	0	0	0	0	0
13.50	942113	4	0	0	0	0	0	0	0	0	0
13.60	929806	4	0	0	0	0	0	0	0	0	0
13.70	917534	4	0	0	0	0	0	0	0	0	0
13.80	905297	4	0	0	0	0	0	0	0	0	0
13.90	893097	4	0	0	0	0	0	0	0	0	0
14.00	880933	4	0	0	0	0	0	0	0	0	0
14.10	868806	4	0	0	0	0	0	0	0	0	0
14.20	856716	4	0	0	0	0	0	0	0	0	0
14.30	844663	4	0	0	0	0	0	0	0	0	0
14.40	832648	4	0	0	0	0	0	0	0	0	0
14.50	820670	4	0	0	0	0	0	0	0	0	0
14.60	808730	4	0	0	0	0	0	0	0	0	0
14.70	796829	4	0	0	0	0	0	0	0	0	0
14.80	784967	4	0	0	0	0	0	0	0	0	0
14.90	773144	4	0	0	0	0	0	0	0	0	0
15.00	761360	4	0	0	0	0	0	0	0	0	0
15.10	749616	4	0	0	0	0	0	0	0	0	0
15.20	737912	4	0	0	0	0	0	0	0	0	0
15.30	726249	4	0	0	0	0	0	0	0	0	0
15.40	714627	4	0	0	0	0	0	0	0	0	0
15.50	703045	4	0	0	0	0	0	0	0	0	0
15.60	691506	4	0	0	0	0	0	0	0	0	0
15.70	680008	4	0	0	0	0	0	0	0	0	0
15.80	668553	4	0	0	0	0	0	0	0	0	0
15.90	657140	4	0	0	0	0	0	0	0	0	0
16.00	645771	4	0	0	0	0	0	0	0	0	0
16.10	634445	4	0	0	0	0	0	0	0	0	0
16.20	623163	4	0	0	0	0	0	0	0	0	0
16.30	611926	4	0	0	0	0	0	0	0	0	0
16.40	600734	4	0	0	0	0	0	0	0	0	0
16.50	589588	4	0	0	0	0	0	0	0	0	0
16.60	578487	4	0	0	0	0	0	0	0	0	0
16.70	567433	4	0	0	0	0	0	0	0	0	0
16.80	556425	4	0	0	0	0	0	0	0	0	0
16.90	545465	4	0	0	0	0	0	0	0	0	0
17.00	534553	4	0	0	0	0	0	0	0	0	0
17.10	523690	4	0	0	0	0	0	0	0	0	0
17.20	512876	4	0	0	0	0	0	0	0	0	0
17.30	502111	4	0	0	0	0	0	0	0	0	0
17.40	491397	4	0	0	0	0	0	0	0	0	0
17.50	480733	4	0	0	0	0	0	0	0	0	0
17.60	470121	4	0	0	0	0	0	0	0	0	0
17.70	459562	4	0	0	0	0	0	0	0	0	0
17.80	449055	4	0	0	0	0	0	0	0	0	0
17.90	438601	4	0	0	0	0	0	0	0	0	0
18.00	428202	4	0	0	0	0	0	0	0	0	0
18.10	417858	4	0	0	0	0	0	0	0	0	0
18.20	407569	4	0	0	0	0	0	0	0	0	0
18.30	397337	4	0	0	0	0	0	0	0	0	0
18.40	387163	4	0	0	0	0	0	0	0	0	0
18.50	377046	4	0	0	0	0	0	0	0	0	0
18.60	366989	4	0	0	0	0	0	0	0	0	0
18.70	356992	4	0	0	0	0	0	0	0	0	0
18.80	347055	4	0	0	0	0	0	0	0	0	0
18.90	337181	4	0	0	0	0	0	0	0	0	0
19.00	327369	4	0	0	0	0	0	0	0	0	0
19.10	317621	4	0	0	0	0	0	0	0	0	0
19.20	307938	4	0	0	0	0	0	0	0	0	0
19.30	298322	4	0	0	0	0	0	0	0	0	0
19.40	288773	4	0	0	0	0	0	0	0	0	0
19.50	279292	4	0	0	0	0	0	0	0	0	0
19.60	269881	4	0	0	0	0	0	0	0	0	0
19.70	260542	4	0	0	0	0	0	0	0	0	0
19.80	251275	4	0	0	0	0	0	0	0	0	0
19.90	242083	4	0	0	0	0	0	0	0	0	0
20.00	232966	4	0	0	0	0	0	0	0	0	0
20.10	223927	4	0	0	0	0	0	0	0	0	0
20.20	214967	4	0	0	0	0	0	0	0	0	0
20.30	206088	4	0	0	0	0	0	0	0	0	0
20.40	197291	4	0	0	0	0	0	0	0	0	0
20.50	188580	4	0	0	0	0	0	0	0	0	0
20.60	179956	4	0	0	0	0	0	0	0	0	0
20.70	171422	4	0	0	0	0	0	0	0	0	0
20.80	162980	4	0	0	0	0	0	0	0	0	0
20.90	154632	4	0	0	0	0	0	0	0	0	0
21.00	146382	4	0	0	0	0	0	0	0	0	0
21.10	138232	4	0	0	0	0	0	0	0	0	0
21.20	130186	4	0	0	0	0	0	0	0	0	0
21.30	122248	4	0	0	0	0	0	0	0	0	0
21.40	114420	4	0	0	0	0	0	0	0	0	0
21.50	106709	4	0	0	0	0	0	0	0	0	0
21.60	99117	4	0	0	0	0	0	0	0	0	0
21.70	91651	4	0	0	0	0	0	0	0	0	0
21.80	84316	4	0	0	0	0	0	0	0	0	0
21.90	77117	4	0	0	0	0	0	0	0	0	0
22.00	70063	4	0	0	0	0	0	0	0	0	0
22.10	63162	4	0	0	0	0	0	0	0	0	0
22.20	56421	4	0	0	0	0	0	0	0	0	0
22.30	49853	4	0	0	0	0	0	0	0	0	0
22.40	43469	4	0	0	0	0	0	0	0	0	0
22.50	37284	4	0	0	0	0	0	0	0	0	0
22.60	31317	4	0	0	0	0	0	0	0	0	0
22.70	25589	4	0	0	0	0	0	0	0	0	0
22.80	20131	4	0	0	0	0	0	0	0	0	0
22.90	14980	4	0	0	0	0	0	0	0	0	0
23.00	10194	4	0	0	0	0	0	0	0	0	0
23.10	5864	4	0	0	0	0	0	0	0	0	0
23.20	2169	4	0	0	0	0	0	0	0	0	0
23.29	0	4	0	0	0	0	0	0	0	0	0