-999	"MyLake init"
Z (m)	Az (m2)	Tz (deg C)	Cz	Sz (kg/m3)	TPz (mg/m3)	DOPz (mg/m3)	Chlaz (mg/m3)	DOCz (mg/m3)	TPz_sed (mg/m3)	Chlaz_sed (mg/m3)	"Fvol_IM (m3/m3	 dry w.)"	Hice (m)	Hsnow (m)
0.00	18045823	4	0	0	0	0	0	0	0	0	0	0	0
0.10	17982040	4	0	0	0	0	0	0	0	0	0
0.20	17918271	4	0	0	0	0	0	0	0	0	0
0.30	17854515	4	0	0	0	0	0	0	0	0	0
0.40	17790773	4	0	0	0	0	0	0	0	0	0
0.50	17727043	4	0	0	0	0	0	0	0	0	0
0.60	17663327	4	0	0	0	0	0	0	0	0	0
0.70	17599624	4	0	0	0	0	0	0	0	0	0
0.80	17535935	4	0	0	0	0	0	0	0	0	0
0.90	17472259	4	0	0	0	0	0	0	0	0	0
1.00	17408596	4	0	0	0	0	0	0	0	0	0
1.10	17344947	4	0	0	0	0	0	0	0	0	0
1.20	17281312	4	0	0	0	0	0	0	0	0	0
1.30	17217690	4	0	0	0	0	0	0	0	0	0
1.40	17154082	4	0	0	0	0	0	0	0	0	0
1.50	17090488	4	0	0	0	0	0	0	0	0	0
1.60	17026907	4	0	0	0	0	0	0	0	0	0
1.70	16963340	4	0	0	0	0	0	0	0	0	0
1.80	16899787	4	0	0	0	0	0	0	0	0	0
1.90	16836248	4	0	0	0	0	0	0	0	0	0
2.00	16772723	4	0	0	0	0	0	0	0	0	0
2.10	16709212	4	0	0	0	0	0	0	0	0	0
2.20	16645715	4	0	0	0	0	0	0	0	0	0
2.30	16582232	4	0	0	0	0	0	0	0	0	0
2.40	16518763	4	0	0	0	0	0	0	0	0	0
2.50	16455308	4	0	0	0	0	0	0	0	0	0
2.60	16391867	4	0	0	0	0	0	0	0	0	0
2.70	16328441	4	0	0	0	0	0	0	0	0	0
2.80	16265029	4	0	0	0	0	0	0	0	0	0
2.90	16201631	4	0	0	0	0	0	0	0	0	0
3.00	16138248	4	0	0	0	0	0	0	0	0	0
3.10	16074879	4	0	0	0	0	0	0	0	0	0
3.20	16011525	4	0	0	0	0	0	0	0	0	0
3.30	15948185	4	0	0	0	0	0	0	0	0	0
3.40	15884860	4	0	0	0	0	0	0	0	0	0
3.50	15821550	4	0	0	0	0	0	0	0	0	0
3.60	15758254	4	0	0	0	0	0	0	0	0	0
3.70	15694974	4	0	0	0	0	0	0	0	0	0
3.80	15631708	4	0	0	0	0	0	0	0	0	0
3.90	15568456	4	0	0	0	0	0	0	0	0	0
4.00	15505220	4	0	0	0	0	0	0	0	0	0
4.10	15441999	4	0	0	0	0	0	0	0	0	0
4.20	15378793	4	0	0	0	0	0	0	0	0	0
4.30	15315602	4	0	0	0	0	0	0	0	0	0
4.40	15252426	4	0	0	0	0	0	0	0	0	0
4.50	15189265	4	0	0	0	0	0	0	0	0	0
4.60	15126119	4	0	0	0	0	0	0	0	0	0
4.70	15062989	4	0	0	0	0	0	0	0	0	0
4.80	14999874	4	0	0	0	0	0	0	0	0	0
4.90	14936775	4	0	0	0	0	0	0	0	0	0
5.00	14873691	4	0	0	0	0	0	0	0	0	0
5.10	14810623	4	0	0	0	0	0	0	0	0	0
5.20	14747570	4	0	0	0	0	0	0	0	0	0
5.30	14684533	4	0	0	0	0	0	0	0	0	0
5.40	14621512	4	0	0	0	0	0	0	0	0	0
5.50	14558506	4	0	0	0	0	0	0	0	0	0
5.60	14495516	4	0	0	0	0	0	0	0	0	0
5.70	14432543	4	0	0	0	0	0	0	0	0	0
5.80	14369585	4	0	0	0	0	0	0	0	0	0
5.90	14306643	4	0	0	0	0	0	0	0	0	0
6.00	14243717	4	0	0	0	0	0	0	0	0	0
6.10	14180808	4	0	0	0	0	0	0	0	0	0
6.20	14117914	4	0	0	0	0	0	0	0	0	0
6.30	14055037	4	0	0	0	0	0	0	0	0	0
6.40	13992177	4	0	0	0	0	0	0	0	0	0
6.50	13929332	4	0	0	0	0	0	0	0	0	0
6.60	13866504	4	0	0	0	0	0	0	0	0	0
6.70	13803693	4	0	0	0	0	0	0	0	0	0
6.80	13740898	4	0	0	0	0	0	0	0	0	0
6.90	13678120	4	0	0	0	0	0	0	0	0	0
7.00	13615359	4	0	0	0	0	0	0	0	0	0
7.10	13552615	4	0	0	0	0	0	0	0	0	0
7.20	13489887	4	0	0	0	0	0	0	0	0	0
7.30	13427176	4	0	0	0	0	0	0	0	0	0
7.40	13364483	4	0	0	0	0	0	0	0	0	0
7.50	13301806	4	0	0	0	0	0	0	0	0	0
7.60	13239147	4	0	0	0	0	0	0	0	0	0
7.70	13176505	4	0	0	0	0	0	0	0	0	0
7.80	13113880	4	0	0	0	0	0	0	0	0	0
7.90	13051273	4	0	0	0	0	0	0	0	0	0
8.00	12988683	4	0	0	0	0	0	0	0	0	0
8.10	12926110	4	0	0	0	0	0	0	0	0	0
8.20	12863555	4	0	0	0	0	0	0	0	0	0
8.30	12801018	4	0	0	0	0	0	0	0	0	0
8.40	12738499	4	0	0	0	0	0	0	0	0	0
8.50	12675997	4	0	0	0	0	0	0	0	0	0
8.60	12613513	4	0	0	0	0	0	0	0	0	0
8.70	12551048	4	0	0	0	0	0	0	0	0	0
8.80	12488600	4	0	0	0	0	0	0	0	0	0
8.90	12426171	4	0	0	0	0	0	0	0	0	0
9.00	12363759	4	0	0	0	0	0	0	0	0	0
9.10	12301366	4	0	0	0	0	0	0	0	0	0
9.20	12238992	4	0	0	0	0	0	0	0	0	0
9.30	12176636	4	0	0	0	0	0	0	0	0	0
9.40	12114298	4	0	0	0	0	0	0	0	0	0
9.50	12051979	4	0	0	0	0	0	0	0	0	0
9.60	11989679	4	0	0	0	0	0	0	0	0	0
9.70	11927398	4	0	0	0	0	0	0	0	0	0
9.80	11865135	4	0	0	0	0	0	0	0	0	0
9.90	11802892	4	0	0	0	0	0	0	0	0	0
10.00	11740667	4	0	0	0	0	0	0	0	0	0
10.10	11678462	4	0	0	0	0	0	0	0	0	0
10.20	11616276	4	0	0	0	0	0	0	0	0	0
10.30	11554109	4	0	0	0	0	0	0	0	0	0
10.40	11491962	4	0	0	0	0	0	0	0	0	0
10.50	11429834	4	0	0	0	0	0	0	0	0	0
10.60	11367726	4	0	0	0	0	0	0	0	0	0
10.70	11305638	4	0	0	0	0	0	0	0	0	0
10.80	11243569	4	0	0	0	0	0	0	0	0	0
10.90	11181521	4	0	0	0	0	0	0	0	0	0
11.00	11119492	4	0	0	0	0	0	0	0	0	0
11.10	11057483	4	0	0	0	0	0	0	0	0	0
11.20	10995495	4	0	0	0	0	0	0	0	0	0
11.30	10933527	4	0	0	0	0	0	0	0	0	0
11.40	10871579	4	0	0	0	0	0	0	0	0	0
11.50	10809652	4	0	0	0	0	0	0	0	0	0
11.60	10747746	4	0	0	0	0	0	0	0	0	0
11.70	10685860	4	0	0	0	0	0	0	0	0	0
11.80	10623995	4	0	0	0	0	0	0	0	0	0
11.90	10562151	4	0	0	0	0	0	0	0	0	0
12.00	10500328	4	0	0	0	0	0	0	0	0	0
12.10	10438526	4	0	0	0	0	0	0	0	0	0
12.20	10376746	4	0	0	0	0	0	0	0	0	0
12.30	10314987	4	0	0	0	0	0	0	0	0	0
12.40	10253249	4	0	0	0	0	0	0	0	0	0
12.50	10191533	4	0	0	0	0	0	0	0	0	0
12.60	10129838	4	0	0	0	0	0	0	0	0	0
12.70	10068166	4	0	0	0	0	0	0	0	0	0
12.80	10006515	4	0	0	0	0	0	0	0	0	0
12.90	9944887	4	0	0	0	0	0	0	0	0	0
13.00	9883280	4	0	0	0	0	0	0	0	0	0
13.10	9821696	4	0	0	0	0	0	0	0	0	0
13.20	9760135	4	0	0	0	0	0	0	0	0	0
13.30	9698596	4	0	0	0	0	0	0	0	0	0
13.40	9637079	4	0	0	0	0	0	0	0	0	0
13.50	9575586	4	0	0	0	0	0	0	0	0	0
13.60	9514115	4	0	0	0	0	0	0	0	0	0
13.70	9452668	4	0	0	0	0	0	0	0	0	0
13.80	9391243	4	0	0	0	0	0	0	0	0	0
13.90	9329842	4	0	0	0	0	0	0	0	0	0
14.00	9268465	4	0	0	0	0	0	0	0	0	0
14.10	9207111	4	0	0	0	0	0	0	0	0	0
14.20	9145781	4	0	0	0	0	0	0	0	0	0
14.30	9084475	4	0	0	0	0	0	0	0	0	0
14.40	9023193	4	0	0	0	0	0	0	0	0	0
14.50	8961935	4	0	0	0	0	0	0	0	0	0
14.60	8900701	4	0	0	0	0	0	0	0	0	0
14.70	8839492	4	0	0	0	0	0	0	0	0	0
14.80	8778307	4	0	0	0	0	0	0	0	0	0
14.90	8717147	4	0	0	0	0	0	0	0	0	0
15.00	8656012	4	0	0	0	0	0	0	0	0	0
15.10	8594903	4	0	0	0	0	0	0	0	0	0
15.20	8533818	4	0	0	0	0	0	0	0	0	0
15.30	8472759	4	0	0	0	0	0	0	0	0	0
15.40	8411725	4	0	0	0	0	0	0	0	0	0
15.50	8350718	4	0	0	0	0	0	0	0	0	0
15.60	8289736	4	0	0	0	0	0	0	0	0	0
15.70	8228780	4	0	0	0	0	0	0	0	0	0
15.80	8167850	4	0	0	0	0	0	0	0	0	0
15.90	8106947	4	0	0	0	0	0	0	0	0	0
16.00	8046070	4	0	0	0	0	0	0	0	0	0
16.10	7985220	4	0	0	0	0	0	0	0	0	0
16.20	7924397	4	0	0	0	0	0	0	0	0	0
16.30	7863602	4	0	0	0	0	0	0	0	0	0
16.40	7802833	4	0	0	0	0	0	0	0	0	0
16.50	7742092	4	0	0	0	0	0	0	0	0	0
16.60	7681379	4	0	0	0	0	0	0	0	0	0
16.70	7620693	4	0	0	0	0	0	0	0	0	0
16.80	7560036	4	0	0	0	0	0	0	0	0	0
16.90	7499407	4	0	0	0	0	0	0	0	0	0
17.00	7438806	4	0	0	0	0	0	0	0	0	0
17.10	7378234	4	0	0	0	0	0	0	0	0	0
17.20	7317691	4	0	0	0	0	0	0	0	0	0
17.30	7257177	4	0	0	0	0	0	0	0	0	0
17.40	7196692	4	0	0	0	0	0	0	0	0	0
17.50	7136237	4	0	0	0	0	0	0	0	0	0
17.60	7075812	4	0	0	0	0	0	0	0	0	0
17.70	7015417	4	0	0	0	0	0	0	0	0	0
17.80	6955051	4	0	0	0	0	0	0	0	0	0
17.90	6894717	4	0	0	0	0	0	0	0	0	0
18.00	6834413	4	0	0	0	0	0	0	0	0	0
18.10	6774139	4	0	0	0	0	0	0	0	0	0
18.20	6713897	4	0	0	0	0	0	0	0	0	0
18.30	6653687	4	0	0	0	0	0	0	0	0	0
18.40	6593508	4	0	0	0	0	0	0	0	0	0
18.50	6533361	4	0	0	0	0	0	0	0	0	0
18.60	6473246	4	0	0	0	0	0	0	0	0	0
18.70	6413164	4	0	0	0	0	0	0	0	0	0
18.80	6353114	4	0	0	0	0	0	0	0	0	0
18.90	6293097	4	0	0	0	0	0	0	0	0	0
19.00	6233114	4	0	0	0	0	0	0	0	0	0
19.10	6173164	4	0	0	0	0	0	0	0	0	0
19.20	6113247	4	0	0	0	0	0	0	0	0	0
19.30	6053365	4	0	0	0	0	0	0	0	0	0
19.40	5993518	4	0	0	0	0	0	0	0	0	0
19.50	5933705	4	0	0	0	0	0	0	0	0	0
19.60	5873927	4	0	0	0	0	0	0	0	0	0
19.70	5814184	4	0	0	0	0	0	0	0	0	0
19.80	5754477	4	0	0	0	0	0	0	0	0	0
19.90	5694807	4	0	0	0	0	0	0	0	0	0
20.00	5635172	4	0	0	0	0	0	0	0	0	0
20.10	5575574	4	0	0	0	0	0	0	0	0	0
20.20	5516013	4	0	0	0	0	0	0	0	0	0
20.30	5456489	4	0	0	0	0	0	0	0	0	0
20.40	5397004	4	0	0	0	0	0	0	0	0	0
20.50	5337556	4	0	0	0	0	0	0	0	0	0
20.60	5278147	4	0	0	0	0	0	0	0	0	0
20.70	5218776	4	0	0	0	0	0	0	0	0	0
20.80	5159445	4	0	0	0	0	0	0	0	0	0
20.90	5100153	4	0	0	0	0	0	0	0	0	0
21.00	5040902	4	0	0	0	0	0	0	0	0	0
21.10	4981691	4	0	0	0	0	0	0	0	0	0
21.20	4922520	4	0	0	0	0	0	0	0	0	0
21.30	4863391	4	0	0	0	0	0	0	0	0	0
21.40	4804304	4	0	0	0	0	0	0	0	0	0
21.50	4745259	4	0	0	0	0	0	0	0	0	0
21.60	4686257	4	0	0	0	0	0	0	0	0	0
21.70	4627298	4	0	0	0	0	0	0	0	0	0
21.80	4568382	4	0	0	0	0	0	0	0	0	0
21.90	4509511	4	0	0	0	0	0	0	0	0	0
22.00	4450684	4	0	0	0	0	0	0	0	0	0
22.10	4391903	4	0	0	0	0	0	0	0	0	0
22.20	4333167	4	0	0	0	0	0	0	0	0	0
22.30	4274477	4	0	0	0	0	0	0	0	0	0
22.40	4215834	4	0	0	0	0	0	0	0	0	0
22.50	4157239	4	0	0	0	0	0	0	0	0	0
22.60	4098692	4	0	0	0	0	0	0	0	0	0
22.70	4040193	4	0	0	0	0	0	0	0	0	0
22.80	3981743	4	0	0	0	0	0	0	0	0	0
22.90	3923343	4	0	0	0	0	0	0	0	0	0
23.00	3864994	4	0	0	0	0	0	0	0	0	0
23.10	3806695	4	0	0	0	0	0	0	0	0	0
23.20	3748449	4	0	0	0	0	0	0	0	0	0
23.30	3690255	4	0	0	0	0	0	0	0	0	0
23.40	3632114	4	0	0	0	0	0	0	0	0	0
23.50	3574028	4	0	0	0	0	0	0	0	0	0
23.60	3515996	4	0	0	0	0	0	0	0	0	0
23.70	3458020	4	0	0	0	0	0	0	0	0	0
23.80	3400101	4	0	0	0	0	0	0	0	0	0
23.90	3342238	4	0	0	0	0	0	0	0	0	0
24.00	3284434	4	0	0	0	0	0	0	0	0	0
24.10	3226689	4	0	0	0	0	0	0	0	0	0
24.20	3169004	4	0	0	0	0	0	0	0	0	0
24.30	3111380	4	0	0	0	0	0	0	0	0	0
24.40	3053818	4	0	0	0	0	0	0	0	0	0
24.50	2996319	4	0	0	0	0	0	0	0	0	0
24.60	2938884	4	0	0	0	0	0	0	0	0	0
24.70	2881514	4	0	0	0	0	0	0	0	0	0
24.80	2824210	4	0	0	0	0	0	0	0	0	0
24.90	2766974	4	0	0	0	0	0	0	0	0	0
25.00	2709807	4	0	0	0	0	0	0	0	0	0
25.10	2652709	4	0	0	0	0	0	0	0	0	0
25.20	2595683	4	0	0	0	0	0	0	0	0	0
25.30	2538730	4	0	0	0	0	0	0	0	0	0
25.40	2481851	4	0	0	0	0	0	0	0	0	0
25.50	2425048	4	0	0	0	0	0	0	0	0	0
25.60	2368321	4	0	0	0	0	0	0	0	0	0
25.70	2311674	4	0	0	0	0	0	0	0	0	0
25.80	2255107	4	0	0	0	0	0	0	0	0	0
25.90	2198623	4	0	0	0	0	0	0	0	0	0
26.00	2142223	4	0	0	0	0	0	0	0	0	0
26.10	2085909	4	0	0	0	0	0	0	0	0	0
26.20	2029683	4	0	0	0	0	0	0	0	0	0
26.30	1973548	4	0	0	0	0	0	0	0	0	0
26.40	1917505	4	0	0	0	0	0	0	0	0	0
26.50	1861558	4	0	0	0	0	0	0	0	0	0
26.60	1805708	4	0	0	0	0	0	0	0	0	0
26.70	1749958	4	0	0	0	0	0	0	0	0	0
26.80	1694311	4	0	0	0	0	0	0	0	0	0
26.90	1638770	4	0	0	0	0	0	0	0	0	0
27.00	1583339	4	0	0	0	0	0	0	0	0	0
27.10	1528020	4	0	0	0	0	0	0	0	0	0
27.20	1472817	4	0	0	0	0	0	0	0	0	0
27.30	1417735	4	0	0	0	0	0	0	0	0	0
27.40	1362776	4	0	0	0	0	0	0	0	0	0
27.50	1307946	4	0	0	0	0	0	0	0	0	0
27.60	1253250	4	0	0	0	0	0	0	0	0	0
27.70	1198691	4	0	0	0	0	0	0	0	0	0
27.80	1144277	4	0	0	0	0	0	0	0	0	0
27.90	1090013	4	0	0	0	0	0	0	0	0	0
28.00	1035905	4	0	0	0	0	0	0	0	0	0
28.10	981962	4	0	0	0	0	0	0	0	0	0
28.20	928190	4	0	0	0	0	0	0	0	0	0
28.30	874598	4	0	0	0	0	0	0	0	0	0
28.40	821197	4	0	0	0	0	0	0	0	0	0
28.50	767997	4	0	0	0	0	0	0	0	0	0
28.60	715011	4	0	0	0	0	0	0	0	0	0
28.70	662252	4	0	0	0	0	0	0	0	0	0
28.80	609736	4	0	0	0	0	0	0	0	0	0
28.90	557483	4	0	0	0	0	0	0	0	0	0
29.00	505512	4	0	0	0	0	0	0	0	0	0
29.10	453851	4	0	0	0	0	0	0	0	0	0
29.20	402531	4	0	0	0	0	0	0	0	0	0
29.30	351588	4	0	0	0	0	0	0	0	0	0
29.40	301073	4	0	0	0	0	0	0	0	0	0
29.50	251047	4	0	0	0	0	0	0	0	0	0
29.60	201598	4	0	0	0	0	0	0	0	0	0
29.70	152850	4	0	0	0	0	0	0	0	0	0
29.80	105003	4	0	0	0	0	0	0	0	0	0
29.90	58431	4	0	0	0	0	0	0	0	0	0
30.00	14159	4	0	0	0	0	0	0	0	0	0
30.04	0	4	0	0	0	0	0	0	0	0	0