-999	"MyLake init"
Z (m)	Az (m2)	Tz (deg C)	Cz	Sz (kg/m3)	TPz (mg/m3)	DOPz (mg/m3)	Chlaz (mg/m3)	DOCz (mg/m3)	TPz_sed (mg/m3)	Chlaz_sed (mg/m3)	"Fvol_IM (m3/m3	 dry w.)"	Hice (m)	Hsnow (m)
0.00	32163146	4	0	0	0	0	0	0	0	0	0	0	0
0.10	32043921	4	0	0	0	0	0	0	0	0	0
0.20	31924829	4	0	0	0	0	0	0	0	0	0
0.30	31805871	4	0	0	0	0	0	0	0	0	0
0.40	31687046	4	0	0	0	0	0	0	0	0	0
0.50	31568356	4	0	0	0	0	0	0	0	0	0
0.60	31449800	4	0	0	0	0	0	0	0	0	0
0.70	31331378	4	0	0	0	0	0	0	0	0	0
0.80	31213091	4	0	0	0	0	0	0	0	0	0
0.90	31094938	4	0	0	0	0	0	0	0	0	0
1.00	30976921	4	0	0	0	0	0	0	0	0	0
1.10	30859039	4	0	0	0	0	0	0	0	0	0
1.20	30741292	4	0	0	0	0	0	0	0	0	0
1.30	30623681	4	0	0	0	0	0	0	0	0	0
1.40	30506205	4	0	0	0	0	0	0	0	0	0
1.50	30388866	4	0	0	0	0	0	0	0	0	0
1.60	30271663	4	0	0	0	0	0	0	0	0	0
1.70	30154596	4	0	0	0	0	0	0	0	0	0
1.80	30037666	4	0	0	0	0	0	0	0	0	0
1.90	29920873	4	0	0	0	0	0	0	0	0	0
2.00	29804217	4	0	0	0	0	0	0	0	0	0
2.10	29687698	4	0	0	0	0	0	0	0	0	0
2.20	29571317	4	0	0	0	0	0	0	0	0	0
2.30	29455074	4	0	0	0	0	0	0	0	0	0
2.40	29338968	4	0	0	0	0	0	0	0	0	0
2.50	29223001	4	0	0	0	0	0	0	0	0	0
2.60	29107172	4	0	0	0	0	0	0	0	0	0
2.70	28991481	4	0	0	0	0	0	0	0	0	0
2.80	28875929	4	0	0	0	0	0	0	0	0	0
2.90	28760517	4	0	0	0	0	0	0	0	0	0
3.00	28645243	4	0	0	0	0	0	0	0	0	0
3.10	28530110	4	0	0	0	0	0	0	0	0	0
3.20	28415115	4	0	0	0	0	0	0	0	0	0
3.30	28300261	4	0	0	0	0	0	0	0	0	0
3.40	28185547	4	0	0	0	0	0	0	0	0	0
3.50	28070973	4	0	0	0	0	0	0	0	0	0
3.60	27956540	4	0	0	0	0	0	0	0	0	0
3.70	27842248	4	0	0	0	0	0	0	0	0	0
3.80	27728097	4	0	0	0	0	0	0	0	0	0
3.90	27614087	4	0	0	0	0	0	0	0	0	0
4.00	27500219	4	0	0	0	0	0	0	0	0	0
4.10	27386492	4	0	0	0	0	0	0	0	0	0
4.20	27272907	4	0	0	0	0	0	0	0	0	0
4.30	27159465	4	0	0	0	0	0	0	0	0	0
4.40	27046165	4	0	0	0	0	0	0	0	0	0
4.50	26933008	4	0	0	0	0	0	0	0	0	0
4.60	26819994	4	0	0	0	0	0	0	0	0	0
4.70	26707123	4	0	0	0	0	0	0	0	0	0
4.80	26594395	4	0	0	0	0	0	0	0	0	0
4.90	26481811	4	0	0	0	0	0	0	0	0	0
5.00	26369371	4	0	0	0	0	0	0	0	0	0
5.10	26257075	4	0	0	0	0	0	0	0	0	0
5.20	26144923	4	0	0	0	0	0	0	0	0	0
5.30	26032917	4	0	0	0	0	0	0	0	0	0
5.40	25921055	4	0	0	0	0	0	0	0	0	0
5.50	25809338	4	0	0	0	0	0	0	0	0	0
5.60	25697766	4	0	0	0	0	0	0	0	0	0
5.70	25586340	4	0	0	0	0	0	0	0	0	0
5.80	25475060	4	0	0	0	0	0	0	0	0	0
5.90	25363927	4	0	0	0	0	0	0	0	0	0
6.00	25252939	4	0	0	0	0	0	0	0	0	0
6.10	25142098	4	0	0	0	0	0	0	0	0	0
6.20	25031405	4	0	0	0	0	0	0	0	0	0
6.30	24920858	4	0	0	0	0	0	0	0	0	0
6.40	24810459	4	0	0	0	0	0	0	0	0	0
6.50	24700207	4	0	0	0	0	0	0	0	0	0
6.60	24590103	4	0	0	0	0	0	0	0	0	0
6.70	24480148	4	0	0	0	0	0	0	0	0	0
6.80	24370341	4	0	0	0	0	0	0	0	0	0
6.90	24260683	4	0	0	0	0	0	0	0	0	0
7.00	24151174	4	0	0	0	0	0	0	0	0	0
7.10	24041814	4	0	0	0	0	0	0	0	0	0
7.20	23932603	4	0	0	0	0	0	0	0	0	0
7.30	23823543	4	0	0	0	0	0	0	0	0	0
7.40	23714633	4	0	0	0	0	0	0	0	0	0
7.50	23605872	4	0	0	0	0	0	0	0	0	0
7.60	23497263	4	0	0	0	0	0	0	0	0	0
7.70	23388805	4	0	0	0	0	0	0	0	0	0
7.80	23280497	4	0	0	0	0	0	0	0	0	0
7.90	23172341	4	0	0	0	0	0	0	0	0	0
8.00	23064337	4	0	0	0	0	0	0	0	0	0
8.10	22956485	4	0	0	0	0	0	0	0	0	0
8.20	22848786	4	0	0	0	0	0	0	0	0	0
8.30	22741239	4	0	0	0	0	0	0	0	0	0
8.40	22633844	4	0	0	0	0	0	0	0	0	0
8.50	22526603	4	0	0	0	0	0	0	0	0	0
8.60	22419516	4	0	0	0	0	0	0	0	0	0
8.70	22312582	4	0	0	0	0	0	0	0	0	0
8.80	22205802	4	0	0	0	0	0	0	0	0	0
8.90	22099177	4	0	0	0	0	0	0	0	0	0
9.00	21992706	4	0	0	0	0	0	0	0	0	0
9.10	21886390	4	0	0	0	0	0	0	0	0	0
9.20	21780230	4	0	0	0	0	0	0	0	0	0
9.30	21674225	4	0	0	0	0	0	0	0	0	0
9.40	21568376	4	0	0	0	0	0	0	0	0	0
9.50	21462683	4	0	0	0	0	0	0	0	0	0
9.60	21357146	4	0	0	0	0	0	0	0	0	0
9.70	21251766	4	0	0	0	0	0	0	0	0	0
9.80	21146544	4	0	0	0	0	0	0	0	0	0
9.90	21041479	4	0	0	0	0	0	0	0	0	0
10.00	20936571	4	0	0	0	0	0	0	0	0	0
10.10	20831821	4	0	0	0	0	0	0	0	0	0
10.20	20727230	4	0	0	0	0	0	0	0	0	0
10.30	20622797	4	0	0	0	0	0	0	0	0	0
10.40	20518524	4	0	0	0	0	0	0	0	0	0
10.50	20414409	4	0	0	0	0	0	0	0	0	0
10.60	20310455	4	0	0	0	0	0	0	0	0	0
10.70	20206660	4	0	0	0	0	0	0	0	0	0
10.80	20103025	4	0	0	0	0	0	0	0	0	0
10.90	19999551	4	0	0	0	0	0	0	0	0	0
11.00	19896238	4	0	0	0	0	0	0	0	0	0
11.10	19793086	4	0	0	0	0	0	0	0	0	0
11.20	19690096	4	0	0	0	0	0	0	0	0	0
11.30	19587268	4	0	0	0	0	0	0	0	0	0
11.40	19484601	4	0	0	0	0	0	0	0	0	0
11.50	19382098	4	0	0	0	0	0	0	0	0	0
11.60	19279757	4	0	0	0	0	0	0	0	0	0
11.70	19177580	4	0	0	0	0	0	0	0	0	0
11.80	19075566	4	0	0	0	0	0	0	0	0	0
11.90	18973717	4	0	0	0	0	0	0	0	0	0
12.00	18872031	4	0	0	0	0	0	0	0	0	0
12.10	18770511	4	0	0	0	0	0	0	0	0	0
12.20	18669155	4	0	0	0	0	0	0	0	0	0
12.30	18567965	4	0	0	0	0	0	0	0	0	0
12.40	18466940	4	0	0	0	0	0	0	0	0	0
12.50	18366082	4	0	0	0	0	0	0	0	0	0
12.60	18265390	4	0	0	0	0	0	0	0	0	0
12.70	18164865	4	0	0	0	0	0	0	0	0	0
12.80	18064507	4	0	0	0	0	0	0	0	0	0
12.90	17964316	4	0	0	0	0	0	0	0	0	0
13.00	17864294	4	0	0	0	0	0	0	0	0	0
13.10	17764440	4	0	0	0	0	0	0	0	0	0
13.20	17664754	4	0	0	0	0	0	0	0	0	0
13.30	17565238	4	0	0	0	0	0	0	0	0	0
13.40	17465891	4	0	0	0	0	0	0	0	0	0
13.50	17366714	4	0	0	0	0	0	0	0	0	0
13.60	17267707	4	0	0	0	0	0	0	0	0	0
13.70	17168871	4	0	0	0	0	0	0	0	0	0
13.80	17070205	4	0	0	0	0	0	0	0	0	0
13.90	16971711	4	0	0	0	0	0	0	0	0	0
14.00	16873389	4	0	0	0	0	0	0	0	0	0
14.10	16775239	4	0	0	0	0	0	0	0	0	0
14.20	16677262	4	0	0	0	0	0	0	0	0	0
14.30	16579458	4	0	0	0	0	0	0	0	0	0
14.40	16481826	4	0	0	0	0	0	0	0	0	0
14.50	16384369	4	0	0	0	0	0	0	0	0	0
14.60	16287086	4	0	0	0	0	0	0	0	0	0
14.70	16189978	4	0	0	0	0	0	0	0	0	0
14.80	16093044	4	0	0	0	0	0	0	0	0	0
14.90	15996286	4	0	0	0	0	0	0	0	0	0
15.00	15899704	4	0	0	0	0	0	0	0	0	0
15.10	15803299	4	0	0	0	0	0	0	0	0	0
15.20	15707069	4	0	0	0	0	0	0	0	0	0
15.30	15611018	4	0	0	0	0	0	0	0	0	0
15.40	15515143	4	0	0	0	0	0	0	0	0	0
15.50	15419447	4	0	0	0	0	0	0	0	0	0
15.60	15323929	4	0	0	0	0	0	0	0	0	0
15.70	15228590	4	0	0	0	0	0	0	0	0	0
15.80	15133431	4	0	0	0	0	0	0	0	0	0
15.90	15038451	4	0	0	0	0	0	0	0	0	0
16.00	14943651	4	0	0	0	0	0	0	0	0	0
16.10	14849032	4	0	0	0	0	0	0	0	0	0
16.20	14754595	4	0	0	0	0	0	0	0	0	0
16.30	14660339	4	0	0	0	0	0	0	0	0	0
16.40	14566265	4	0	0	0	0	0	0	0	0	0
16.50	14472373	4	0	0	0	0	0	0	0	0	0
16.60	14378665	4	0	0	0	0	0	0	0	0	0
16.70	14285140	4	0	0	0	0	0	0	0	0	0
16.80	14191799	4	0	0	0	0	0	0	0	0	0
16.90	14098642	4	0	0	0	0	0	0	0	0	0
17.00	14005671	4	0	0	0	0	0	0	0	0	0
17.10	13912885	4	0	0	0	0	0	0	0	0	0
17.20	13820284	4	0	0	0	0	0	0	0	0	0
17.30	13727870	4	0	0	0	0	0	0	0	0	0
17.40	13635644	4	0	0	0	0	0	0	0	0	0
17.50	13543604	4	0	0	0	0	0	0	0	0	0
17.60	13451752	4	0	0	0	0	0	0	0	0	0
17.70	13360089	4	0	0	0	0	0	0	0	0	0
17.80	13268615	4	0	0	0	0	0	0	0	0	0
17.90	13177330	4	0	0	0	0	0	0	0	0	0
18.00	13086235	4	0	0	0	0	0	0	0	0	0
18.10	12995331	4	0	0	0	0	0	0	0	0	0
18.20	12904618	4	0	0	0	0	0	0	0	0	0
18.30	12814096	4	0	0	0	0	0	0	0	0	0
18.40	12723766	4	0	0	0	0	0	0	0	0	0
18.50	12633629	4	0	0	0	0	0	0	0	0	0
18.60	12543686	4	0	0	0	0	0	0	0	0	0
18.70	12453936	4	0	0	0	0	0	0	0	0	0
18.80	12364380	4	0	0	0	0	0	0	0	0	0
18.90	12275019	4	0	0	0	0	0	0	0	0	0
19.00	12185853	4	0	0	0	0	0	0	0	0	0
19.10	12096884	4	0	0	0	0	0	0	0	0	0
19.20	12008111	4	0	0	0	0	0	0	0	0	0
19.30	11919535	4	0	0	0	0	0	0	0	0	0
19.40	11831157	4	0	0	0	0	0	0	0	0	0
19.50	11742977	4	0	0	0	0	0	0	0	0	0
19.60	11654996	4	0	0	0	0	0	0	0	0	0
19.70	11567215	4	0	0	0	0	0	0	0	0	0
19.80	11479633	4	0	0	0	0	0	0	0	0	0
19.90	11392253	4	0	0	0	0	0	0	0	0	0
20.00	11305073	4	0	0	0	0	0	0	0	0	0
20.10	11218096	4	0	0	0	0	0	0	0	0	0
20.20	11131321	4	0	0	0	0	0	0	0	0	0
20.30	11044749	4	0	0	0	0	0	0	0	0	0
20.40	10958381	4	0	0	0	0	0	0	0	0	0
20.50	10872218	4	0	0	0	0	0	0	0	0	0
20.60	10786259	4	0	0	0	0	0	0	0	0	0
20.70	10700506	4	0	0	0	0	0	0	0	0	0
20.80	10614960	4	0	0	0	0	0	0	0	0	0
20.90	10529621	4	0	0	0	0	0	0	0	0	0
21.00	10444489	4	0	0	0	0	0	0	0	0	0
21.10	10359566	4	0	0	0	0	0	0	0	0	0
21.20	10274852	4	0	0	0	0	0	0	0	0	0
21.30	10190348	4	0	0	0	0	0	0	0	0	0
21.40	10106054	4	0	0	0	0	0	0	0	0	0
21.50	10021971	4	0	0	0	0	0	0	0	0	0
21.60	9938100	4	0	0	0	0	0	0	0	0	0
21.70	9854441	4	0	0	0	0	0	0	0	0	0
21.80	9770996	4	0	0	0	0	0	0	0	0	0
21.90	9687765	4	0	0	0	0	0	0	0	0	0
22.00	9604749	4	0	0	0	0	0	0	0	0	0
22.10	9521948	4	0	0	0	0	0	0	0	0	0
22.20	9439363	4	0	0	0	0	0	0	0	0	0
22.30	9356995	4	0	0	0	0	0	0	0	0	0
22.40	9274845	4	0	0	0	0	0	0	0	0	0
22.50	9192913	4	0	0	0	0	0	0	0	0	0
22.60	9111201	4	0	0	0	0	0	0	0	0	0
22.70	9029708	4	0	0	0	0	0	0	0	0	0
22.80	8948437	4	0	0	0	0	0	0	0	0	0
22.90	8867386	4	0	0	0	0	0	0	0	0	0
23.00	8786559	4	0	0	0	0	0	0	0	0	0
23.10	8705954	4	0	0	0	0	0	0	0	0	0
23.20	8625574	4	0	0	0	0	0	0	0	0	0
23.30	8545419	4	0	0	0	0	0	0	0	0	0
23.40	8465489	4	0	0	0	0	0	0	0	0	0
23.50	8385786	4	0	0	0	0	0	0	0	0	0
23.60	8306310	4	0	0	0	0	0	0	0	0	0
23.70	8227062	4	0	0	0	0	0	0	0	0	0
23.80	8148044	4	0	0	0	0	0	0	0	0	0
23.90	8069255	4	0	0	0	0	0	0	0	0	0
24.00	7990698	4	0	0	0	0	0	0	0	0	0
24.10	7912372	4	0	0	0	0	0	0	0	0	0
24.20	7834279	4	0	0	0	0	0	0	0	0	0
24.30	7756420	4	0	0	0	0	0	0	0	0	0
24.40	7678795	4	0	0	0	0	0	0	0	0	0
24.50	7601406	4	0	0	0	0	0	0	0	0	0
24.60	7524253	4	0	0	0	0	0	0	0	0	0
24.70	7447338	4	0	0	0	0	0	0	0	0	0
24.80	7370661	4	0	0	0	0	0	0	0	0	0
24.90	7294223	4	0	0	0	0	0	0	0	0	0
25.00	7218026	4	0	0	0	0	0	0	0	0	0
25.10	7142071	4	0	0	0	0	0	0	0	0	0
25.20	7066357	4	0	0	0	0	0	0	0	0	0
25.30	6990887	4	0	0	0	0	0	0	0	0	0
25.40	6915662	4	0	0	0	0	0	0	0	0	0
25.50	6840682	4	0	0	0	0	0	0	0	0	0
25.60	6765949	4	0	0	0	0	0	0	0	0	0
25.70	6691463	4	0	0	0	0	0	0	0	0	0
25.80	6617226	4	0	0	0	0	0	0	0	0	0
25.90	6543239	4	0	0	0	0	0	0	0	0	0
26.00	6469503	4	0	0	0	0	0	0	0	0	0
26.10	6396019	4	0	0	0	0	0	0	0	0	0
26.20	6322789	4	0	0	0	0	0	0	0	0	0
26.30	6249813	4	0	0	0	0	0	0	0	0	0
26.40	6177092	4	0	0	0	0	0	0	0	0	0
26.50	6104629	4	0	0	0	0	0	0	0	0	0
26.60	6032423	4	0	0	0	0	0	0	0	0	0
26.70	5960477	4	0	0	0	0	0	0	0	0	0
26.80	5888791	4	0	0	0	0	0	0	0	0	0
26.90	5817367	4	0	0	0	0	0	0	0	0	0
27.00	5746206	4	0	0	0	0	0	0	0	0	0
27.10	5675309	4	0	0	0	0	0	0	0	0	0
27.20	5604678	4	0	0	0	0	0	0	0	0	0
27.30	5534313	4	0	0	0	0	0	0	0	0	0
27.40	5464217	4	0	0	0	0	0	0	0	0	0
27.50	5394391	4	0	0	0	0	0	0	0	0	0
27.60	5324836	4	0	0	0	0	0	0	0	0	0
27.70	5255553	4	0	0	0	0	0	0	0	0	0
27.80	5186544	4	0	0	0	0	0	0	0	0	0
27.90	5117811	4	0	0	0	0	0	0	0	0	0
28.00	5049354	4	0	0	0	0	0	0	0	0	0
28.10	4981176	4	0	0	0	0	0	0	0	0	0
28.20	4913277	4	0	0	0	0	0	0	0	0	0
28.30	4845659	4	0	0	0	0	0	0	0	0	0
28.40	4778325	4	0	0	0	0	0	0	0	0	0
28.50	4711275	4	0	0	0	0	0	0	0	0	0
28.60	4644511	4	0	0	0	0	0	0	0	0	0
28.70	4578034	4	0	0	0	0	0	0	0	0	0
28.80	4511847	4	0	0	0	0	0	0	0	0	0
28.90	4445951	4	0	0	0	0	0	0	0	0	0
29.00	4380348	4	0	0	0	0	0	0	0	0	0
29.10	4315039	4	0	0	0	0	0	0	0	0	0
29.20	4250026	4	0	0	0	0	0	0	0	0	0
29.30	4185312	4	0	0	0	0	0	0	0	0	0
29.40	4120897	4	0	0	0	0	0	0	0	0	0
29.50	4056784	4	0	0	0	0	0	0	0	0	0
29.60	3992975	4	0	0	0	0	0	0	0	0	0
29.70	3929471	4	0	0	0	0	0	0	0	0	0
29.80	3866274	4	0	0	0	0	0	0	0	0	0
29.90	3803387	4	0	0	0	0	0	0	0	0	0
30.00	3740812	4	0	0	0	0	0	0	0	0	0
30.10	3678550	4	0	0	0	0	0	0	0	0	0
30.20	3616603	4	0	0	0	0	0	0	0	0	0
30.30	3554975	4	0	0	0	0	0	0	0	0	0
30.40	3493666	4	0	0	0	0	0	0	0	0	0
30.50	3432680	4	0	0	0	0	0	0	0	0	0
30.60	3372018	4	0	0	0	0	0	0	0	0	0
30.70	3311683	4	0	0	0	0	0	0	0	0	0
30.80	3251677	4	0	0	0	0	0	0	0	0	0
30.90	3192002	4	0	0	0	0	0	0	0	0	0
31.00	3132662	4	0	0	0	0	0	0	0	0	0
31.10	3073658	4	0	0	0	0	0	0	0	0	0
31.20	3014993	4	0	0	0	0	0	0	0	0	0
31.30	2956669	4	0	0	0	0	0	0	0	0	0
31.40	2898690	4	0	0	0	0	0	0	0	0	0
31.50	2841058	4	0	0	0	0	0	0	0	0	0
31.60	2783776	4	0	0	0	0	0	0	0	0	0
31.70	2726847	4	0	0	0	0	0	0	0	0	0
31.80	2670273	4	0	0	0	0	0	0	0	0	0
31.90	2614057	4	0	0	0	0	0	0	0	0	0
32.00	2558204	4	0	0	0	0	0	0	0	0	0
32.10	2502715	4	0	0	0	0	0	0	0	0	0
32.20	2447594	4	0	0	0	0	0	0	0	0	0
32.30	2392844	4	0	0	0	0	0	0	0	0	0
32.40	2338468	4	0	0	0	0	0	0	0	0	0
32.50	2284471	4	0	0	0	0	0	0	0	0	0
32.60	2230855	4	0	0	0	0	0	0	0	0	0
32.70	2177625	4	0	0	0	0	0	0	0	0	0
32.80	2124783	4	0	0	0	0	0	0	0	0	0
32.90	2072334	4	0	0	0	0	0	0	0	0	0
33.00	2020281	4	0	0	0	0	0	0	0	0	0
33.10	1968630	4	0	0	0	0	0	0	0	0	0
33.20	1917383	4	0	0	0	0	0	0	0	0	0
33.30	1866545	4	0	0	0	0	0	0	0	0	0
33.40	1816120	4	0	0	0	0	0	0	0	0	0
33.50	1766114	4	0	0	0	0	0	0	0	0	0
33.60	1716530	4	0	0	0	0	0	0	0	0	0
33.70	1667374	4	0	0	0	0	0	0	0	0	0
33.80	1618650	4	0	0	0	0	0	0	0	0	0
33.90	1570364	4	0	0	0	0	0	0	0	0	0
34.00	1522521	4	0	0	0	0	0	0	0	0	0
34.10	1475126	4	0	0	0	0	0	0	0	0	0
34.20	1428185	4	0	0	0	0	0	0	0	0	0
34.30	1381704	4	0	0	0	0	0	0	0	0	0
34.40	1335690	4	0	0	0	0	0	0	0	0	0
34.50	1290147	4	0	0	0	0	0	0	0	0	0
34.60	1245084	4	0	0	0	0	0	0	0	0	0
34.70	1200506	4	0	0	0	0	0	0	0	0	0
34.80	1156421	4	0	0	0	0	0	0	0	0	0
34.90	1112837	4	0	0	0	0	0	0	0	0	0
35.00	1069760	4	0	0	0	0	0	0	0	0	0
35.10	1027199	4	0	0	0	0	0	0	0	0	0
35.20	985163	4	0	0	0	0	0	0	0	0	0
35.30	943660	4	0	0	0	0	0	0	0	0	0
35.40	902700	4	0	0	0	0	0	0	0	0	0
35.50	862291	4	0	0	0	0	0	0	0	0	0
35.60	822445	4	0	0	0	0	0	0	0	0	0
35.70	783172	4	0	0	0	0	0	0	0	0	0
35.80	744483	4	0	0	0	0	0	0	0	0	0
35.90	706390	4	0	0	0	0	0	0	0	0	0
36.00	668906	4	0	0	0	0	0	0	0	0	0
36.10	632043	4	0	0	0	0	0	0	0	0	0
36.20	595817	4	0	0	0	0	0	0	0	0	0
36.30	560243	4	0	0	0	0	0	0	0	0	0
36.40	525336	4	0	0	0	0	0	0	0	0	0
36.50	491114	4	0	0	0	0	0	0	0	0	0
36.60	457595	4	0	0	0	0	0	0	0	0	0
36.70	424800	4	0	0	0	0	0	0	0	0	0
36.80	392750	4	0	0	0	0	0	0	0	0	0
36.90	361469	4	0	0	0	0	0	0	0	0	0
37.00	330983	4	0	0	0	0	0	0	0	0	0
37.10	301320	4	0	0	0	0	0	0	0	0	0
37.20	272512	4	0	0	0	0	0	0	0	0	0
37.30	244593	4	0	0	0	0	0	0	0	0	0
37.40	217602	4	0	0	0	0	0	0	0	0	0
37.50	191585	4	0	0	0	0	0	0	0	0	0
37.60	166591	4	0	0	0	0	0	0	0	0	0
37.70	142680	4	0	0	0	0	0	0	0	0	0
37.80	119920	4	0	0	0	0	0	0	0	0	0
37.90	98394	4	0	0	0	0	0	0	0	0	0
38.00	78203	4	0	0	0	0	0	0	0	0	0
38.10	59477	4	0	0	0	0	0	0	0	0	0
38.20	42386	4	0	0	0	0	0	0	0	0	0
38.30	27170	4	0	0	0	0	0	0	0	0	0
38.40	14201	4	0	0	0	0	0	0	0	0	0
38.50	4193	4	0	0	0	0	0	0	0	0	0
38.57	0	4	0	0	0	0	0	0	0	0	0