-999	"MyLake init"
Z (m)	Az (m2)	Tz (deg C)	Cz	Sz (kg/m3)	TPz (mg/m3)	DOPz (mg/m3)	Chlaz (mg/m3)	DOCz (mg/m3)	TPz_sed (mg/m3)	Chlaz_sed (mg/m3)	"Fvol_IM (m3/m3	 dry w.)"	Hice (m)	Hsnow (m)
0.00	1989437	4	0	0	0	0	0	0	0	0	0	0	0
0.10	1978304	4	0	0	0	0	0	0	0	0	0
0.20	1967179	4	0	0	0	0	0	0	0	0	0
0.30	1956061	4	0	0	0	0	0	0	0	0	0
0.40	1944951	4	0	0	0	0	0	0	0	0	0
0.50	1933848	4	0	0	0	0	0	0	0	0	0
0.60	1922753	4	0	0	0	0	0	0	0	0	0
0.70	1911666	4	0	0	0	0	0	0	0	0	0
0.80	1900587	4	0	0	0	0	0	0	0	0	0
0.90	1889516	4	0	0	0	0	0	0	0	0	0
1.00	1878453	4	0	0	0	0	0	0	0	0	0
1.10	1867397	4	0	0	0	0	0	0	0	0	0
1.20	1856350	4	0	0	0	0	0	0	0	0	0
1.30	1845310	4	0	0	0	0	0	0	0	0	0
1.40	1834278	4	0	0	0	0	0	0	0	0	0
1.50	1823255	4	0	0	0	0	0	0	0	0	0
1.60	1812239	4	0	0	0	0	0	0	0	0	0
1.70	1801232	4	0	0	0	0	0	0	0	0	0
1.80	1790233	4	0	0	0	0	0	0	0	0	0
1.90	1779242	4	0	0	0	0	0	0	0	0	0
2.00	1768259	4	0	0	0	0	0	0	0	0	0
2.10	1757285	4	0	0	0	0	0	0	0	0	0
2.20	1746319	4	0	0	0	0	0	0	0	0	0
2.30	1735361	4	0	0	0	0	0	0	0	0	0
2.40	1724412	4	0	0	0	0	0	0	0	0	0
2.50	1713471	4	0	0	0	0	0	0	0	0	0
2.60	1702538	4	0	0	0	0	0	0	0	0	0
2.70	1691615	4	0	0	0	0	0	0	0	0	0
2.80	1680699	4	0	0	0	0	0	0	0	0	0
2.90	1669793	4	0	0	0	0	0	0	0	0	0
3.00	1658894	4	0	0	0	0	0	0	0	0	0
3.10	1648005	4	0	0	0	0	0	0	0	0	0
3.20	1637124	4	0	0	0	0	0	0	0	0	0
3.30	1626253	4	0	0	0	0	0	0	0	0	0
3.40	1615389	4	0	0	0	0	0	0	0	0	0
3.50	1604535	4	0	0	0	0	0	0	0	0	0
3.60	1593690	4	0	0	0	0	0	0	0	0	0
3.70	1582854	4	0	0	0	0	0	0	0	0	0
3.80	1572026	4	0	0	0	0	0	0	0	0	0
3.90	1561208	4	0	0	0	0	0	0	0	0	0
4.00	1550399	4	0	0	0	0	0	0	0	0	0
4.10	1539599	4	0	0	0	0	0	0	0	0	0
4.20	1528808	4	0	0	0	0	0	0	0	0	0
4.30	1518027	4	0	0	0	0	0	0	0	0	0
4.40	1507254	4	0	0	0	0	0	0	0	0	0
4.50	1496491	4	0	0	0	0	0	0	0	0	0
4.60	1485738	4	0	0	0	0	0	0	0	0	0
4.70	1474994	4	0	0	0	0	0	0	0	0	0
4.80	1464259	4	0	0	0	0	0	0	0	0	0
4.90	1453534	4	0	0	0	0	0	0	0	0	0
5.00	1442819	4	0	0	0	0	0	0	0	0	0
5.10	1432113	4	0	0	0	0	0	0	0	0	0
5.20	1421417	4	0	0	0	0	0	0	0	0	0
5.30	1410730	4	0	0	0	0	0	0	0	0	0
5.40	1400054	4	0	0	0	0	0	0	0	0	0
5.50	1389387	4	0	0	0	0	0	0	0	0	0
5.60	1378731	4	0	0	0	0	0	0	0	0	0
5.70	1368084	4	0	0	0	0	0	0	0	0	0
5.80	1357448	4	0	0	0	0	0	0	0	0	0
5.90	1346821	4	0	0	0	0	0	0	0	0	0
6.00	1336205	4	0	0	0	0	0	0	0	0	0
6.10	1325599	4	0	0	0	0	0	0	0	0	0
6.20	1315003	4	0	0	0	0	0	0	0	0	0
6.30	1304417	4	0	0	0	0	0	0	0	0	0
6.40	1293842	4	0	0	0	0	0	0	0	0	0
6.50	1283278	4	0	0	0	0	0	0	0	0	0
6.60	1272724	4	0	0	0	0	0	0	0	0	0
6.70	1262181	4	0	0	0	0	0	0	0	0	0
6.80	1251648	4	0	0	0	0	0	0	0	0	0
6.90	1241126	4	0	0	0	0	0	0	0	0	0
7.00	1230615	4	0	0	0	0	0	0	0	0	0
7.10	1220115	4	0	0	0	0	0	0	0	0	0
7.20	1209626	4	0	0	0	0	0	0	0	0	0
7.30	1199148	4	0	0	0	0	0	0	0	0	0
7.40	1188681	4	0	0	0	0	0	0	0	0	0
7.50	1178225	4	0	0	0	0	0	0	0	0	0
7.60	1167780	4	0	0	0	0	0	0	0	0	0
7.70	1157347	4	0	0	0	0	0	0	0	0	0
7.80	1146925	4	0	0	0	0	0	0	0	0	0
7.90	1136515	4	0	0	0	0	0	0	0	0	0
8.00	1126116	4	0	0	0	0	0	0	0	0	0
8.10	1115729	4	0	0	0	0	0	0	0	0	0
8.20	1105353	4	0	0	0	0	0	0	0	0	0
8.30	1094990	4	0	0	0	0	0	0	0	0	0
8.40	1084638	4	0	0	0	0	0	0	0	0	0
8.50	1074298	4	0	0	0	0	0	0	0	0	0
8.60	1063971	4	0	0	0	0	0	0	0	0	0
8.70	1053655	4	0	0	0	0	0	0	0	0	0
8.80	1043352	4	0	0	0	0	0	0	0	0	0
8.90	1033061	4	0	0	0	0	0	0	0	0	0
9.00	1022783	4	0	0	0	0	0	0	0	0	0
9.10	1012517	4	0	0	0	0	0	0	0	0	0
9.20	1002264	4	0	0	0	0	0	0	0	0	0
9.30	992023	4	0	0	0	0	0	0	0	0	0
9.40	981795	4	0	0	0	0	0	0	0	0	0
9.50	971581	4	0	0	0	0	0	0	0	0	0
9.60	961379	4	0	0	0	0	0	0	0	0	0
9.70	951190	4	0	0	0	0	0	0	0	0	0
9.80	941015	4	0	0	0	0	0	0	0	0	0
9.90	930853	4	0	0	0	0	0	0	0	0	0
10.00	920704	4	0	0	0	0	0	0	0	0	0
10.10	910569	4	0	0	0	0	0	0	0	0	0
10.20	900448	4	0	0	0	0	0	0	0	0	0
10.30	890340	4	0	0	0	0	0	0	0	0	0
10.40	880247	4	0	0	0	0	0	0	0	0	0
10.50	870167	4	0	0	0	0	0	0	0	0	0
10.60	860102	4	0	0	0	0	0	0	0	0	0
10.70	850051	4	0	0	0	0	0	0	0	0	0
10.80	840014	4	0	0	0	0	0	0	0	0	0
10.90	829992	4	0	0	0	0	0	0	0	0	0
11.00	819984	4	0	0	0	0	0	0	0	0	0
11.10	809992	4	0	0	0	0	0	0	0	0	0
11.20	800014	4	0	0	0	0	0	0	0	0	0
11.30	790051	4	0	0	0	0	0	0	0	0	0
11.40	780104	4	0	0	0	0	0	0	0	0	0
11.50	770172	4	0	0	0	0	0	0	0	0	0
11.60	760256	4	0	0	0	0	0	0	0	0	0
11.70	750355	4	0	0	0	0	0	0	0	0	0
11.80	740470	4	0	0	0	0	0	0	0	0	0
11.90	730601	4	0	0	0	0	0	0	0	0	0
12.00	720748	4	0	0	0	0	0	0	0	0	0
12.10	710912	4	0	0	0	0	0	0	0	0	0
12.20	701092	4	0	0	0	0	0	0	0	0	0
12.30	691289	4	0	0	0	0	0	0	0	0	0
12.40	681503	4	0	0	0	0	0	0	0	0	0
12.50	671733	4	0	0	0	0	0	0	0	0	0
12.60	661981	4	0	0	0	0	0	0	0	0	0
12.70	652247	4	0	0	0	0	0	0	0	0	0
12.80	642529	4	0	0	0	0	0	0	0	0	0
12.90	632830	4	0	0	0	0	0	0	0	0	0
13.00	623149	4	0	0	0	0	0	0	0	0	0
13.10	613486	4	0	0	0	0	0	0	0	0	0
13.20	603842	4	0	0	0	0	0	0	0	0	0
13.30	594216	4	0	0	0	0	0	0	0	0	0
13.40	584609	4	0	0	0	0	0	0	0	0	0
13.50	575021	4	0	0	0	0	0	0	0	0	0
13.60	565453	4	0	0	0	0	0	0	0	0	0
13.70	555904	4	0	0	0	0	0	0	0	0	0
13.80	546375	4	0	0	0	0	0	0	0	0	0
13.90	536866	4	0	0	0	0	0	0	0	0	0
14.00	527378	4	0	0	0	0	0	0	0	0	0
14.10	517910	4	0	0	0	0	0	0	0	0	0
14.20	508464	4	0	0	0	0	0	0	0	0	0
14.30	499038	4	0	0	0	0	0	0	0	0	0
14.40	489634	4	0	0	0	0	0	0	0	0	0
14.50	480253	4	0	0	0	0	0	0	0	0	0
14.60	470893	4	0	0	0	0	0	0	0	0	0
14.70	461556	4	0	0	0	0	0	0	0	0	0
14.80	452241	4	0	0	0	0	0	0	0	0	0
14.90	442950	4	0	0	0	0	0	0	0	0	0
15.00	433683	4	0	0	0	0	0	0	0	0	0
15.10	424440	4	0	0	0	0	0	0	0	0	0
15.20	415221	4	0	0	0	0	0	0	0	0	0
15.30	406026	4	0	0	0	0	0	0	0	0	0
15.40	396857	4	0	0	0	0	0	0	0	0	0
15.50	387714	4	0	0	0	0	0	0	0	0	0
15.60	378597	4	0	0	0	0	0	0	0	0	0
15.70	369506	4	0	0	0	0	0	0	0	0	0
15.80	360443	4	0	0	0	0	0	0	0	0	0
15.90	351407	4	0	0	0	0	0	0	0	0	0
16.00	342399	4	0	0	0	0	0	0	0	0	0
16.10	333420	4	0	0	0	0	0	0	0	0	0
16.20	324470	4	0	0	0	0	0	0	0	0	0
16.30	315550	4	0	0	0	0	0	0	0	0	0
16.40	306661	4	0	0	0	0	0	0	0	0	0
16.50	297803	4	0	0	0	0	0	0	0	0	0
16.60	288976	4	0	0	0	0	0	0	0	0	0
16.70	280183	4	0	0	0	0	0	0	0	0	0
16.80	271422	4	0	0	0	0	0	0	0	0	0
16.90	262696	4	0	0	0	0	0	0	0	0	0
17.00	254006	4	0	0	0	0	0	0	0	0	0
17.10	245351	4	0	0	0	0	0	0	0	0	0
17.20	236732	4	0	0	0	0	0	0	0	0	0
17.30	228152	4	0	0	0	0	0	0	0	0	0
17.40	219611	4	0	0	0	0	0	0	0	0	0
17.50	211110	4	0	0	0	0	0	0	0	0	0
17.60	202651	4	0	0	0	0	0	0	0	0	0
17.70	194234	4	0	0	0	0	0	0	0	0	0
17.80	185861	4	0	0	0	0	0	0	0	0	0
17.90	177534	4	0	0	0	0	0	0	0	0	0
18.00	169254	4	0	0	0	0	0	0	0	0	0
18.10	161023	4	0	0	0	0	0	0	0	0	0
18.20	152843	4	0	0	0	0	0	0	0	0	0
18.30	144716	4	0	0	0	0	0	0	0	0	0
18.40	136643	4	0	0	0	0	0	0	0	0	0
18.50	128629	4	0	0	0	0	0	0	0	0	0
18.60	120674	4	0	0	0	0	0	0	0	0	0
18.70	112783	4	0	0	0	0	0	0	0	0	0
18.80	104958	4	0	0	0	0	0	0	0	0	0
18.90	97204	4	0	0	0	0	0	0	0	0	0
19.00	89524	4	0	0	0	0	0	0	0	0	0
19.10	81923	4	0	0	0	0	0	0	0	0	0
19.20	74408	4	0	0	0	0	0	0	0	0	0
19.30	66983	4	0	0	0	0	0	0	0	0	0
19.40	59657	4	0	0	0	0	0	0	0	0	0
19.50	52439	4	0	0	0	0	0	0	0	0	0
19.60	45340	4	0	0	0	0	0	0	0	0	0
19.70	38374	4	0	0	0	0	0	0	0	0	0
19.80	31559	4	0	0	0	0	0	0	0	0	0
19.90	24920	4	0	0	0	0	0	0	0	0	0
20.00	18490	4	0	0	0	0	0	0	0	0	0
20.10	12325	4	0	0	0	0	0	0	0	0	0
20.20	6525	4	0	0	0	0	0	0	0	0	0
20.30	1356	4	0	0	0	0	0	0	0	0	0
20.33	0	4	0	0	0	0	0	0	0	0	0