-999	"MyLake init"
Z (m)	Az (m2)	Tz (deg C)	Cz	Sz (kg/m3)	TPz (mg/m3)	DOPz (mg/m3)	Chlaz (mg/m3)	DOCz (mg/m3)	TPz_sed (mg/m3)	Chlaz_sed (mg/m3)	"Fvol_IM (m3/m3	 dry w.)"	Hice (m)	Hsnow (m)
0.00	3429569	4	0	0	0	0	0	0	0	0	0	0	0
0.10	3412584	4	0	0	0	0	0	0	0	0	0
0.20	3395610	4	0	0	0	0	0	0	0	0	0
0.30	3378646	4	0	0	0	0	0	0	0	0	0
0.40	3361692	4	0	0	0	0	0	0	0	0	0
0.50	3344750	4	0	0	0	0	0	0	0	0	0
0.60	3327818	4	0	0	0	0	0	0	0	0	0
0.70	3310896	4	0	0	0	0	0	0	0	0	0
0.80	3293985	4	0	0	0	0	0	0	0	0	0
0.90	3277085	4	0	0	0	0	0	0	0	0	0
1.00	3260196	4	0	0	0	0	0	0	0	0	0
1.10	3243318	4	0	0	0	0	0	0	0	0	0
1.20	3226450	4	0	0	0	0	0	0	0	0	0
1.30	3209594	4	0	0	0	0	0	0	0	0	0
1.40	3192748	4	0	0	0	0	0	0	0	0	0
1.50	3175913	4	0	0	0	0	0	0	0	0	0
1.60	3159090	4	0	0	0	0	0	0	0	0	0
1.70	3142277	4	0	0	0	0	0	0	0	0	0
1.80	3125476	4	0	0	0	0	0	0	0	0	0
1.90	3108686	4	0	0	0	0	0	0	0	0	0
2.00	3091907	4	0	0	0	0	0	0	0	0	0
2.10	3075139	4	0	0	0	0	0	0	0	0	0
2.20	3058383	4	0	0	0	0	0	0	0	0	0
2.30	3041638	4	0	0	0	0	0	0	0	0	0
2.40	3024904	4	0	0	0	0	0	0	0	0	0
2.50	3008182	4	0	0	0	0	0	0	0	0	0
2.60	2991471	4	0	0	0	0	0	0	0	0	0
2.70	2974772	4	0	0	0	0	0	0	0	0	0
2.80	2958084	4	0	0	0	0	0	0	0	0	0
2.90	2941409	4	0	0	0	0	0	0	0	0	0
3.00	2924744	4	0	0	0	0	0	0	0	0	0
3.10	2908092	4	0	0	0	0	0	0	0	0	0
3.20	2891451	4	0	0	0	0	0	0	0	0	0
3.30	2874823	4	0	0	0	0	0	0	0	0	0
3.40	2858206	4	0	0	0	0	0	0	0	0	0
3.50	2841601	4	0	0	0	0	0	0	0	0	0
3.60	2825008	4	0	0	0	0	0	0	0	0	0
3.70	2808427	4	0	0	0	0	0	0	0	0	0
3.80	2791859	4	0	0	0	0	0	0	0	0	0
3.90	2775302	4	0	0	0	0	0	0	0	0	0
4.00	2758758	4	0	0	0	0	0	0	0	0	0
4.10	2742226	4	0	0	0	0	0	0	0	0	0
4.20	2725706	4	0	0	0	0	0	0	0	0	0
4.30	2709199	4	0	0	0	0	0	0	0	0	0
4.40	2692704	4	0	0	0	0	0	0	0	0	0
4.50	2676221	4	0	0	0	0	0	0	0	0	0
4.60	2659752	4	0	0	0	0	0	0	0	0	0
4.70	2643294	4	0	0	0	0	0	0	0	0	0
4.80	2626850	4	0	0	0	0	0	0	0	0	0
4.90	2610418	4	0	0	0	0	0	0	0	0	0
5.00	2593999	4	0	0	0	0	0	0	0	0	0
5.10	2577593	4	0	0	0	0	0	0	0	0	0
5.20	2561200	4	0	0	0	0	0	0	0	0	0
5.30	2544820	4	0	0	0	0	0	0	0	0	0
5.40	2528452	4	0	0	0	0	0	0	0	0	0
5.50	2512098	4	0	0	0	0	0	0	0	0	0
5.60	2495758	4	0	0	0	0	0	0	0	0	0
5.70	2479430	4	0	0	0	0	0	0	0	0	0
5.80	2463116	4	0	0	0	0	0	0	0	0	0
5.90	2446815	4	0	0	0	0	0	0	0	0	0
6.00	2430527	4	0	0	0	0	0	0	0	0	0
6.10	2414253	4	0	0	0	0	0	0	0	0	0
6.20	2397993	4	0	0	0	0	0	0	0	0	0
6.30	2381746	4	0	0	0	0	0	0	0	0	0
6.40	2365513	4	0	0	0	0	0	0	0	0	0
6.50	2349294	4	0	0	0	0	0	0	0	0	0
6.60	2333088	4	0	0	0	0	0	0	0	0	0
6.70	2316897	4	0	0	0	0	0	0	0	0	0
6.80	2300719	4	0	0	0	0	0	0	0	0	0
6.90	2284556	4	0	0	0	0	0	0	0	0	0
7.00	2268406	4	0	0	0	0	0	0	0	0	0
7.10	2252271	4	0	0	0	0	0	0	0	0	0
7.20	2236151	4	0	0	0	0	0	0	0	0	0
7.30	2220044	4	0	0	0	0	0	0	0	0	0
7.40	2203952	4	0	0	0	0	0	0	0	0	0
7.50	2187875	4	0	0	0	0	0	0	0	0	0
7.60	2171812	4	0	0	0	0	0	0	0	0	0
7.70	2155764	4	0	0	0	0	0	0	0	0	0
7.80	2139731	4	0	0	0	0	0	0	0	0	0
7.90	2123712	4	0	0	0	0	0	0	0	0	0
8.00	2107709	4	0	0	0	0	0	0	0	0	0
8.10	2091721	4	0	0	0	0	0	0	0	0	0
8.20	2075747	4	0	0	0	0	0	0	0	0	0
8.30	2059789	4	0	0	0	0	0	0	0	0	0
8.40	2043846	4	0	0	0	0	0	0	0	0	0
8.50	2027919	4	0	0	0	0	0	0	0	0	0
8.60	2012007	4	0	0	0	0	0	0	0	0	0
8.70	1996111	4	0	0	0	0	0	0	0	0	0
8.80	1980230	4	0	0	0	0	0	0	0	0	0
8.90	1964365	4	0	0	0	0	0	0	0	0	0
9.00	1948516	4	0	0	0	0	0	0	0	0	0
9.10	1932683	4	0	0	0	0	0	0	0	0	0
9.20	1916866	4	0	0	0	0	0	0	0	0	0
9.30	1901065	4	0	0	0	0	0	0	0	0	0
9.40	1885280	4	0	0	0	0	0	0	0	0	0
9.50	1869512	4	0	0	0	0	0	0	0	0	0
9.60	1853760	4	0	0	0	0	0	0	0	0	0
9.70	1838024	4	0	0	0	0	0	0	0	0	0
9.80	1822306	4	0	0	0	0	0	0	0	0	0
9.90	1806604	4	0	0	0	0	0	0	0	0	0
10.00	1790919	4	0	0	0	0	0	0	0	0	0
10.10	1775251	4	0	0	0	0	0	0	0	0	0
10.20	1759600	4	0	0	0	0	0	0	0	0	0
10.30	1743966	4	0	0	0	0	0	0	0	0	0
10.40	1728350	4	0	0	0	0	0	0	0	0	0
10.50	1712751	4	0	0	0	0	0	0	0	0	0
10.60	1697169	4	0	0	0	0	0	0	0	0	0
10.70	1681606	4	0	0	0	0	0	0	0	0	0
10.80	1666060	4	0	0	0	0	0	0	0	0	0
10.90	1650532	4	0	0	0	0	0	0	0	0	0
11.00	1635022	4	0	0	0	0	0	0	0	0	0
11.10	1619531	4	0	0	0	0	0	0	0	0	0
11.20	1604057	4	0	0	0	0	0	0	0	0	0
11.30	1588603	4	0	0	0	0	0	0	0	0	0
11.40	1573166	4	0	0	0	0	0	0	0	0	0
11.50	1557749	4	0	0	0	0	0	0	0	0	0
11.60	1542350	4	0	0	0	0	0	0	0	0	0
11.70	1526971	4	0	0	0	0	0	0	0	0	0
11.80	1511610	4	0	0	0	0	0	0	0	0	0
11.90	1496269	4	0	0	0	0	0	0	0	0	0
12.00	1480947	4	0	0	0	0	0	0	0	0	0
12.10	1465645	4	0	0	0	0	0	0	0	0	0
12.20	1450363	4	0	0	0	0	0	0	0	0	0
12.30	1435101	4	0	0	0	0	0	0	0	0	0
12.40	1419858	4	0	0	0	0	0	0	0	0	0
12.50	1404636	4	0	0	0	0	0	0	0	0	0
12.60	1389435	4	0	0	0	0	0	0	0	0	0
12.70	1374254	4	0	0	0	0	0	0	0	0	0
12.80	1359093	4	0	0	0	0	0	0	0	0	0
12.90	1343954	4	0	0	0	0	0	0	0	0	0
13.00	1328835	4	0	0	0	0	0	0	0	0	0
13.10	1313738	4	0	0	0	0	0	0	0	0	0
13.20	1298663	4	0	0	0	0	0	0	0	0	0
13.30	1283609	4	0	0	0	0	0	0	0	0	0
13.40	1268577	4	0	0	0	0	0	0	0	0	0
13.50	1253566	4	0	0	0	0	0	0	0	0	0
13.60	1238579	4	0	0	0	0	0	0	0	0	0
13.70	1223613	4	0	0	0	0	0	0	0	0	0
13.80	1208670	4	0	0	0	0	0	0	0	0	0
13.90	1193750	4	0	0	0	0	0	0	0	0	0
14.00	1178853	4	0	0	0	0	0	0	0	0	0
14.10	1163980	4	0	0	0	0	0	0	0	0	0
14.20	1149130	4	0	0	0	0	0	0	0	0	0
14.30	1134303	4	0	0	0	0	0	0	0	0	0
14.40	1119501	4	0	0	0	0	0	0	0	0	0
14.50	1104722	4	0	0	0	0	0	0	0	0	0
14.60	1089969	4	0	0	0	0	0	0	0	0	0
14.70	1075239	4	0	0	0	0	0	0	0	0	0
14.80	1060535	4	0	0	0	0	0	0	0	0	0
14.90	1045856	4	0	0	0	0	0	0	0	0	0
15.00	1031203	4	0	0	0	0	0	0	0	0	0
15.10	1016575	4	0	0	0	0	0	0	0	0	0
15.20	1001973	4	0	0	0	0	0	0	0	0	0
15.30	987398	4	0	0	0	0	0	0	0	0	0
15.40	972849	4	0	0	0	0	0	0	0	0	0
15.50	958327	4	0	0	0	0	0	0	0	0	0
15.60	943832	4	0	0	0	0	0	0	0	0	0
15.70	929365	4	0	0	0	0	0	0	0	0	0
15.80	914926	4	0	0	0	0	0	0	0	0	0
15.90	900514	4	0	0	0	0	0	0	0	0	0
16.00	886132	4	0	0	0	0	0	0	0	0	0
16.10	871778	4	0	0	0	0	0	0	0	0	0
16.20	857453	4	0	0	0	0	0	0	0	0	0
16.30	843158	4	0	0	0	0	0	0	0	0	0
16.40	828893	4	0	0	0	0	0	0	0	0	0
16.50	814658	4	0	0	0	0	0	0	0	0	0
16.60	800454	4	0	0	0	0	0	0	0	0	0
16.70	786281	4	0	0	0	0	0	0	0	0	0
16.80	772140	4	0	0	0	0	0	0	0	0	0
16.90	758031	4	0	0	0	0	0	0	0	0	0
17.00	743954	4	0	0	0	0	0	0	0	0	0
17.10	729910	4	0	0	0	0	0	0	0	0	0
17.20	715899	4	0	0	0	0	0	0	0	0	0
17.30	701923	4	0	0	0	0	0	0	0	0	0
17.40	687980	4	0	0	0	0	0	0	0	0	0
17.50	674073	4	0	0	0	0	0	0	0	0	0
17.60	660201	4	0	0	0	0	0	0	0	0	0
17.70	646365	4	0	0	0	0	0	0	0	0	0
17.80	632566	4	0	0	0	0	0	0	0	0	0
17.90	618803	4	0	0	0	0	0	0	0	0	0
18.00	605079	4	0	0	0	0	0	0	0	0	0
18.10	591393	4	0	0	0	0	0	0	0	0	0
18.20	577746	4	0	0	0	0	0	0	0	0	0
18.30	564139	4	0	0	0	0	0	0	0	0	0
18.40	550573	4	0	0	0	0	0	0	0	0	0
18.50	537048	4	0	0	0	0	0	0	0	0	0
18.60	523564	4	0	0	0	0	0	0	0	0	0
18.70	510124	4	0	0	0	0	0	0	0	0	0
18.80	496728	4	0	0	0	0	0	0	0	0	0
18.90	483376	4	0	0	0	0	0	0	0	0	0
19.00	470069	4	0	0	0	0	0	0	0	0	0
19.10	456809	4	0	0	0	0	0	0	0	0	0
19.20	443597	4	0	0	0	0	0	0	0	0	0
19.30	430433	4	0	0	0	0	0	0	0	0	0
19.40	417319	4	0	0	0	0	0	0	0	0	0
19.50	404255	4	0	0	0	0	0	0	0	0	0
19.60	391244	4	0	0	0	0	0	0	0	0	0
19.70	378286	4	0	0	0	0	0	0	0	0	0
19.80	365383	4	0	0	0	0	0	0	0	0	0
19.90	352536	4	0	0	0	0	0	0	0	0	0
20.00	339747	4	0	0	0	0	0	0	0	0	0
20.10	327017	4	0	0	0	0	0	0	0	0	0
20.20	314348	4	0	0	0	0	0	0	0	0	0
20.30	301742	4	0	0	0	0	0	0	0	0	0
20.40	289201	4	0	0	0	0	0	0	0	0	0
20.50	276727	4	0	0	0	0	0	0	0	0	0
20.60	264322	4	0	0	0	0	0	0	0	0	0
20.70	251989	4	0	0	0	0	0	0	0	0	0
20.80	239731	4	0	0	0	0	0	0	0	0	0
20.90	227549	4	0	0	0	0	0	0	0	0	0
21.00	215448	4	0	0	0	0	0	0	0	0	0
21.10	203430	4	0	0	0	0	0	0	0	0	0
21.20	191500	4	0	0	0	0	0	0	0	0	0
21.30	179661	4	0	0	0	0	0	0	0	0	0
21.40	167918	4	0	0	0	0	0	0	0	0	0
21.50	156276	4	0	0	0	0	0	0	0	0	0
21.60	144741	4	0	0	0	0	0	0	0	0	0
21.70	133318	4	0	0	0	0	0	0	0	0	0
21.80	122015	4	0	0	0	0	0	0	0	0	0
21.90	110841	4	0	0	0	0	0	0	0	0	0
22.00	99804	4	0	0	0	0	0	0	0	0	0
22.10	88917	4	0	0	0	0	0	0	0	0	0
22.20	78193	4	0	0	0	0	0	0	0	0	0
22.30	67649	4	0	0	0	0	0	0	0	0	0
22.40	57304	4	0	0	0	0	0	0	0	0	0
22.50	47187	4	0	0	0	0	0	0	0	0	0
22.60	37334	4	0	0	0	0	0	0	0	0	0
22.70	27795	4	0	0	0	0	0	0	0	0	0
22.80	18650	4	0	0	0	0	0	0	0	0	0
22.90	10046	4	0	0	0	0	0	0	0	0	0
23.00	2354	4	0	0	0	0	0	0	0	0	0
23.04	0	4	0	0	0	0	0	0	0	0	0