-999	"MyLake init"
Z (m)	Az (m2)	Tz (deg C)	Cz	Sz (kg/m3)	TPz (mg/m3)	DOPz (mg/m3)	Chlaz (mg/m3)	DOCz (mg/m3)	TPz_sed (mg/m3)	Chlaz_sed (mg/m3)	"Fvol_IM (m3/m3	 dry w.)"	Hice (m)	Hsnow (m)
0.00	3295074	4	0	0	0	0	0	0	0	0	0	0	0
0.10	3279177	4	0	0	0	0	0	0	0	0	0
0.20	3263285	4	0	0	0	0	0	0	0	0	0
0.30	3247397	4	0	0	0	0	0	0	0	0	0
0.40	3231514	4	0	0	0	0	0	0	0	0	0
0.50	3215636	4	0	0	0	0	0	0	0	0	0
0.60	3199762	4	0	0	0	0	0	0	0	0	0
0.70	3183893	4	0	0	0	0	0	0	0	0	0
0.80	3168029	4	0	0	0	0	0	0	0	0	0
0.90	3152169	4	0	0	0	0	0	0	0	0	0
1.00	3136315	4	0	0	0	0	0	0	0	0	0
1.10	3120465	4	0	0	0	0	0	0	0	0	0
1.20	3104619	4	0	0	0	0	0	0	0	0	0
1.30	3088779	4	0	0	0	0	0	0	0	0	0
1.40	3072943	4	0	0	0	0	0	0	0	0	0
1.50	3057113	4	0	0	0	0	0	0	0	0	0
1.60	3041287	4	0	0	0	0	0	0	0	0	0
1.70	3025466	4	0	0	0	0	0	0	0	0	0
1.80	3009650	4	0	0	0	0	0	0	0	0	0
1.90	2993839	4	0	0	0	0	0	0	0	0	0
2.00	2978033	4	0	0	0	0	0	0	0	0	0
2.10	2962232	4	0	0	0	0	0	0	0	0	0
2.20	2946436	4	0	0	0	0	0	0	0	0	0
2.30	2930645	4	0	0	0	0	0	0	0	0	0
2.40	2914859	4	0	0	0	0	0	0	0	0	0
2.50	2899078	4	0	0	0	0	0	0	0	0	0
2.60	2883303	4	0	0	0	0	0	0	0	0	0
2.70	2867532	4	0	0	0	0	0	0	0	0	0
2.80	2851767	4	0	0	0	0	0	0	0	0	0
2.90	2836006	4	0	0	0	0	0	0	0	0	0
3.00	2820251	4	0	0	0	0	0	0	0	0	0
3.10	2804502	4	0	0	0	0	0	0	0	0	0
3.20	2788757	4	0	0	0	0	0	0	0	0	0
3.30	2773018	4	0	0	0	0	0	0	0	0	0
3.40	2757284	4	0	0	0	0	0	0	0	0	0
3.50	2741556	4	0	0	0	0	0	0	0	0	0
3.60	2725833	4	0	0	0	0	0	0	0	0	0
3.70	2710115	4	0	0	0	0	0	0	0	0	0
3.80	2694403	4	0	0	0	0	0	0	0	0	0
3.90	2678696	4	0	0	0	0	0	0	0	0	0
4.00	2662995	4	0	0	0	0	0	0	0	0	0
4.10	2647299	4	0	0	0	0	0	0	0	0	0
4.20	2631608	4	0	0	0	0	0	0	0	0	0
4.30	2615924	4	0	0	0	0	0	0	0	0	0
4.40	2600245	4	0	0	0	0	0	0	0	0	0
4.50	2584571	4	0	0	0	0	0	0	0	0	0
4.60	2568903	4	0	0	0	0	0	0	0	0	0
4.70	2553241	4	0	0	0	0	0	0	0	0	0
4.80	2537585	4	0	0	0	0	0	0	0	0	0
4.90	2521934	4	0	0	0	0	0	0	0	0	0
5.00	2506289	4	0	0	0	0	0	0	0	0	0
5.10	2490650	4	0	0	0	0	0	0	0	0	0
5.20	2475017	4	0	0	0	0	0	0	0	0	0
5.30	2459390	4	0	0	0	0	0	0	0	0	0
5.40	2443769	4	0	0	0	0	0	0	0	0	0
5.50	2428153	4	0	0	0	0	0	0	0	0	0
5.60	2412544	4	0	0	0	0	0	0	0	0	0
5.70	2396940	4	0	0	0	0	0	0	0	0	0
5.80	2381343	4	0	0	0	0	0	0	0	0	0
5.90	2365752	4	0	0	0	0	0	0	0	0	0
6.00	2350167	4	0	0	0	0	0	0	0	0	0
6.10	2334588	4	0	0	0	0	0	0	0	0	0
6.20	2319015	4	0	0	0	0	0	0	0	0	0
6.30	2303448	4	0	0	0	0	0	0	0	0	0
6.40	2287888	4	0	0	0	0	0	0	0	0	0
6.50	2272334	4	0	0	0	0	0	0	0	0	0
6.60	2256786	4	0	0	0	0	0	0	0	0	0
6.70	2241245	4	0	0	0	0	0	0	0	0	0
6.80	2225710	4	0	0	0	0	0	0	0	0	0
6.90	2210182	4	0	0	0	0	0	0	0	0	0
7.00	2194660	4	0	0	0	0	0	0	0	0	0
7.10	2179145	4	0	0	0	0	0	0	0	0	0
7.20	2163636	4	0	0	0	0	0	0	0	0	0
7.30	2148134	4	0	0	0	0	0	0	0	0	0
7.40	2132638	4	0	0	0	0	0	0	0	0	0
7.50	2117149	4	0	0	0	0	0	0	0	0	0
7.60	2101667	4	0	0	0	0	0	0	0	0	0
7.70	2086192	4	0	0	0	0	0	0	0	0	0
7.80	2070724	4	0	0	0	0	0	0	0	0	0
7.90	2055262	4	0	0	0	0	0	0	0	0	0
8.00	2039808	4	0	0	0	0	0	0	0	0	0
8.10	2024360	4	0	0	0	0	0	0	0	0	0
8.20	2008919	4	0	0	0	0	0	0	0	0	0
8.30	1993486	4	0	0	0	0	0	0	0	0	0
8.40	1978060	4	0	0	0	0	0	0	0	0	0
8.50	1962640	4	0	0	0	0	0	0	0	0	0
8.60	1947228	4	0	0	0	0	0	0	0	0	0
8.70	1931824	4	0	0	0	0	0	0	0	0	0
8.80	1916426	4	0	0	0	0	0	0	0	0	0
8.90	1901036	4	0	0	0	0	0	0	0	0	0
9.00	1885654	4	0	0	0	0	0	0	0	0	0
9.10	1870278	4	0	0	0	0	0	0	0	0	0
9.20	1854911	4	0	0	0	0	0	0	0	0	0
9.30	1839551	4	0	0	0	0	0	0	0	0	0
9.40	1824198	4	0	0	0	0	0	0	0	0	0
9.50	1808854	4	0	0	0	0	0	0	0	0	0
9.60	1793517	4	0	0	0	0	0	0	0	0	0
9.70	1778188	4	0	0	0	0	0	0	0	0	0
9.80	1762866	4	0	0	0	0	0	0	0	0	0
9.90	1747553	4	0	0	0	0	0	0	0	0	0
10.00	1732248	4	0	0	0	0	0	0	0	0	0
10.10	1716950	4	0	0	0	0	0	0	0	0	0
10.20	1701661	4	0	0	0	0	0	0	0	0	0
10.30	1686380	4	0	0	0	0	0	0	0	0	0
10.40	1671108	4	0	0	0	0	0	0	0	0	0
10.50	1655843	4	0	0	0	0	0	0	0	0	0
10.60	1640587	4	0	0	0	0	0	0	0	0	0
10.70	1625340	4	0	0	0	0	0	0	0	0	0
10.80	1610101	4	0	0	0	0	0	0	0	0	0
10.90	1594870	4	0	0	0	0	0	0	0	0	0
11.00	1579648	4	0	0	0	0	0	0	0	0	0
11.10	1564435	4	0	0	0	0	0	0	0	0	0
11.20	1549231	4	0	0	0	0	0	0	0	0	0
11.30	1534036	4	0	0	0	0	0	0	0	0	0
11.40	1518849	4	0	0	0	0	0	0	0	0	0
11.50	1503672	4	0	0	0	0	0	0	0	0	0
11.60	1488504	4	0	0	0	0	0	0	0	0	0
11.70	1473345	4	0	0	0	0	0	0	0	0	0
11.80	1458195	4	0	0	0	0	0	0	0	0	0
11.90	1443055	4	0	0	0	0	0	0	0	0	0
12.00	1427924	4	0	0	0	0	0	0	0	0	0
12.10	1412802	4	0	0	0	0	0	0	0	0	0
12.20	1397691	4	0	0	0	0	0	0	0	0	0
12.30	1382589	4	0	0	0	0	0	0	0	0	0
12.40	1367497	4	0	0	0	0	0	0	0	0	0
12.50	1352414	4	0	0	0	0	0	0	0	0	0
12.60	1337342	4	0	0	0	0	0	0	0	0	0
12.70	1322280	4	0	0	0	0	0	0	0	0	0
12.80	1307228	4	0	0	0	0	0	0	0	0	0
12.90	1292187	4	0	0	0	0	0	0	0	0	0
13.00	1277156	4	0	0	0	0	0	0	0	0	0
13.10	1262135	4	0	0	0	0	0	0	0	0	0
13.20	1247125	4	0	0	0	0	0	0	0	0	0
13.30	1232126	4	0	0	0	0	0	0	0	0	0
13.40	1217138	4	0	0	0	0	0	0	0	0	0
13.50	1202161	4	0	0	0	0	0	0	0	0	0
13.60	1187194	4	0	0	0	0	0	0	0	0	0
13.70	1172239	4	0	0	0	0	0	0	0	0	0
13.80	1157296	4	0	0	0	0	0	0	0	0	0
13.90	1142364	4	0	0	0	0	0	0	0	0	0
14.00	1127443	4	0	0	0	0	0	0	0	0	0
14.10	1112535	4	0	0	0	0	0	0	0	0	0
14.20	1097638	4	0	0	0	0	0	0	0	0	0
14.30	1082753	4	0	0	0	0	0	0	0	0	0
14.40	1067881	4	0	0	0	0	0	0	0	0	0
14.50	1053020	4	0	0	0	0	0	0	0	0	0
14.60	1038173	4	0	0	0	0	0	0	0	0	0
14.70	1023337	4	0	0	0	0	0	0	0	0	0
14.80	1008515	4	0	0	0	0	0	0	0	0	0
14.90	993706	4	0	0	0	0	0	0	0	0	0
15.00	978910	4	0	0	0	0	0	0	0	0	0
15.10	964127	4	0	0	0	0	0	0	0	0	0
15.20	949357	4	0	0	0	0	0	0	0	0	0
15.30	934602	4	0	0	0	0	0	0	0	0	0
15.40	919860	4	0	0	0	0	0	0	0	0	0
15.50	905132	4	0	0	0	0	0	0	0	0	0
15.60	890419	4	0	0	0	0	0	0	0	0	0
15.70	875720	4	0	0	0	0	0	0	0	0	0
15.80	861036	4	0	0	0	0	0	0	0	0	0
15.90	846366	4	0	0	0	0	0	0	0	0	0
16.00	831712	4	0	0	0	0	0	0	0	0	0
16.10	817073	4	0	0	0	0	0	0	0	0	0
16.20	802450	4	0	0	0	0	0	0	0	0	0
16.30	787842	4	0	0	0	0	0	0	0	0	0
16.40	773251	4	0	0	0	0	0	0	0	0	0
16.50	758676	4	0	0	0	0	0	0	0	0	0
16.60	744118	4	0	0	0	0	0	0	0	0	0
16.70	729577	4	0	0	0	0	0	0	0	0	0
16.80	715053	4	0	0	0	0	0	0	0	0	0
16.90	700547	4	0	0	0	0	0	0	0	0	0
17.00	686058	4	0	0	0	0	0	0	0	0	0
17.10	671588	4	0	0	0	0	0	0	0	0	0
17.20	657136	4	0	0	0	0	0	0	0	0	0
17.30	642703	4	0	0	0	0	0	0	0	0	0
17.40	628290	4	0	0	0	0	0	0	0	0	0
17.50	613896	4	0	0	0	0	0	0	0	0	0
17.60	599522	4	0	0	0	0	0	0	0	0	0
17.70	585169	4	0	0	0	0	0	0	0	0	0
17.80	570836	4	0	0	0	0	0	0	0	0	0
17.90	556525	4	0	0	0	0	0	0	0	0	0
18.00	542237	4	0	0	0	0	0	0	0	0	0
18.10	527970	4	0	0	0	0	0	0	0	0	0
18.20	513726	4	0	0	0	0	0	0	0	0	0
18.30	499506	4	0	0	0	0	0	0	0	0	0
18.40	485310	4	0	0	0	0	0	0	0	0	0
18.50	471139	4	0	0	0	0	0	0	0	0	0
18.60	456993	4	0	0	0	0	0	0	0	0	0
18.70	442873	4	0	0	0	0	0	0	0	0	0
18.80	428780	4	0	0	0	0	0	0	0	0	0
18.90	414714	4	0	0	0	0	0	0	0	0	0
19.00	400677	4	0	0	0	0	0	0	0	0	0
19.10	386669	4	0	0	0	0	0	0	0	0	0
19.20	372692	4	0	0	0	0	0	0	0	0	0
19.30	358745	4	0	0	0	0	0	0	0	0	0
19.40	344831	4	0	0	0	0	0	0	0	0	0
19.50	330950	4	0	0	0	0	0	0	0	0	0
19.60	317104	4	0	0	0	0	0	0	0	0	0
19.70	303293	4	0	0	0	0	0	0	0	0	0
19.80	289520	4	0	0	0	0	0	0	0	0	0
19.90	275786	4	0	0	0	0	0	0	0	0	0
20.00	262093	4	0	0	0	0	0	0	0	0	0
20.10	248442	4	0	0	0	0	0	0	0	0	0
20.20	234836	4	0	0	0	0	0	0	0	0	0
20.30	221277	4	0	0	0	0	0	0	0	0	0
20.40	207767	4	0	0	0	0	0	0	0	0	0
20.50	194309	4	0	0	0	0	0	0	0	0	0
20.60	180906	4	0	0	0	0	0	0	0	0	0
20.70	167563	4	0	0	0	0	0	0	0	0	0
20.80	154283	4	0	0	0	0	0	0	0	0	0
20.90	141070	4	0	0	0	0	0	0	0	0	0
21.00	127931	4	0	0	0	0	0	0	0	0	0
21.10	114872	4	0	0	0	0	0	0	0	0	0
21.20	101901	4	0	0	0	0	0	0	0	0	0
21.30	89028	4	0	0	0	0	0	0	0	0	0
21.40	76265	4	0	0	0	0	0	0	0	0	0
21.50	63629	4	0	0	0	0	0	0	0	0	0
21.60	51142	4	0	0	0	0	0	0	0	0	0
21.70	38835	4	0	0	0	0	0	0	0	0	0
21.80	26760	4	0	0	0	0	0	0	0	0	0
21.90	15012	4	0	0	0	0	0	0	0	0	0
22.00	3844	4	0	0	0	0	0	0	0	0	0
22.04	0	4	0	0	0	0	0	0	0	0	0