-999	"MyLake init"
Z (m)	Az (m2)	Tz (deg C)	Cz	Sz (kg/m3)	TPz (mg/m3)	DOPz (mg/m3)	Chlaz (mg/m3)	DOCz (mg/m3)	TPz_sed (mg/m3)	Chlaz_sed (mg/m3)	"Fvol_IM (m3/m3	 dry w.)"	Hice (m)	Hsnow (m)
0.00	1386234	4	0	0	0	0	0	0	0	0	0	0	0
0.10	1378429	4	0	0	0	0	0	0	0	0	0
0.20	1370625	4	0	0	0	0	0	0	0	0	0
0.30	1362822	4	0	0	0	0	0	0	0	0	0
0.40	1355020	4	0	0	0	0	0	0	0	0	0
0.50	1347218	4	0	0	0	0	0	0	0	0	0
0.60	1339418	4	0	0	0	0	0	0	0	0	0
0.70	1331620	4	0	0	0	0	0	0	0	0	0
0.80	1323822	4	0	0	0	0	0	0	0	0	0
0.90	1316025	4	0	0	0	0	0	0	0	0	0
1.00	1308229	4	0	0	0	0	0	0	0	0	0
1.10	1300435	4	0	0	0	0	0	0	0	0	0
1.20	1292641	4	0	0	0	0	0	0	0	0	0
1.30	1284849	4	0	0	0	0	0	0	0	0	0
1.40	1277058	4	0	0	0	0	0	0	0	0	0
1.50	1269268	4	0	0	0	0	0	0	0	0	0
1.60	1261479	4	0	0	0	0	0	0	0	0	0
1.70	1253691	4	0	0	0	0	0	0	0	0	0
1.80	1245904	4	0	0	0	0	0	0	0	0	0
1.90	1238118	4	0	0	0	0	0	0	0	0	0
2.00	1230334	4	0	0	0	0	0	0	0	0	0
2.10	1222551	4	0	0	0	0	0	0	0	0	0
2.20	1214769	4	0	0	0	0	0	0	0	0	0
2.30	1206988	4	0	0	0	0	0	0	0	0	0
2.40	1199208	4	0	0	0	0	0	0	0	0	0
2.50	1191430	4	0	0	0	0	0	0	0	0	0
2.60	1183653	4	0	0	0	0	0	0	0	0	0
2.70	1175876	4	0	0	0	0	0	0	0	0	0
2.80	1168102	4	0	0	0	0	0	0	0	0	0
2.90	1160328	4	0	0	0	0	0	0	0	0	0
3.00	1152556	4	0	0	0	0	0	0	0	0	0
3.10	1144784	4	0	0	0	0	0	0	0	0	0
3.20	1137015	4	0	0	0	0	0	0	0	0	0
3.30	1129246	4	0	0	0	0	0	0	0	0	0
3.40	1121479	4	0	0	0	0	0	0	0	0	0
3.50	1113712	4	0	0	0	0	0	0	0	0	0
3.60	1105948	4	0	0	0	0	0	0	0	0	0
3.70	1098184	4	0	0	0	0	0	0	0	0	0
3.80	1090422	4	0	0	0	0	0	0	0	0	0
3.90	1082661	4	0	0	0	0	0	0	0	0	0
4.00	1074901	4	0	0	0	0	0	0	0	0	0
4.10	1067143	4	0	0	0	0	0	0	0	0	0
4.20	1059386	4	0	0	0	0	0	0	0	0	0
4.30	1051631	4	0	0	0	0	0	0	0	0	0
4.40	1043876	4	0	0	0	0	0	0	0	0	0
4.50	1036123	4	0	0	0	0	0	0	0	0	0
4.60	1028372	4	0	0	0	0	0	0	0	0	0
4.70	1020622	4	0	0	0	0	0	0	0	0	0
4.80	1012873	4	0	0	0	0	0	0	0	0	0
4.90	1005126	4	0	0	0	0	0	0	0	0	0
5.00	997380	4	0	0	0	0	0	0	0	0	0
5.10	989635	4	0	0	0	0	0	0	0	0	0
5.20	981892	4	0	0	0	0	0	0	0	0	0
5.30	974151	4	0	0	0	0	0	0	0	0	0
5.40	966410	4	0	0	0	0	0	0	0	0	0
5.50	958672	4	0	0	0	0	0	0	0	0	0
5.60	950935	4	0	0	0	0	0	0	0	0	0
5.70	943199	4	0	0	0	0	0	0	0	0	0
5.80	935465	4	0	0	0	0	0	0	0	0	0
5.90	927732	4	0	0	0	0	0	0	0	0	0
6.00	920001	4	0	0	0	0	0	0	0	0	0
6.10	912271	4	0	0	0	0	0	0	0	0	0
6.20	904543	4	0	0	0	0	0	0	0	0	0
6.30	896817	4	0	0	0	0	0	0	0	0	0
6.40	889092	4	0	0	0	0	0	0	0	0	0
6.50	881368	4	0	0	0	0	0	0	0	0	0
6.60	873646	4	0	0	0	0	0	0	0	0	0
6.70	865926	4	0	0	0	0	0	0	0	0	0
6.80	858208	4	0	0	0	0	0	0	0	0	0
6.90	850491	4	0	0	0	0	0	0	0	0	0
7.00	842776	4	0	0	0	0	0	0	0	0	0
7.10	835062	4	0	0	0	0	0	0	0	0	0
7.20	827350	4	0	0	0	0	0	0	0	0	0
7.30	819640	4	0	0	0	0	0	0	0	0	0
7.40	811932	4	0	0	0	0	0	0	0	0	0
7.50	804225	4	0	0	0	0	0	0	0	0	0
7.60	796520	4	0	0	0	0	0	0	0	0	0
7.70	788817	4	0	0	0	0	0	0	0	0	0
7.80	781116	4	0	0	0	0	0	0	0	0	0
7.90	773416	4	0	0	0	0	0	0	0	0	0
8.00	765718	4	0	0	0	0	0	0	0	0	0
8.10	758022	4	0	0	0	0	0	0	0	0	0
8.20	750328	4	0	0	0	0	0	0	0	0	0
8.30	742636	4	0	0	0	0	0	0	0	0	0
8.40	734945	4	0	0	0	0	0	0	0	0	0
8.50	727257	4	0	0	0	0	0	0	0	0	0
8.60	719570	4	0	0	0	0	0	0	0	0	0
8.70	711886	4	0	0	0	0	0	0	0	0	0
8.80	704203	4	0	0	0	0	0	0	0	0	0
8.90	696523	4	0	0	0	0	0	0	0	0	0
9.00	688844	4	0	0	0	0	0	0	0	0	0
9.10	681167	4	0	0	0	0	0	0	0	0	0
9.20	673493	4	0	0	0	0	0	0	0	0	0
9.30	665820	4	0	0	0	0	0	0	0	0	0
9.40	658150	4	0	0	0	0	0	0	0	0	0
9.50	650482	4	0	0	0	0	0	0	0	0	0
9.60	642816	4	0	0	0	0	0	0	0	0	0
9.70	635152	4	0	0	0	0	0	0	0	0	0
9.80	627490	4	0	0	0	0	0	0	0	0	0
9.90	619830	4	0	0	0	0	0	0	0	0	0
10.00	612173	4	0	0	0	0	0	0	0	0	0
10.10	604518	4	0	0	0	0	0	0	0	0	0
10.20	596865	4	0	0	0	0	0	0	0	0	0
10.30	589215	4	0	0	0	0	0	0	0	0	0
10.40	581567	4	0	0	0	0	0	0	0	0	0
10.50	573921	4	0	0	0	0	0	0	0	0	0
10.60	566278	4	0	0	0	0	0	0	0	0	0
10.70	558637	4	0	0	0	0	0	0	0	0	0
10.80	550998	4	0	0	0	0	0	0	0	0	0
10.90	543362	4	0	0	0	0	0	0	0	0	0
11.00	535729	4	0	0	0	0	0	0	0	0	0
11.10	528098	4	0	0	0	0	0	0	0	0	0
11.20	520470	4	0	0	0	0	0	0	0	0	0
11.30	512845	4	0	0	0	0	0	0	0	0	0
11.40	505222	4	0	0	0	0	0	0	0	0	0
11.50	497602	4	0	0	0	0	0	0	0	0	0
11.60	489984	4	0	0	0	0	0	0	0	0	0
11.70	482370	4	0	0	0	0	0	0	0	0	0
11.80	474758	4	0	0	0	0	0	0	0	0	0
11.90	467149	4	0	0	0	0	0	0	0	0	0
12.00	459544	4	0	0	0	0	0	0	0	0	0
12.10	451941	4	0	0	0	0	0	0	0	0	0
12.20	444341	4	0	0	0	0	0	0	0	0	0
12.30	436744	4	0	0	0	0	0	0	0	0	0
12.40	429150	4	0	0	0	0	0	0	0	0	0
12.50	421560	4	0	0	0	0	0	0	0	0	0
12.60	413973	4	0	0	0	0	0	0	0	0	0
12.70	406389	4	0	0	0	0	0	0	0	0	0
12.80	398808	4	0	0	0	0	0	0	0	0	0
12.90	391231	4	0	0	0	0	0	0	0	0	0
13.00	383657	4	0	0	0	0	0	0	0	0	0
13.10	376087	4	0	0	0	0	0	0	0	0	0
13.20	368520	4	0	0	0	0	0	0	0	0	0
13.30	360958	4	0	0	0	0	0	0	0	0	0
13.40	353398	4	0	0	0	0	0	0	0	0	0
13.50	345843	4	0	0	0	0	0	0	0	0	0
13.60	338292	4	0	0	0	0	0	0	0	0	0
13.70	330744	4	0	0	0	0	0	0	0	0	0
13.80	323201	4	0	0	0	0	0	0	0	0	0
13.90	315662	4	0	0	0	0	0	0	0	0	0
14.00	308127	4	0	0	0	0	0	0	0	0	0
14.10	300596	4	0	0	0	0	0	0	0	0	0
14.20	293070	4	0	0	0	0	0	0	0	0	0
14.30	285549	4	0	0	0	0	0	0	0	0	0
14.40	278032	4	0	0	0	0	0	0	0	0	0
14.50	270520	4	0	0	0	0	0	0	0	0	0
14.60	263013	4	0	0	0	0	0	0	0	0	0
14.70	255511	4	0	0	0	0	0	0	0	0	0
14.80	248014	4	0	0	0	0	0	0	0	0	0
14.90	240523	4	0	0	0	0	0	0	0	0	0
15.00	233037	4	0	0	0	0	0	0	0	0	0
15.10	225557	4	0	0	0	0	0	0	0	0	0
15.20	218082	4	0	0	0	0	0	0	0	0	0
15.30	210614	4	0	0	0	0	0	0	0	0	0
15.40	203152	4	0	0	0	0	0	0	0	0	0
15.50	195696	4	0	0	0	0	0	0	0	0	0
15.60	188248	4	0	0	0	0	0	0	0	0	0
15.70	180806	4	0	0	0	0	0	0	0	0	0
15.80	173371	4	0	0	0	0	0	0	0	0	0
15.90	165944	4	0	0	0	0	0	0	0	0	0
16.00	158525	4	0	0	0	0	0	0	0	0	0
16.10	151114	4	0	0	0	0	0	0	0	0	0
16.20	143712	4	0	0	0	0	0	0	0	0	0
16.30	136318	4	0	0	0	0	0	0	0	0	0
16.40	128934	4	0	0	0	0	0	0	0	0	0
16.50	121561	4	0	0	0	0	0	0	0	0	0
16.60	114197	4	0	0	0	0	0	0	0	0	0
16.70	106845	4	0	0	0	0	0	0	0	0	0
16.80	99505	4	0	0	0	0	0	0	0	0	0
16.90	92178	4	0	0	0	0	0	0	0	0	0
17.00	84864	4	0	0	0	0	0	0	0	0	0
17.10	77566	4	0	0	0	0	0	0	0	0	0
17.20	70284	4	0	0	0	0	0	0	0	0	0
17.30	63019	4	0	0	0	0	0	0	0	0	0
17.40	55774	4	0	0	0	0	0	0	0	0	0
17.50	48552	4	0	0	0	0	0	0	0	0	0
17.60	41355	4	0	0	0	0	0	0	0	0	0
17.70	34188	4	0	0	0	0	0	0	0	0	0
17.80	27056	4	0	0	0	0	0	0	0	0	0
17.90	19969	4	0	0	0	0	0	0	0	0	0
18.00	12943	4	0	0	0	0	0	0	0	0	0
18.10	6010	4	0	0	0	0	0	0	0	0	0
18.19	0	4	0	0	0	0	0	0	0	0	0