-999	"MyLake init"
Z (m)	Az (m2)	Tz (deg C)	Cz	Sz (kg/m3)	TPz (mg/m3)	DOPz (mg/m3)	Chlaz (mg/m3)	DOCz (mg/m3)	TPz_sed (mg/m3)	Chlaz_sed (mg/m3)	"Fvol_IM (m3/m3	 dry w.)"	Hice (m)	Hsnow (m)
0.00	13423908	4	0	0	0	0	0	0	0	0	0	0	0
0.10	13346498	4	0	0	0	0	0	0	0	0	0
0.20	13269419	4	0	0	0	0	0	0	0	0	0
0.30	13192669	4	0	0	0	0	0	0	0	0	0
0.40	13116247	4	0	0	0	0	0	0	0	0	0
0.50	13040153	4	0	0	0	0	0	0	0	0	0
0.60	12964385	4	0	0	0	0	0	0	0	0	0
0.70	12888943	4	0	0	0	0	0	0	0	0	0
0.80	12813826	4	0	0	0	0	0	0	0	0	0
0.90	12739032	4	0	0	0	0	0	0	0	0	0
1.00	12664561	4	0	0	0	0	0	0	0	0	0
1.10	12590413	4	0	0	0	0	0	0	0	0	0
1.20	12516585	4	0	0	0	0	0	0	0	0	0
1.30	12443078	4	0	0	0	0	0	0	0	0	0
1.40	12369889	4	0	0	0	0	0	0	0	0	0
1.50	12297020	4	0	0	0	0	0	0	0	0	0
1.60	12224467	4	0	0	0	0	0	0	0	0	0
1.70	12152232	4	0	0	0	0	0	0	0	0	0
1.80	12080312	4	0	0	0	0	0	0	0	0	0
1.90	12008707	4	0	0	0	0	0	0	0	0	0
2.00	11937416	4	0	0	0	0	0	0	0	0	0
2.10	11866438	4	0	0	0	0	0	0	0	0	0
2.20	11795772	4	0	0	0	0	0	0	0	0	0
2.30	11725417	4	0	0	0	0	0	0	0	0	0
2.40	11655372	4	0	0	0	0	0	0	0	0	0
2.50	11585638	4	0	0	0	0	0	0	0	0	0
2.60	11516211	4	0	0	0	0	0	0	0	0	0
2.70	11447093	4	0	0	0	0	0	0	0	0	0
2.80	11378281	4	0	0	0	0	0	0	0	0	0
2.90	11309775	4	0	0	0	0	0	0	0	0	0
3.00	11241575	4	0	0	0	0	0	0	0	0	0
3.10	11173678	4	0	0	0	0	0	0	0	0	0
3.20	11106085	4	0	0	0	0	0	0	0	0	0
3.30	11038795	4	0	0	0	0	0	0	0	0	0
3.40	10971806	4	0	0	0	0	0	0	0	0	0
3.50	10905117	4	0	0	0	0	0	0	0	0	0
3.60	10838729	4	0	0	0	0	0	0	0	0	0
3.70	10772639	4	0	0	0	0	0	0	0	0	0
3.80	10706847	4	0	0	0	0	0	0	0	0	0
3.90	10641353	4	0	0	0	0	0	0	0	0	0
4.00	10576155	4	0	0	0	0	0	0	0	0	0
4.10	10511252	4	0	0	0	0	0	0	0	0	0
4.20	10446645	4	0	0	0	0	0	0	0	0	0
4.30	10382330	4	0	0	0	0	0	0	0	0	0
4.40	10318309	4	0	0	0	0	0	0	0	0	0
4.50	10254580	4	0	0	0	0	0	0	0	0	0
4.60	10191142	4	0	0	0	0	0	0	0	0	0
4.70	10127994	4	0	0	0	0	0	0	0	0	0
4.80	10065135	4	0	0	0	0	0	0	0	0	0
4.90	10002566	4	0	0	0	0	0	0	0	0	0
5.00	9940283	4	0	0	0	0	0	0	0	0	0
5.10	9878288	4	0	0	0	0	0	0	0	0	0
5.20	9816579	4	0	0	0	0	0	0	0	0	0
5.30	9755155	4	0	0	0	0	0	0	0	0	0
5.40	9694015	4	0	0	0	0	0	0	0	0	0
5.50	9633159	4	0	0	0	0	0	0	0	0	0
5.60	9572585	4	0	0	0	0	0	0	0	0	0
5.70	9512293	4	0	0	0	0	0	0	0	0	0
5.80	9452282	4	0	0	0	0	0	0	0	0	0
5.90	9392551	4	0	0	0	0	0	0	0	0	0
6.00	9333099	4	0	0	0	0	0	0	0	0	0
6.10	9273926	4	0	0	0	0	0	0	0	0	0
6.20	9215030	4	0	0	0	0	0	0	0	0	0
6.30	9156411	4	0	0	0	0	0	0	0	0	0
6.40	9098067	4	0	0	0	0	0	0	0	0	0
6.50	9039999	4	0	0	0	0	0	0	0	0	0
6.60	8982204	4	0	0	0	0	0	0	0	0	0
6.70	8924684	4	0	0	0	0	0	0	0	0	0
6.80	8867435	4	0	0	0	0	0	0	0	0	0
6.90	8810458	4	0	0	0	0	0	0	0	0	0
7.00	8753752	4	0	0	0	0	0	0	0	0	0
7.10	8697316	4	0	0	0	0	0	0	0	0	0
7.20	8641150	4	0	0	0	0	0	0	0	0	0
7.30	8585251	4	0	0	0	0	0	0	0	0	0
7.40	8529620	4	0	0	0	0	0	0	0	0	0
7.50	8474256	4	0	0	0	0	0	0	0	0	0
7.60	8419157	4	0	0	0	0	0	0	0	0	0
7.70	8364324	4	0	0	0	0	0	0	0	0	0
7.80	8309755	4	0	0	0	0	0	0	0	0	0
7.90	8255449	4	0	0	0	0	0	0	0	0	0
8.00	8201405	4	0	0	0	0	0	0	0	0	0
8.10	8147624	4	0	0	0	0	0	0	0	0	0
8.20	8094103	4	0	0	0	0	0	0	0	0	0
8.30	8040842	4	0	0	0	0	0	0	0	0	0
8.40	7987841	4	0	0	0	0	0	0	0	0	0
8.50	7935098	4	0	0	0	0	0	0	0	0	0
8.60	7882612	4	0	0	0	0	0	0	0	0	0
8.70	7830384	4	0	0	0	0	0	0	0	0	0
8.80	7778411	4	0	0	0	0	0	0	0	0	0
8.90	7726694	4	0	0	0	0	0	0	0	0	0
9.00	7675231	4	0	0	0	0	0	0	0	0	0
9.10	7624022	4	0	0	0	0	0	0	0	0	0
9.20	7573065	4	0	0	0	0	0	0	0	0	0
9.30	7522361	4	0	0	0	0	0	0	0	0	0
9.40	7471907	4	0	0	0	0	0	0	0	0	0
9.50	7421704	4	0	0	0	0	0	0	0	0	0
9.60	7371750	4	0	0	0	0	0	0	0	0	0
9.70	7322046	4	0	0	0	0	0	0	0	0	0
9.80	7272589	4	0	0	0	0	0	0	0	0	0
9.90	7223379	4	0	0	0	0	0	0	0	0	0
10.00	7174415	4	0	0	0	0	0	0	0	0	0
10.10	7125698	4	0	0	0	0	0	0	0	0	0
10.20	7077224	4	0	0	0	0	0	0	0	0	0
10.30	7028995	4	0	0	0	0	0	0	0	0	0
10.40	6981009	4	0	0	0	0	0	0	0	0	0
10.50	6933265	4	0	0	0	0	0	0	0	0	0
10.60	6885763	4	0	0	0	0	0	0	0	0	0
10.70	6838502	4	0	0	0	0	0	0	0	0	0
10.80	6791481	4	0	0	0	0	0	0	0	0	0
10.90	6744699	4	0	0	0	0	0	0	0	0	0
11.00	6698155	4	0	0	0	0	0	0	0	0	0
11.10	6651849	4	0	0	0	0	0	0	0	0	0
11.20	6605779	4	0	0	0	0	0	0	0	0	0
11.30	6559946	4	0	0	0	0	0	0	0	0	0
11.40	6514348	4	0	0	0	0	0	0	0	0	0
11.50	6468985	4	0	0	0	0	0	0	0	0	0
11.60	6423855	4	0	0	0	0	0	0	0	0	0
11.70	6378958	4	0	0	0	0	0	0	0	0	0
11.80	6334294	4	0	0	0	0	0	0	0	0	0
11.90	6289860	4	0	0	0	0	0	0	0	0	0
12.00	6245658	4	0	0	0	0	0	0	0	0	0
12.10	6201685	4	0	0	0	0	0	0	0	0	0
12.20	6157941	4	0	0	0	0	0	0	0	0	0
12.30	6114426	4	0	0	0	0	0	0	0	0	0
12.40	6071138	4	0	0	0	0	0	0	0	0	0
12.50	6028077	4	0	0	0	0	0	0	0	0	0
12.60	5985241	4	0	0	0	0	0	0	0	0	0
12.70	5942631	4	0	0	0	0	0	0	0	0	0
12.80	5900246	4	0	0	0	0	0	0	0	0	0
12.90	5858084	4	0	0	0	0	0	0	0	0	0
13.00	5816145	4	0	0	0	0	0	0	0	0	0
13.10	5774428	4	0	0	0	0	0	0	0	0	0
13.20	5732932	4	0	0	0	0	0	0	0	0	0
13.30	5691657	4	0	0	0	0	0	0	0	0	0
13.40	5650603	4	0	0	0	0	0	0	0	0	0
13.50	5609767	4	0	0	0	0	0	0	0	0	0
13.60	5569149	4	0	0	0	0	0	0	0	0	0
13.70	5528749	4	0	0	0	0	0	0	0	0	0
13.80	5488566	4	0	0	0	0	0	0	0	0	0
13.90	5448599	4	0	0	0	0	0	0	0	0	0
14.00	5408848	4	0	0	0	0	0	0	0	0	0
14.10	5369310	4	0	0	0	0	0	0	0	0	0
14.20	5329987	4	0	0	0	0	0	0	0	0	0
14.30	5290877	4	0	0	0	0	0	0	0	0	0
14.40	5251979	4	0	0	0	0	0	0	0	0	0
14.50	5213293	4	0	0	0	0	0	0	0	0	0
14.60	5174818	4	0	0	0	0	0	0	0	0	0
14.70	5136553	4	0	0	0	0	0	0	0	0	0
14.80	5098497	4	0	0	0	0	0	0	0	0	0
14.90	5060650	4	0	0	0	0	0	0	0	0	0
15.00	5023010	4	0	0	0	0	0	0	0	0	0
15.10	4985578	4	0	0	0	0	0	0	0	0	0
15.20	4948352	4	0	0	0	0	0	0	0	0	0
15.30	4911332	4	0	0	0	0	0	0	0	0	0
15.40	4874517	4	0	0	0	0	0	0	0	0	0
15.50	4837906	4	0	0	0	0	0	0	0	0	0
15.60	4801498	4	0	0	0	0	0	0	0	0	0
15.70	4765294	4	0	0	0	0	0	0	0	0	0
15.80	4729291	4	0	0	0	0	0	0	0	0	0
15.90	4693489	4	0	0	0	0	0	0	0	0	0
16.00	4657888	4	0	0	0	0	0	0	0	0	0
16.10	4622487	4	0	0	0	0	0	0	0	0	0
16.20	4587285	4	0	0	0	0	0	0	0	0	0
16.30	4552281	4	0	0	0	0	0	0	0	0	0
16.40	4517475	4	0	0	0	0	0	0	0	0	0
16.50	4482866	4	0	0	0	0	0	0	0	0	0
16.60	4448453	4	0	0	0	0	0	0	0	0	0
16.70	4414236	4	0	0	0	0	0	0	0	0	0
16.80	4380213	4	0	0	0	0	0	0	0	0	0
16.90	4346385	4	0	0	0	0	0	0	0	0	0
17.00	4312749	4	0	0	0	0	0	0	0	0	0
17.10	4279307	4	0	0	0	0	0	0	0	0	0
17.20	4246056	4	0	0	0	0	0	0	0	0	0
17.30	4212997	4	0	0	0	0	0	0	0	0	0
17.40	4180127	4	0	0	0	0	0	0	0	0	0
17.50	4147448	4	0	0	0	0	0	0	0	0	0
17.60	4114958	4	0	0	0	0	0	0	0	0	0
17.70	4082656	4	0	0	0	0	0	0	0	0	0
17.80	4050542	4	0	0	0	0	0	0	0	0	0
17.90	4018614	4	0	0	0	0	0	0	0	0	0
18.00	3986873	4	0	0	0	0	0	0	0	0	0
18.10	3955318	4	0	0	0	0	0	0	0	0	0
18.20	3923947	4	0	0	0	0	0	0	0	0	0
18.30	3892760	4	0	0	0	0	0	0	0	0	0
18.40	3861757	4	0	0	0	0	0	0	0	0	0
18.50	3830937	4	0	0	0	0	0	0	0	0	0
18.60	3800298	4	0	0	0	0	0	0	0	0	0
18.70	3769841	4	0	0	0	0	0	0	0	0	0
18.80	3739565	4	0	0	0	0	0	0	0	0	0
18.90	3709468	4	0	0	0	0	0	0	0	0	0
19.00	3679551	4	0	0	0	0	0	0	0	0	0
19.10	3649813	4	0	0	0	0	0	0	0	0	0
19.20	3620252	4	0	0	0	0	0	0	0	0	0
19.30	3590868	4	0	0	0	0	0	0	0	0	0
19.40	3561661	4	0	0	0	0	0	0	0	0	0
19.50	3532630	4	0	0	0	0	0	0	0	0	0
19.60	3503774	4	0	0	0	0	0	0	0	0	0
19.70	3475092	4	0	0	0	0	0	0	0	0	0
19.80	3446584	4	0	0	0	0	0	0	0	0	0
19.90	3418249	4	0	0	0	0	0	0	0	0	0
20.00	3390087	4	0	0	0	0	0	0	0	0	0
20.10	3362096	4	0	0	0	0	0	0	0	0	0
20.20	3334276	4	0	0	0	0	0	0	0	0	0
20.30	3306627	4	0	0	0	0	0	0	0	0	0
20.40	3279147	4	0	0	0	0	0	0	0	0	0
20.50	3251837	4	0	0	0	0	0	0	0	0	0
20.60	3224694	4	0	0	0	0	0	0	0	0	0
20.70	3197720	4	0	0	0	0	0	0	0	0	0
20.80	3170912	4	0	0	0	0	0	0	0	0	0
20.90	3144271	4	0	0	0	0	0	0	0	0	0
21.00	3117795	4	0	0	0	0	0	0	0	0	0
21.10	3091485	4	0	0	0	0	0	0	0	0	0
21.20	3065338	4	0	0	0	0	0	0	0	0	0
21.30	3039356	4	0	0	0	0	0	0	0	0	0
21.40	3013536	4	0	0	0	0	0	0	0	0	0
21.50	2987879	4	0	0	0	0	0	0	0	0	0
21.60	2962383	4	0	0	0	0	0	0	0	0	0
21.70	2937049	4	0	0	0	0	0	0	0	0	0
21.80	2911875	4	0	0	0	0	0	0	0	0	0
21.90	2886860	4	0	0	0	0	0	0	0	0	0
22.00	2862005	4	0	0	0	0	0	0	0	0	0
22.10	2837308	4	0	0	0	0	0	0	0	0	0
22.20	2812769	4	0	0	0	0	0	0	0	0	0
22.30	2788386	4	0	0	0	0	0	0	0	0	0
22.40	2764161	4	0	0	0	0	0	0	0	0	0
22.50	2740091	4	0	0	0	0	0	0	0	0	0
22.60	2716176	4	0	0	0	0	0	0	0	0	0
22.70	2692416	4	0	0	0	0	0	0	0	0	0
22.80	2668809	4	0	0	0	0	0	0	0	0	0
22.90	2645356	4	0	0	0	0	0	0	0	0	0
23.00	2622055	4	0	0	0	0	0	0	0	0	0
23.10	2598906	4	0	0	0	0	0	0	0	0	0
23.20	2575909	4	0	0	0	0	0	0	0	0	0
23.30	2553062	4	0	0	0	0	0	0	0	0	0
23.40	2530365	4	0	0	0	0	0	0	0	0	0
23.50	2507818	4	0	0	0	0	0	0	0	0	0
23.60	2485419	4	0	0	0	0	0	0	0	0	0
23.70	2463168	4	0	0	0	0	0	0	0	0	0
23.80	2441065	4	0	0	0	0	0	0	0	0	0
23.90	2419108	4	0	0	0	0	0	0	0	0	0
24.00	2397298	4	0	0	0	0	0	0	0	0	0
24.10	2375633	4	0	0	0	0	0	0	0	0	0
24.20	2354114	4	0	0	0	0	0	0	0	0	0
24.30	2332738	4	0	0	0	0	0	0	0	0	0
24.40	2311506	4	0	0	0	0	0	0	0	0	0
24.50	2290418	4	0	0	0	0	0	0	0	0	0
24.60	2269471	4	0	0	0	0	0	0	0	0	0
24.70	2248667	4	0	0	0	0	0	0	0	0	0
24.80	2228004	4	0	0	0	0	0	0	0	0	0
24.90	2207481	4	0	0	0	0	0	0	0	0	0
25.00	2187098	4	0	0	0	0	0	0	0	0	0
25.10	2166855	4	0	0	0	0	0	0	0	0	0
25.20	2146750	4	0	0	0	0	0	0	0	0	0
25.30	2126783	4	0	0	0	0	0	0	0	0	0
25.40	2106954	4	0	0	0	0	0	0	0	0	0
25.50	2087262	4	0	0	0	0	0	0	0	0	0
25.60	2067706	4	0	0	0	0	0	0	0	0	0
25.70	2048285	4	0	0	0	0	0	0	0	0	0
25.80	2029000	4	0	0	0	0	0	0	0	0	0
25.90	2009849	4	0	0	0	0	0	0	0	0	0
26.00	1990832	4	0	0	0	0	0	0	0	0	0
26.10	1971948	4	0	0	0	0	0	0	0	0	0
26.20	1953196	4	0	0	0	0	0	0	0	0	0
26.30	1934577	4	0	0	0	0	0	0	0	0	0
26.40	1916089	4	0	0	0	0	0	0	0	0	0
26.50	1897732	4	0	0	0	0	0	0	0	0	0
26.60	1879505	4	0	0	0	0	0	0	0	0	0
26.70	1861408	4	0	0	0	0	0	0	0	0	0
26.80	1843440	4	0	0	0	0	0	0	0	0	0
26.90	1825600	4	0	0	0	0	0	0	0	0	0
27.00	1807888	4	0	0	0	0	0	0	0	0	0
27.10	1790303	4	0	0	0	0	0	0	0	0	0
27.20	1772845	4	0	0	0	0	0	0	0	0	0
27.30	1755513	4	0	0	0	0	0	0	0	0	0
27.40	1738306	4	0	0	0	0	0	0	0	0	0
27.50	1721224	4	0	0	0	0	0	0	0	0	0
27.60	1704267	4	0	0	0	0	0	0	0	0	0
27.70	1687433	4	0	0	0	0	0	0	0	0	0
27.80	1670722	4	0	0	0	0	0	0	0	0	0
27.90	1654134	4	0	0	0	0	0	0	0	0	0
28.00	1637668	4	0	0	0	0	0	0	0	0	0
28.10	1621323	4	0	0	0	0	0	0	0	0	0
28.20	1605099	4	0	0	0	0	0	0	0	0	0
28.30	1588995	4	0	0	0	0	0	0	0	0	0
28.40	1573011	4	0	0	0	0	0	0	0	0	0
28.50	1557146	4	0	0	0	0	0	0	0	0	0
28.60	1541399	4	0	0	0	0	0	0	0	0	0
28.70	1525770	4	0	0	0	0	0	0	0	0	0
28.80	1510259	4	0	0	0	0	0	0	0	0	0
28.90	1494864	4	0	0	0	0	0	0	0	0	0
29.00	1479586	4	0	0	0	0	0	0	0	0	0
29.10	1464423	4	0	0	0	0	0	0	0	0	0
29.20	1449375	4	0	0	0	0	0	0	0	0	0
29.30	1434442	4	0	0	0	0	0	0	0	0	0
29.40	1419623	4	0	0	0	0	0	0	0	0	0
29.50	1404917	4	0	0	0	0	0	0	0	0	0
29.60	1390323	4	0	0	0	0	0	0	0	0	0
29.70	1375842	4	0	0	0	0	0	0	0	0	0
29.80	1361473	4	0	0	0	0	0	0	0	0	0
29.90	1347215	4	0	0	0	0	0	0	0	0	0
30.00	1333068	4	0	0	0	0	0	0	0	0	0
30.10	1319030	4	0	0	0	0	0	0	0	0	0
30.20	1305102	4	0	0	0	0	0	0	0	0	0
30.30	1291283	4	0	0	0	0	0	0	0	0	0
30.40	1277572	4	0	0	0	0	0	0	0	0	0
30.50	1263969	4	0	0	0	0	0	0	0	0	0
30.60	1250474	4	0	0	0	0	0	0	0	0	0
30.70	1237085	4	0	0	0	0	0	0	0	0	0
30.80	1223802	4	0	0	0	0	0	0	0	0	0
30.90	1210625	4	0	0	0	0	0	0	0	0	0
31.00	1197553	4	0	0	0	0	0	0	0	0	0
31.10	1184585	4	0	0	0	0	0	0	0	0	0
31.20	1171721	4	0	0	0	0	0	0	0	0	0
31.30	1158961	4	0	0	0	0	0	0	0	0	0
31.40	1146304	4	0	0	0	0	0	0	0	0	0
31.50	1133749	4	0	0	0	0	0	0	0	0	0
31.60	1121296	4	0	0	0	0	0	0	0	0	0
31.70	1108945	4	0	0	0	0	0	0	0	0	0
31.80	1096694	4	0	0	0	0	0	0	0	0	0
31.90	1084543	4	0	0	0	0	0	0	0	0	0
32.00	1072492	4	0	0	0	0	0	0	0	0	0
32.10	1060540	4	0	0	0	0	0	0	0	0	0
32.20	1048687	4	0	0	0	0	0	0	0	0	0
32.30	1036932	4	0	0	0	0	0	0	0	0	0
32.40	1025275	4	0	0	0	0	0	0	0	0	0
32.50	1013714	4	0	0	0	0	0	0	0	0	0
32.60	1002250	4	0	0	0	0	0	0	0	0	0
32.70	990883	4	0	0	0	0	0	0	0	0	0
32.80	979610	4	0	0	0	0	0	0	0	0	0
32.90	968433	4	0	0	0	0	0	0	0	0	0
33.00	957350	4	0	0	0	0	0	0	0	0	0
33.10	946361	4	0	0	0	0	0	0	0	0	0
33.20	935466	4	0	0	0	0	0	0	0	0	0
33.30	924663	4	0	0	0	0	0	0	0	0	0
33.40	913953	4	0	0	0	0	0	0	0	0	0
33.50	903335	4	0	0	0	0	0	0	0	0	0
33.60	892808	4	0	0	0	0	0	0	0	0	0
33.70	882372	4	0	0	0	0	0	0	0	0	0
33.80	872026	4	0	0	0	0	0	0	0	0	0
33.90	861771	4	0	0	0	0	0	0	0	0	0
34.00	851604	4	0	0	0	0	0	0	0	0	0
34.10	841527	4	0	0	0	0	0	0	0	0	0
34.20	831537	4	0	0	0	0	0	0	0	0	0
34.30	821636	4	0	0	0	0	0	0	0	0	0
34.40	811822	4	0	0	0	0	0	0	0	0	0
34.50	802095	4	0	0	0	0	0	0	0	0	0
34.60	792454	4	0	0	0	0	0	0	0	0	0
34.70	782899	4	0	0	0	0	0	0	0	0	0
34.80	773429	4	0	0	0	0	0	0	0	0	0
34.90	764044	4	0	0	0	0	0	0	0	0	0
35.00	754744	4	0	0	0	0	0	0	0	0	0
35.10	745527	4	0	0	0	0	0	0	0	0	0
35.20	736394	4	0	0	0	0	0	0	0	0	0
35.30	727344	4	0	0	0	0	0	0	0	0	0
35.40	718376	4	0	0	0	0	0	0	0	0	0
35.50	709490	4	0	0	0	0	0	0	0	0	0
35.60	700686	4	0	0	0	0	0	0	0	0	0
35.70	691962	4	0	0	0	0	0	0	0	0	0
35.80	683319	4	0	0	0	0	0	0	0	0	0
35.90	674756	4	0	0	0	0	0	0	0	0	0
36.00	666272	4	0	0	0	0	0	0	0	0	0
36.10	657868	4	0	0	0	0	0	0	0	0	0
36.20	649542	4	0	0	0	0	0	0	0	0	0
36.30	641294	4	0	0	0	0	0	0	0	0	0
36.40	633123	4	0	0	0	0	0	0	0	0	0
36.50	625030	4	0	0	0	0	0	0	0	0	0
36.60	617013	4	0	0	0	0	0	0	0	0	0
36.70	609073	4	0	0	0	0	0	0	0	0	0
36.80	601208	4	0	0	0	0	0	0	0	0	0
36.90	593419	4	0	0	0	0	0	0	0	0	0
37.00	585704	4	0	0	0	0	0	0	0	0	0
37.10	578064	4	0	0	0	0	0	0	0	0	0
37.20	570498	4	0	0	0	0	0	0	0	0	0
37.30	563005	4	0	0	0	0	0	0	0	0	0
37.40	555585	4	0	0	0	0	0	0	0	0	0
37.50	548237	4	0	0	0	0	0	0	0	0	0
37.60	540961	4	0	0	0	0	0	0	0	0	0
37.70	533757	4	0	0	0	0	0	0	0	0	0
37.80	526624	4	0	0	0	0	0	0	0	0	0
37.90	519562	4	0	0	0	0	0	0	0	0	0
38.00	512570	4	0	0	0	0	0	0	0	0	0
38.10	505647	4	0	0	0	0	0	0	0	0	0
38.20	498794	4	0	0	0	0	0	0	0	0	0
38.30	492010	4	0	0	0	0	0	0	0	0	0
38.40	485294	4	0	0	0	0	0	0	0	0	0
38.50	478646	4	0	0	0	0	0	0	0	0	0
38.60	472066	4	0	0	0	0	0	0	0	0	0
38.70	465552	4	0	0	0	0	0	0	0	0	0
38.80	459105	4	0	0	0	0	0	0	0	0	0
38.90	452725	4	0	0	0	0	0	0	0	0	0
39.00	446410	4	0	0	0	0	0	0	0	0	0
39.10	440160	4	0	0	0	0	0	0	0	0	0
39.20	433976	4	0	0	0	0	0	0	0	0	0
39.30	427855	4	0	0	0	0	0	0	0	0	0
39.40	421799	4	0	0	0	0	0	0	0	0	0
39.50	415806	4	0	0	0	0	0	0	0	0	0
39.60	409876	4	0	0	0	0	0	0	0	0	0
39.70	404009	4	0	0	0	0	0	0	0	0	0
39.80	398205	4	0	0	0	0	0	0	0	0	0
39.90	392462	4	0	0	0	0	0	0	0	0	0
40.00	386780	4	0	0	0	0	0	0	0	0	0
40.10	381159	4	0	0	0	0	0	0	0	0	0
40.20	375599	4	0	0	0	0	0	0	0	0	0
40.30	370100	4	0	0	0	0	0	0	0	0	0
40.40	364659	4	0	0	0	0	0	0	0	0	0
40.50	359278	4	0	0	0	0	0	0	0	0	0
40.60	353956	4	0	0	0	0	0	0	0	0	0
40.70	348693	4	0	0	0	0	0	0	0	0	0
40.80	343487	4	0	0	0	0	0	0	0	0	0
40.90	338339	4	0	0	0	0	0	0	0	0	0
41.00	333249	4	0	0	0	0	0	0	0	0	0
41.10	328215	4	0	0	0	0	0	0	0	0	0
41.20	323237	4	0	0	0	0	0	0	0	0	0
41.30	318315	4	0	0	0	0	0	0	0	0	0
41.40	313449	4	0	0	0	0	0	0	0	0	0
41.50	308638	4	0	0	0	0	0	0	0	0	0
41.60	303882	4	0	0	0	0	0	0	0	0	0
41.70	299181	4	0	0	0	0	0	0	0	0	0
41.80	294533	4	0	0	0	0	0	0	0	0	0
41.90	289938	4	0	0	0	0	0	0	0	0	0
42.00	285397	4	0	0	0	0	0	0	0	0	0
42.10	280909	4	0	0	0	0	0	0	0	0	0
42.20	276473	4	0	0	0	0	0	0	0	0	0
42.30	272089	4	0	0	0	0	0	0	0	0	0
42.40	267756	4	0	0	0	0	0	0	0	0	0
42.50	263475	4	0	0	0	0	0	0	0	0	0
42.60	259244	4	0	0	0	0	0	0	0	0	0
42.70	255064	4	0	0	0	0	0	0	0	0	0
42.80	250933	4	0	0	0	0	0	0	0	0	0
42.90	246853	4	0	0	0	0	0	0	0	0	0
43.00	242821	4	0	0	0	0	0	0	0	0	0
43.10	238839	4	0	0	0	0	0	0	0	0	0
43.20	234904	4	0	0	0	0	0	0	0	0	0
43.30	231018	4	0	0	0	0	0	0	0	0	0
43.40	227180	4	0	0	0	0	0	0	0	0	0
43.50	223389	4	0	0	0	0	0	0	0	0	0
43.60	219645	4	0	0	0	0	0	0	0	0	0
43.70	215947	4	0	0	0	0	0	0	0	0	0
43.80	212296	4	0	0	0	0	0	0	0	0	0
43.90	208690	4	0	0	0	0	0	0	0	0	0
44.00	205130	4	0	0	0	0	0	0	0	0	0
44.10	201614	4	0	0	0	0	0	0	0	0	0
44.20	198144	4	0	0	0	0	0	0	0	0	0
44.30	194718	4	0	0	0	0	0	0	0	0	0
44.40	191336	4	0	0	0	0	0	0	0	0	0
44.50	187997	4	0	0	0	0	0	0	0	0	0
44.60	184701	4	0	0	0	0	0	0	0	0	0
44.70	181449	4	0	0	0	0	0	0	0	0	0
44.80	178239	4	0	0	0	0	0	0	0	0	0
44.90	175071	4	0	0	0	0	0	0	0	0	0
45.00	171945	4	0	0	0	0	0	0	0	0	0
45.10	168860	4	0	0	0	0	0	0	0	0	0
45.20	165816	4	0	0	0	0	0	0	0	0	0
45.30	162813	4	0	0	0	0	0	0	0	0	0
45.40	159851	4	0	0	0	0	0	0	0	0	0
45.50	156928	4	0	0	0	0	0	0	0	0	0
45.60	154045	4	0	0	0	0	0	0	0	0	0
45.70	151201	4	0	0	0	0	0	0	0	0	0
45.80	148397	4	0	0	0	0	0	0	0	0	0
45.90	145631	4	0	0	0	0	0	0	0	0	0
46.00	142903	4	0	0	0	0	0	0	0	0	0
46.10	140213	4	0	0	0	0	0	0	0	0	0
46.20	137561	4	0	0	0	0	0	0	0	0	0
46.30	134945	4	0	0	0	0	0	0	0	0	0
46.40	132367	4	0	0	0	0	0	0	0	0	0
46.50	129826	4	0	0	0	0	0	0	0	0	0
46.60	127320	4	0	0	0	0	0	0	0	0	0
46.70	124851	4	0	0	0	0	0	0	0	0	0
46.80	122417	4	0	0	0	0	0	0	0	0	0
46.90	120018	4	0	0	0	0	0	0	0	0	0
47.00	117654	4	0	0	0	0	0	0	0	0	0
47.10	115325	4	0	0	0	0	0	0	0	0	0
47.20	113030	4	0	0	0	0	0	0	0	0	0
47.30	110769	4	0	0	0	0	0	0	0	0	0
47.40	108541	4	0	0	0	0	0	0	0	0	0
47.50	106347	4	0	0	0	0	0	0	0	0	0
47.60	104185	4	0	0	0	0	0	0	0	0	0
47.70	102056	4	0	0	0	0	0	0	0	0	0
47.80	99960	4	0	0	0	0	0	0	0	0	0
47.90	97896	4	0	0	0	0	0	0	0	0	0
48.00	95863	4	0	0	0	0	0	0	0	0	0
48.10	93861	4	0	0	0	0	0	0	0	0	0
48.20	91891	4	0	0	0	0	0	0	0	0	0
48.30	89951	4	0	0	0	0	0	0	0	0	0
48.40	88042	4	0	0	0	0	0	0	0	0	0
48.50	86162	4	0	0	0	0	0	0	0	0	0
48.60	84313	4	0	0	0	0	0	0	0	0	0
48.70	82493	4	0	0	0	0	0	0	0	0	0
48.80	80702	4	0	0	0	0	0	0	0	0	0
48.90	78940	4	0	0	0	0	0	0	0	0	0
49.00	77207	4	0	0	0	0	0	0	0	0	0
49.10	75502	4	0	0	0	0	0	0	0	0	0
49.20	73825	4	0	0	0	0	0	0	0	0	0
49.30	72175	4	0	0	0	0	0	0	0	0	0
49.40	70553	4	0	0	0	0	0	0	0	0	0
49.50	68958	4	0	0	0	0	0	0	0	0	0
49.60	67390	4	0	0	0	0	0	0	0	0	0
49.70	65848	4	0	0	0	0	0	0	0	0	0
49.80	64333	4	0	0	0	0	0	0	0	0	0
49.90	62843	4	0	0	0	0	0	0	0	0	0
50.00	61379	4	0	0	0	0	0	0	0	0	0
50.10	59941	4	0	0	0	0	0	0	0	0	0
50.20	58527	4	0	0	0	0	0	0	0	0	0
50.30	57138	4	0	0	0	0	0	0	0	0	0
50.40	55774	4	0	0	0	0	0	0	0	0	0
50.50	54434	4	0	0	0	0	0	0	0	0	0
50.60	53118	4	0	0	0	0	0	0	0	0	0
50.70	51825	4	0	0	0	0	0	0	0	0	0
50.80	50556	4	0	0	0	0	0	0	0	0	0
50.90	49310	4	0	0	0	0	0	0	0	0	0
51.00	48087	4	0	0	0	0	0	0	0	0	0
51.10	46886	4	0	0	0	0	0	0	0	0	0
51.20	45708	4	0	0	0	0	0	0	0	0	0
51.30	44552	4	0	0	0	0	0	0	0	0	0
51.40	43417	4	0	0	0	0	0	0	0	0	0
51.50	42304	4	0	0	0	0	0	0	0	0	0
51.60	41212	4	0	0	0	0	0	0	0	0	0
51.70	40141	4	0	0	0	0	0	0	0	0	0
51.80	39091	4	0	0	0	0	0	0	0	0	0
51.90	38061	4	0	0	0	0	0	0	0	0	0
52.00	37051	4	0	0	0	0	0	0	0	0	0
52.10	36062	4	0	0	0	0	0	0	0	0	0
52.20	35092	4	0	0	0	0	0	0	0	0	0
52.30	34141	4	0	0	0	0	0	0	0	0	0
52.40	33209	4	0	0	0	0	0	0	0	0	0
52.50	32297	4	0	0	0	0	0	0	0	0	0
52.60	31403	4	0	0	0	0	0	0	0	0	0
52.70	30527	4	0	0	0	0	0	0	0	0	0
52.80	29670	4	0	0	0	0	0	0	0	0	0
52.90	28831	4	0	0	0	0	0	0	0	0	0
53.00	28009	4	0	0	0	0	0	0	0	0	0
53.10	27204	4	0	0	0	0	0	0	0	0	0
53.20	26417	4	0	0	0	0	0	0	0	0	0
53.30	25647	4	0	0	0	0	0	0	0	0	0
53.40	24893	4	0	0	0	0	0	0	0	0	0
53.50	24156	4	0	0	0	0	0	0	0	0	0
53.60	23436	4	0	0	0	0	0	0	0	0	0
53.70	22731	4	0	0	0	0	0	0	0	0	0
53.80	22042	4	0	0	0	0	0	0	0	0	0
53.90	21368	4	0	0	0	0	0	0	0	0	0
54.00	20710	4	0	0	0	0	0	0	0	0	0
54.10	20067	4	0	0	0	0	0	0	0	0	0
54.20	19439	4	0	0	0	0	0	0	0	0	0
54.30	18826	4	0	0	0	0	0	0	0	0	0
54.40	18226	4	0	0	0	0	0	0	0	0	0
54.50	17641	4	0	0	0	0	0	0	0	0	0
54.60	17071	4	0	0	0	0	0	0	0	0	0
54.70	16513	4	0	0	0	0	0	0	0	0	0
54.80	15970	4	0	0	0	0	0	0	0	0	0
54.90	15439	4	0	0	0	0	0	0	0	0	0
55.00	14922	4	0	0	0	0	0	0	0	0	0
55.10	14418	4	0	0	0	0	0	0	0	0	0
55.20	13926	4	0	0	0	0	0	0	0	0	0
55.30	13447	4	0	0	0	0	0	0	0	0	0
55.40	12981	4	0	0	0	0	0	0	0	0	0
55.50	12526	4	0	0	0	0	0	0	0	0	0
55.60	12083	4	0	0	0	0	0	0	0	0	0
55.70	11652	4	0	0	0	0	0	0	0	0	0
55.80	11232	4	0	0	0	0	0	0	0	0	0
55.90	10824	4	0	0	0	0	0	0	0	0	0
56.00	10426	4	0	0	0	0	0	0	0	0	0
56.10	10040	4	0	0	0	0	0	0	0	0	0
56.20	9664	4	0	0	0	0	0	0	0	0	0
56.30	9299	4	0	0	0	0	0	0	0	0	0
56.40	8944	4	0	0	0	0	0	0	0	0	0
56.50	8599	4	0	0	0	0	0	0	0	0	0
56.60	8264	4	0	0	0	0	0	0	0	0	0
56.70	7938	4	0	0	0	0	0	0	0	0	0
56.80	7623	4	0	0	0	0	0	0	0	0	0
56.90	7316	4	0	0	0	0	0	0	0	0	0
57.00	7019	4	0	0	0	0	0	0	0	0	0
57.10	6731	4	0	0	0	0	0	0	0	0	0
57.20	6452	4	0	0	0	0	0	0	0	0	0
57.30	6181	4	0	0	0	0	0	0	0	0	0
57.40	5919	4	0	0	0	0	0	0	0	0	0
57.50	5665	4	0	0	0	0	0	0	0	0	0
57.60	5420	4	0	0	0	0	0	0	0	0	0
57.70	5182	4	0	0	0	0	0	0	0	0	0
57.80	4952	4	0	0	0	0	0	0	0	0	0
57.90	4729	4	0	0	0	0	0	0	0	0	0
58.00	4515	4	0	0	0	0	0	0	0	0	0
58.10	4307	4	0	0	0	0	0	0	0	0	0
58.20	4107	4	0	0	0	0	0	0	0	0	0
58.30	3913	4	0	0	0	0	0	0	0	0	0
58.40	3726	4	0	0	0	0	0	0	0	0	0
58.50	3546	4	0	0	0	0	0	0	0	0	0
58.60	3373	4	0	0	0	0	0	0	0	0	0
58.70	3206	4	0	0	0	0	0	0	0	0	0
58.80	3045	4	0	0	0	0	0	0	0	0	0
58.90	2890	4	0	0	0	0	0	0	0	0	0
59.00	2741	4	0	0	0	0	0	0	0	0	0
59.10	2598	4	0	0	0	0	0	0	0	0	0
59.20	2460	4	0	0	0	0	0	0	0	0	0
59.30	2328	4	0	0	0	0	0	0	0	0	0
59.40	2201	4	0	0	0	0	0	0	0	0	0
59.50	2079	4	0	0	0	0	0	0	0	0	0
59.60	1963	4	0	0	0	0	0	0	0	0	0
59.70	1851	4	0	0	0	0	0	0	0	0	0
59.80	1744	4	0	0	0	0	0	0	0	0	0
59.90	1642	4	0	0	0	0	0	0	0	0	0
60.00	1544	4	0	0	0	0	0	0	0	0	0
60.10	1450	4	0	0	0	0	0	0	0	0	0
60.20	1361	4	0	0	0	0	0	0	0	0	0
60.30	1276	4	0	0	0	0	0	0	0	0	0
60.40	1195	4	0	0	0	0	0	0	0	0	0
60.50	1118	4	0	0	0	0	0	0	0	0	0
60.60	1044	4	0	0	0	0	0	0	0	0	0
60.70	974	4	0	0	0	0	0	0	0	0	0
60.80	908	4	0	0	0	0	0	0	0	0	0
60.90	845	4	0	0	0	0	0	0	0	0	0
61.00	785	4	0	0	0	0	0	0	0	0	0
61.10	729	4	0	0	0	0	0	0	0	0	0
61.20	676	4	0	0	0	0	0	0	0	0	0
61.30	625	4	0	0	0	0	0	0	0	0	0
61.40	577	4	0	0	0	0	0	0	0	0	0
61.50	532	4	0	0	0	0	0	0	0	0	0
61.60	490	4	0	0	0	0	0	0	0	0	0
61.70	450	4	0	0	0	0	0	0	0	0	0
61.80	413	4	0	0	0	0	0	0	0	0	0
61.90	378	4	0	0	0	0	0	0	0	0	0
62.00	345	4	0	0	0	0	0	0	0	0	0
62.10	315	4	0	0	0	0	0	0	0	0	0
62.20	286	4	0	0	0	0	0	0	0	0	0
62.30	260	4	0	0	0	0	0	0	0	0	0
62.40	235	4	0	0	0	0	0	0	0	0	0
62.50	212	4	0	0	0	0	0	0	0	0	0
62.60	191	4	0	0	0	0	0	0	0	0	0
62.70	171	4	0	0	0	0	0	0	0	0	0
62.80	153	4	0	0	0	0	0	0	0	0	0
62.90	136	4	0	0	0	0	0	0	0	0	0
63.00	121	4	0	0	0	0	0	0	0	0	0
63.10	107	4	0	0	0	0	0	0	0	0	0
63.20	95	4	0	0	0	0	0	0	0	0	0
63.30	83	4	0	0	0	0	0	0	0	0	0
63.40	72	4	0	0	0	0	0	0	0	0	0
63.50	63	4	0	0	0	0	0	0	0	0	0
63.60	54	4	0	0	0	0	0	0	0	0	0
63.70	47	4	0	0	0	0	0	0	0	0	0
63.80	40	4	0	0	0	0	0	0	0	0	0
63.90	34	4	0	0	0	0	0	0	0	0	0
64.00	29	4	0	0	0	0	0	0	0	0	0
64.10	24	4	0	0	0	0	0	0	0	0	0
64.20	20	4	0	0	0	0	0	0	0	0	0
64.30	16	4	0	0	0	0	0	0	0	0	0
64.40	13	4	0	0	0	0	0	0	0	0	0
64.50	10	4	0	0	0	0	0	0	0	0	0
64.60	8	4	0	0	0	0	0	0	0	0	0
64.70	6	4	0	0	0	0	0	0	0	0	0
64.80	5	4	0	0	0	0	0	0	0	0	0
64.90	4	4	0	0	0	0	0	0	0	0	0
65.00	3	4	0	0	0	0	0	0	0	0	0
65.10	2	4	0	0	0	0	0	0	0	0	0
65.20	1	4	0	0	0	0	0	0	0	0	0
65.30	1	4	0	0	0	0	0	0	0	0	0
65.40	1	4	0	0	0	0	0	0	0	0	0
65.50	0	4	0	0	0	0	0	0	0	0	0
65.60	0	4	0	0	0	0	0	0	0	0	0
65.70	0	4	0	0	0	0	0	0	0	0	0
65.80	0	4	0	0	0	0	0	0	0	0	0
65.90	0	4	0	0	0	0	0	0	0	0	0
66.00	0	4	0	0	0	0	0	0	0	0	0
66.10	0	4	0	0	0	0	0	0	0	0	0
66.17	0	4	0	0	0	0	0	0	0	0	0